F:\AMNIS_data\pBGT-Bet-Hedging\plasmid\day-2_AMP_pBGT\data\rep-1\A12-noBF.daf
All

Object Number	Area_M01	Area_M02	Area_M04	Aspect Ratio_M01	Aspect Ratio_M02	Aspect Ratio_M04	Gradient RMS_M01_Ch01	Gradient RMS_M02_Ch02	Gradient RMS_M04_Ch04	Intensity_MC_Ch02
0	14.7777777777778	17.6666666666667	14.3333333333333	0.526132374059278	0.539182544471338	0.548676405585318	30.0205142097704	29.4818605000366	30.1853254907505	82845.8999999997
1	0	8.44444444444444	0	0	0.341711149256856	0	0	43.9170167163134	0	1964.60000000001
2	0	17	0	0	0.938478372868233	0	0	31.124345482847	0	4484.68965517242
3	0	17.4444444444444	0	0	0.956233943984972	0	0	31.6207814817812	0	2309.14204545455
4	0	4.88888888888889	0	0	0.487448697089876	0	0	40.2767726511649	0	1068.65384615385
5	0	12	0	0	0.904490135040139	0	0	35.7270644199598	0	3542.92307692308
6	0	6.88888888888889	0	0	0.879786214889518	0	0	42.7113965877804	0	1685.24999999999
7	0	9.33333333333333	0	0	0.262703712434731	0	0	42.016529823071	0	9331.82692307693
8	0	4.77777777777778	0	0	0.756630658987168	0	0	48.2420061284883	0	1977.5
9	0	8.33333333333333	4.33333333333333	0	0.56895728345323	0.559241950644996	0	34.3928679609941	34.2305275754661	11187.3076923077
10	0	8.11111111111111	0	0	0.996843690796442	0	0	36.8420465029012	0	1242.28571428572
11	0	3.66666666666667	0	0	0.931891116296094	0	0	54.9581021884038	0	657.038461538462
12	0	3.66666666666667	0	0	0.931891116296093	0	0	47.5937494152784	0	468.769736842106
13	0	5	0	0	0.85379847046038	0	0	54.940692708502	0	1087.7125
14	0	5.22222222222222	0	0	0.265591921325612	0	0	56.4909969093439	0	1949.42708333333
15	0	7	0	0	0.871344084911932	0	0	38.518503580553	0	962.875
16	0	4.11111111111111	0	0	0.874407449263836	0	0	57.6410932061838	0	2089.17142857142
17	0	6.88888888888889	0	0	0.925787826075002	0	0	44.5413470790551	0	1740.125
18	0	6.11111111111111	2.11111111111111	0	0.792610455024087	0.774739225797095	0	52.207900524654	46.0713998103575	7237.64285714288
19	0	11.6666666666667	0	0	0.812530260808011	0	0	32.5150565503805	0	3474.16666666667
20	0	28.5555555555556	0	0	0.956751689711119	0	0	29.2082329460187	0	9165.900862069
21	0	15.8888888888889	0	0	0.964740322553374	0	0	32.2471111829485	0	4393.25
22	0	5	2.22222222222222	0	1	0.790569415042095	0	52.2127826554065	53.8148895782695	5374.49999999999
23	0	6.44444444444444	0	0	0.976322926536529	0	0	46.7955983910968	0	2064.92857142857
24	0	0.444444444444444	0	0	0	0	0	0	0	193.04326923077
25	0	6.22222222222222	0	0	0.931315318136832	0	0	46.2975397014348	0	1603.79761904762
26	0	4.33333333333333	0	0	0.847923155643865	0	0	49.9794708490916	0	1303.1447368421
27	0	6.44444444444444	0	0	0.862435582145261	0	0	39.0144273423818	0	907.047619047618
28	0	5.33333333333333	0	0	0.882564485352024	0	0	50.6119969885108	0	703.9375
29	0	7.22222222222222	0	0	0.942994038991603	0	0	49.8106203568874	0	3282.99038461539
30	0	4.22222222222222	0	0	0.842147828678475	0	0	50.9715222477022	0	752.722222222222
31	0	6.55555555555555	0	0	0.997282029219921	0	0	45.5930807674583	0	1220.125
32	0	5.55555555555555	0	0	0.94827407415847	0	0	49.8671255078341	0	1041.96022727273
33	0	17.3333333333333	0	0	0.75999240998537	0	0	32.4969941243466	0	3015.51923076922
34	0	19.3333333333333	0	0	0.981814143832035	0	0	30.5505427775255	0	9502.96428571431
35	0	6.88888888888889	0	0	0.961963396781122	0	0	44.4703661721011	0	1050.31578947368
36	0	4	0	0	0.824454955027256	0	0	58.6344963904854	0	1217.15789473684
37	0	3.33333333333333	0	0	0.733371667578629	0	0	40.8195441633705	0	398.531250000001
38	0	5	0	0	0.828726351980937	0	0	53.7391225451193	0	1514.31547619048
39	0	11	0	0	0.914712191398039	0	0	35.0319271090145	0	7867.47368421052
40	0	7.33333333333333	0	0	0.788916302105908	0	0	37.6004166202536	0	2838.8511904762
41	6.22222222222222	11.2222222222222	5.55555555555555	0.777183188932631	0.844095705246298	0.747357456555463	39.9649889955789	40.9783313251923	42.5089680246282	15958.2589285715
42	0	6.66666666666667	4.44444444444444	0	0.859895577860602	0.858929503911393	0	45.4034379909703	42.1980796947428	8974.03240740739
43	0	3.77777777777778	0	0	0.861206081985769	0	0	51.9423258711069	0	871.625000000001
44	5.22222222222222	10.6666666666667	5.77777777777778	0.915403816574121	0.829085868236329	0.819150451793853	41.4832918423145	42.2599868804681	41.8971441355389	24520.0441176471
45	0	6.11111111111111	0	0	0.965318132930641	0	0	51.6184014463462	0	2264.25
46	0	5.22222222222222	0	0	0.865343263995003	0	0	49.8055965665038	0	742.137499999999
47	0	5	0	0	1	0	0	46.7388444785608	0	3625.87500000001
48	0	3.66666666666667	0	0	0.931891116296093	0	0	60.3332955195032	0	2066.64673913044
49	0	3.88888888888889	0	0	0.936776932043142	0	0	53.2424097925128	0	1025.75
50	0	4	0	0	0.843884812673466	0	0	49.459964332853	0	672.884615384616
51	0	26.8888888888889	0	0	0.476942149630017	0	0	20.7543852048257	0	2495.4375
52	0	11	0	0	0.481441000541672	0	0	43.7361180786315	0	8718.94444444443
53	0	7.77777777777778	0	0	0.960027619729192	0	0	45.7003627671836	0	3384.7
54	0	6.66666666666667	0	0	0.898310650786495	0	0	38.6688144557106	0	1600.17857142857
55	0	20.2222222222222	0	0	0.981851752136025	0	0	31.2127484428373	0	3662.22767857144
56	0	5.44444444444444	0	0	0.889612689883083	0	0	44.0858589744858	0	635.2625
57	0	4	0	0	0.839146382059225	0	0	58.5350944777672	0	1658.75
58	0	4.55555555555556	0	0	0.990857368870992	0	0	55.2102414605726	0	1222.30769230769
59	0	14.3333333333333	0	0	0.951382282557518	0	0	33.3665739629564	0	11325.1428571428
60	4.88888888888889	7.66666666666667	4.11111111111111	0.957550734473589	1	0.880011113829367	41.0714682183522	42.4267599877037	44.3379197228349	10793.875
61	0	5.88888888888889	0	0	0.959935309223517	0	0	52.8546779274326	0	1777.421875
62	0	8.66666666666667	0	0	0.915965607476827	0	0	40.2974734472639	0	2078.185
63	0	4.44444444444444	0	0	0.95597122744625	0	0	56.7291774034218	0	1047.5
64	0	7.44444444444444	0	0	0.949164967896753	0	0	43.8736364266173	0	2153.21428571429
65	0	8.66666666666667	0	0	0.764422678683673	0	0	44.3534611738467	0	6114.61363636361
66	0	4.44444444444444	0	0	0.955971227446248	0	0	56.0313181330525	0	1289.40384615385
67	0	4	0	0	0.839146382059225	0	0	57.7257134859495	0	1143.10714285714
68	5.66666666666667	15.7777777777778	5.77777777777778	0.645281889189005	0.78929270056856	0.666136795076791	36.1192347063097	34.8302770747287	30.7230130824689	20824.8170731706
69	0	3.77777777777778	0	0	0.872871560943969	0	0	49.1220332653957	0	620.619047619047
70	0	5	0	0	1	0	0	51.4821523958066	0	1528.15384615384
71	8.33333333333333	23.4444444444444	5.66666666666667	0.479135640867072	0.369998876305104	0.800390529679107	37.8100812209735	38.340950754652	41.1666839362459	27991.0588235293
72	0	13.6666666666667	0	0	0.973636110496164	0	0	31.792597596432	0	2633.40384615385
73	0	9.77777777777778	4.88888888888889	0	0.660130796001104	0.648945953288847	0	45.2391181026181	42.8390796435243	9047.54464285716
74	0	8.44444444444444	0	0	0.831137639500781	0	0	32.1292714751496	0	1419.1551724138
75	0	18.1111111111111	0	0	0.619817585919729	0	0	33.7427383387802	0	4685.96802325583
76	0	7.55555555555555	0	0	0.98714334277404	0	0	35.0245845039174	0	3697.89999999999
77	0	14	0	0	0.568846485226104	0	0	32.0969290018072	0	1951.13461538462
78	0	24.6666666666667	0	0	0.93599490616215	0	0	28.9189765145456	0	7805.84482758624
79	0	24.4444444444444	0	0	0.709783918623415	0	0	30.1262805805354	0	26313.0104166669
80	0	3.22222222222222	0	0	0.26524696238926	0	0	39.9273193164589	0	957.000000000001
81	2.88888888888889	5.33333333333333	2.66666666666667	0.771250660319124	0.770449897122053	0.912870929175277	52.9791302007353	55.20942102713	55.6924459183215	7516.63095238095
82	0	7.22222222222222	0	0	0.946058459261573	0	0	32.6401153304646	0	1826
83	0	4.11111111111111	0	0	0.838339592399574	0	0	48.6780247006149	0	516.625
84	0	9.77777777777778	0	0	0.880209769196125	0	0	38.7530758300583	0	2440.31500000001
85	0	17	0	0	0.963577987244296	0	0	31.5404594955999	0	3436.61160714284
86	9.66666666666667	16.8888888888889	9.77777777777778	0.897526279706083	0.901671586809225	0.851587882872542	40.1523209573779	39.9099473442033	41.609412986906	66522.2142857144
87	0	4.11111111111111	0	0	0.838339592399573	0	0	58.7387070291851	0	2529.5
88	0	8.44444444444444	0	0	0.890593035130985	0	0	42.0073138093317	0	1980.16666666666
89	0	9.88888888888889	0	0	0.794839900481526	0	0	31.9120039769758	0	3192.19999999999
90	0	14	0	0	0.898497952911417	0	0	32.5393254832271	0	6269.73571428565
91	0	7.44444444444444	0	0	0.982065070727993	0	0	40.9871165472728	0	1171.48958333333
92	13	23.6666666666667	14.5555555555556	0.902191888764038	0.958663879678478	0.922751379216016	35.8161307014716	36.4096147213601	38.3999901793238	100554.189189189
93	4.88888888888889	11.4444444444444	4.22222222222222	0.752663578934299	0.695393300494301	0.61280023757016	36.7171287884616	40.5430685251986	41.4632624103771	12847.20703125
94	0	8.77777777777778	0	0	0.922346011882329	0	0	41.0664441549729	0	3854.78
95	0	13.5555555555556	0	0	0.850953266014682	0	0	33.8395470300154	0	6846.375
96	0	4.66666666666667	0	0	0.564744705977473	0	0	43.9429752179972	0	1449.40384615385
97	0	5.22222222222222	0	0	0.848273115345178	0	0	49.5828000015451	0	1383.28125
98	1.11111111111111	3.22222222222222	1.33333333333333	0.353553390593274	0.446202710402163	0.29277002188456	54.6165346744684	57.6295717128061	61.541561930458	4134.54807692308
99	5.77777777777778	6.22222222222222	6.66666666666667	0.875983412386052	0.996493853468249	0.912629956771832	43.4104910858147	45.9463836277205	39.900351164939	15954.0833333333
100	8	12.3333333333333	7.44444444444444	0.312639019063794	0.365525160168434	0.323388729726092	42.6485415880151	44.7726605172208	49.3203337676066	68909.7391304348
101	0	16.2222222222222	0	0	0.904313022450282	0	0	31.9280200084647	0	10181.6547619047
102	3.22222222222222	5	3.55555555555556	0.652725459295959	0.491369143166652	0.451334534290542	45.197013814361	46.8185630179712	40.4987366397154	11212.8103448276
103	0	6.22222222222222	0	0	0.994843849915325	0	0	45.7709674032467	0	3359.62500000001
104	0	6.88888888888889	0	0	0.888078724312308	0	0	42.8925452889798	0	1171.0119047619
105	0	4.22222222222222	0	0	0.859439563690411	0	0	54.6649326863824	0	1013.68421052632
106	0	3.44444444444444	0	0	0.966359431705101	0	0	59.662842129514	0	2142.79807692308
107	0	9.88888888888889	0	0	0.9179492741004	0	0	34.375818046946	0	1666.125
108	0	21.1111111111111	9.44444444444444	0	0.735620770128991	0.639450744405973	0	29.0132317457583	29.7008356811694	20389.2788461538
109	0	4.11111111111111	0	0	0.822591805825541	0	0	47.7876812919014	0	479.102272727273
110	0	9.77777777777778	0	0	0.906417620736518	0	0	35.6249689090169	0	1504.52380952381
111	0	4.11111111111111	0	0	0.838339592399573	0	0	55.9536820840282	0	1108.01704545454
112	0	7.33333333333333	0	0	0.644296927302699	0	0	44.4898597466948	0	2103.24479166667
113	6.66666666666667	9.88888888888889	7.55555555555555	0.885602354655996	0.849527070128648	0.925067559445348	41.6916117205528	42.0794158446469	40.2849021579077	28459.4797297298
114	0	3.33333333333333	0	0	0.892538219111002	0	0	47.6597582089681	0	582.426470588237
115	8.33333333333333	17	8.88888888888889	0.656926059852376	0.770826169049441	0.886353284636418	30.5742004308008	30.0893756646268	26.8281807751492	27938.0069444446
116	0	6.11111111111111	0	0	0.344878790442388	0	0	43.7572830969853	0	1321.59615384615
117	27.8888888888889	36.6666666666667	26	0.602063152665659	0.632479354110113	0.59626497380013	27.5559012938426	27.8484911549998	30.0167207015597	225441.221590907
118	0	4.11111111111111	0	0	0.874407449263834	0	0	56.9077046897804	0	960.887499999999
119	10.6666666666667	14.1111111111111	10.3333333333333	0.686088653036214	0.673802061887572	0.637802661555117	40.0449836895872	40.5953595416707	38.8699374324945	48680.9459459462
120	0	12.3333333333333	0	0	0.926683920709228	0	0	33.6568402091673	0	2711.84615384616
121	0	38	0	0	0.964882093181578	0	0	31.1227206001093	0	11842.7222222223
122	12.4444444444444	16.2222222222222	11.6666666666667	0.485258663970633	0.4962168528305	0.444472356401024	32.2231185760353	32.1364832679993	33.3356747668603	54402.9166666664
123	0	11.4444444444444	0	0	0.954771632838794	0	0	33.233446403656	0	1752.64
124	0	12.5555555555556	0	0	0.568558848393782	0	0	35.1877042987667	0	5289.87931034485
125	0	14.1111111111111	0	0	0.398778114295561	0	0	24.507757614915	0	4637.27205882354
126	0	22.7777777777778	0	0	0.857079467795068	0	0	27.8635068600629	0	10569.0476190477
127	0	10.5555555555556	0	0	0.592515114187728	0	0	40.4861863035165	0	3049.078125
128	0	13	0	0	0.980094139875731	0	0	32.510421626293	0	2549.50961538461
129	0	4.22222222222222	0	0	0.859439563690411	0	0	57.2491333301862	0	4178.79054054052
130	0	3.66666666666667	0	0	0.796972584437602	0	0	57.6581576379282	0	626.604166666667
131	0	4.77777777777778	0	0	0.97469902562913	0	0	41.412847213159	0	557.947916666667
132	0	3.77777777777778	0	0	0.996017507076976	0	0	43.6094099617344	0	842.950000000001
133	0	4.66666666666667	0	0	0.964793040725632	0	0	53.9736563828733	0	812.250000000001
134	0	16.4444444444444	0	0	0.959978087516583	0	0	30.4786291794168	0	3106.38690476191
135	0	3.55555555555556	0	0	0.42843042793311	0	0	47.4916616354407	0	410.865384615385
136	0	3.88888888888889	0	0	0.936776932043144	0	0	51.7470353264379	0	666.119047619047
137	0	4.66666666666667	0	0	0.953664014640253	0	0	47.4549057537344	0	791.75
138	0	4	0	0	0.90199583769997	0	0	58.579868811595	0	1729.22023809524
139	0	4.33333333333333	0	0	0.527019231878278	0	0	52.3811043891722	0	2659.92307692308
140	6.33333333333333	12.3333333333333	6.44444444444444	0.675399724409849	0.883408986862067	0.923817625925693	37.1812827879913	37.4722542564484	39.0439800793465	21514.4870689656
141	0	20.4444444444444	0	0	0.489579802793118	0	0	34.8815441195482	0	14794.1388888889
142	0	4.77777777777778	0	0	0.917465778507082	0	0	52.7035145580055	0	2131.91666666667
143	0	9.88888888888889	0	0	0.974815910412743	0	0	35.0157677601237	0	1515.98809523809
144	0	3.55555555555556	0	0	1	0	0	56.7075071298776	0	871.249999999999
145	0	8.11111111111111	0	0	0.925813687010908	0	0	38.7627583184353	0	1373.21323529411
146	0	0.888888888888889	0	0	0.447213595499958	0	0	65.5881247660608	0	118.692307692308
147	0	12.8888888888889	0	0	0.973997512382295	0	0	33.209145711593	0	5207.14285714285
148	0	4.88888888888889	0	0	0.891808072079918	0	0	55.0900209697614	0	1240.7619047619
149	0	5.44444444444444	0	0	0.881489486058152	0	0	50.696955807014	0	1726.8125
150	0	8.33333333333333	0	0	0.920143341831291	0	0	40.9891957480506	0	4834.66666666666
151	0	6.11111111111111	0	0	0.874892151257881	0	0	47.477877166132	0	713.888888888889
152	0	6.33333333333333	0	0	0.857106560788015	0	0	43.4982115291632	0	676.729166666666
153	0	7.66666666666667	0	0	0.584560976807786	0	0	37.149480644262	0	4253.42307692308
154	0	7.44444444444444	2.44444444444444	0	0.965498260810867	0.791888375035124	0	44.7526987023134	50.0427826871582	5958.02380952382
155	0	4.33333333333333	0	0	0.963031294555241	0	0	56.3356240334182	0	851.355263157894
156	7.88888888888889	13.4444444444444	7.33333333333333	0.781144416228001	0.872070582638637	0.787405834864666	35.5805159400888	34.640023695467	36.6802824872207	20754.7068965516
157	0	17.4444444444444	0	0	0.926946765394626	0	0	31.4876176707589	0	6701.75
158	0	5.33333333333333	0	0	0.888956636984631	0	0	49.1662715542439	0	3004.33333333333
159	0	4.11111111111111	0	0	0.860450956796303	0	0	56.2610389739923	0	1351.92307692308
160	0	4.55555555555556	0	0	0.990857368870992	0	0	51.2892681912498	0	910.267857142857
161	0	4.44444444444444	0	0	0.888370890555102	0	0	52.2561120402953	0	721.993421052631
162	0	4.55555555555556	0	0	0.997083479024083	0	0	51.8346121824716	0	689.075000000001
163	5.33333333333333	12.2222222222222	4	0.951971638232988	0.935612081226948	1	37.2349671314722	36.7884500585112	28.8369123100268	18274.6209677419
164	0	7.66666666666667	0	0	0.973424280915069	0	0	42.8481137737096	0	1757.35714285714
165	0	4	0	0	0.862708059684357	0	0	56.1031365317999	0	761.349999999999
166	0	7.66666666666667	0	0	0.753542019030024	0	0	32.6560935778315	0	2124.35483870968
167	6.66666666666667	14.2222222222222	7.22222222222222	0.877484385459883	0.910372961089296	0.931040489724886	34.8491151113354	34.349291752514	30.6223543426998	18849.1136363636
168	0	4.88888888888889	0	0	0.971580146824664	0	0	49.8798791187035	0	1046.95833333333
169	0	11.7777777777778	0	0	0.985522441937142	0	0	34.2013605163872	0	1956.71428571429
170	0	4.88888888888889	0	0	0.971580146824664	0	0	53.3544956911214	0	3443.28571428571
171	0	22	0	0	0.894292553987272	0	0	27.5047531797251	0	16766.0625
172	0	5.22222222222222	0	0	0.895650845931399	0	0	44.9417069591011	0	678.458333333333
173	0	4.22222222222222	0	0	0.946093385224723	0	0	52.3926668680144	0	1142.61904761905
174	0	6.55555555555555	0	0	0.879453912686501	0	0	42.0329155444198	0	1551.45238095238
175	0	24.6666666666667	0	0	0.534250520858952	0	0	27.7308811801796	0	11999.6428571428
176	11.1111111111111	19.8888888888889	9.66666666666667	0.744400819383495	0.809682100521972	0.802255230151667	28.8589824659033	28.4590029181023	28.9105035549124	35850.6374999999
177	0	7	0	0	0.991880785811206	0	0	44.363734532246	0	4085.40000000001
178	7.44444444444444	11.8888888888889	7.22222222222222	0.796498512464455	0.86044597383357	0.821479886753452	39.9327802982938	40.2787241225592	42.9900134525483	31020.203125
179	0	10.7777777777778	0	0	0.963038189008033	0	0	35.9700105950954	0	2629.72
180	0	9	0	0	0.863445480635175	0	0	36.1206603882398	0	1394.77777777778
181	0	4.88888888888889	0	0	0.827326977825576	0	0	46.9540263107591	0	659.450000000001
182	0	9	0	0	0.892554949340637	0	0	39.705345273778	0	2105.15178571429
183	0	9.11111111111111	0	0	0.849644333676102	0	0	35.0591652508551	0	1731.51875
184	0	4.66666666666667	0	0	0.887573328084496	0	0	53.0873399304239	0	1149.875
185	0	7.66666666666667	0	0	0.753542019030024	0	0	43.1158893232932	0	3379.19285714284
186	8.33333333333333	13.8888888888889	8.22222222222222	0.62997424741394	0.674669665041547	0.656867935507274	38.0124165087642	38.0377715012972	40.4814609728578	29931.625
187	0	6.77777777777778	0	0	0.911296270715127	0	0	39.5758326447591	0	760.232142857142
188	0	7.55555555555555	0	0	0.371296638962275	0	0	47.3817174763839	0	1398.8125
189	0	5.66666666666667	0	0	0.738990425959571	0	0	56.4860527747171	0	1781.17857142857
190	0	3.44444444444444	0	0	0.684011458119501	0	0	57.7675436301639	0	736.197368421052
191	0	6.44444444444444	0	0	0.934495527289066	0	0	45.3988904054422	0	3272.14285714287
192	0	9.11111111111111	0	0	0.987889549247894	0	0	40.4041958926602	0	2243.51190476191
193	12.3333333333333	20.5555555555556	11.1111111111111	0.652479495037435	0.765200013507983	0.622479371664459	36.2337342554337	35.7376721840738	38.4218222864254	95332.3571428567
194	0	3.77777777777778	0	0	0.861206081985769	0	0	59.0164184173445	0	1902.5
195	10.1111111111111	25.5555555555556	9.33333333333333	0.856678861558853	0.956150109578137	0.939801372183391	43.2665961954476	39.6187178282175	44.6211898685311	135981.595744681
196	0	5.55555555555555	0	0	0.427245054010614	0	0	40.5752224655764	0	1316.86538461538
197	0	5.33333333333333	0	0	0.257646812709093	0	0	53.0758175216286	0	891.08653846154
198	0	4.88888888888889	0	0	0.957550734473589	0	0	45.1346885498769	0	737.547619047619
199	0	17.3333333333333	0	0	0.601050837250155	0	0	39.519532031651	0	14100.0227272728
200	0	3.11111111111111	0	0	0.828078671210825	0	0	56.0946877097779	0	2675.6923076923
201	0	8.11111111111111	0	0	0.636177477240753	0	0	42.5691927815868	0	1316.64285714286
202	0	4	0	0	0.867091988614617	0	0	49.524708303546	0	763.423076923077
203	15.7777777777778	22.6666666666667	15.2222222222222	0.739717459292083	0.808458280027267	0.815305094445415	32.8657807923701	32.823858977195	34.822374853311	64231.86328125
204	5.66666666666667	8	7.11111111111111	0.647409070165407	0.718269983613701	0.689313305289689	39.9839997224451	39.1114116240857	34.9796593877118	19877.8392857143
205	2.66666666666667	7.44444444444444	2.44444444444444	0.912870929175277	0.954510195192641	0.933729639952455	46.1376534080707	48.7886635418663	49.5426065884427	7089.30769230772
206	0	14.7777777777778	0	0	0.698244216321973	0	0	35.6018813681598	0	9214.625
207	0	6.33333333333333	0	0	0.916833016515034	0	0	48.7167444399	0	1580.14583333333
208	0	4.11111111111111	0	0	0.838339592399573	0	0	54.8003550347254	0	2252.48076923077
209	0	6.22222222222222	0	0	0.962544745091445	0	0	43.6725974584606	0	1364.66666666667
210	0	5.22222222222222	0	0	0.915909902726272	0	0	48.6754116739928	0	1133.96739130435
211	0	8.33333333333333	0	0	0.888858708569624	0	0	43.2675911914446	0	8038.10344827584
212	0	4.66666666666667	0	0	0.949089024567232	0	0	58.5872087381374	0	2123.55357142857
213	0	4.11111111111111	0	0	0.371257766848826	0	0	26.1960294060052	0	967.25
214	0	6.33333333333333	0	0	0.965782175062042	0	0	41.9009486040688	0	1020.66666666667
215	0	8.33333333333333	0	0	0.86819387805325	0	0	42.1521436068173	0	2527.01315789474
216	0	4.22222222222222	0	0	0.859439563690411	0	0	53.4798786598864	0	1044.25
217	0	0.333333333333333	0	0	0	0	0	0	0	153.555555555556
218	0	7.33333333333333	0	0	0.974080911074778	0	0	43.6993076443025	0	2342.88
219	0	7.55555555555555	0	0	0.925067559445349	0	0	40.2188021997603	0	2336.89285714286
220	0	4	0	0	0.862708059684357	0	0	57.3686300558126	0	863.743750000001
221	0	8.33333333333333	0	0	0.467188430254993	0	0	52.1215643220288	0	1417.7972972973
222	0	11.5555555555556	0	0	0.576113189429215	0	0	41.4986477852681	0	4797.0955882353
223	0	6.22222222222222	0	0	0.994843849915325	0	0	39.3021636907782	0	1609.25
224	0	14.5555555555556	0	0	0.365133063965075	0	0	20.0351001497803	0	3785.52631578948
225	0	10.5555555555556	0	0	0.932695077914857	0	0	37.7051355015669	0	4840.82142857142
226	8	15.1111111111111	9.55555555555555	0.781591529108701	0.892351556604705	0.884229477384817	32.8634886204094	33.6545272208573	34.8198866407791	31682.03125
227	0	3.22222222222222	0	0	0.817516697133491	0	0	60.240771003251	0	1846
228	0	8.66666666666667	0	0	0.987967573781777	0	0	36.5506657163183	0	1304.96428571428
229	0	5.33333333333333	0	0	0.876829589033769	0	0	48.8886783451514	0	881.102272727272
230	0	5	0	0	0.74683420467836	0	0	48.1923409656898	0	930.749999999999
231	0	17.2222222222222	0	0	0.99554143208059	0	0	32.0072611700423	0	2591.59868421052
232	0	16.5555555555556	0	0	0.92308126490838	0	0	31.8448797381294	0	2397.8611111111
233	8.33333333333333	17.3333333333333	9	0.488104048424652	0.609769155141265	0.548138642797736	37.481101904792	38.2185483217132	36.3956474484528	32073.1280487804
234	0	3.55555555555556	0	0	1	0	0	59.4318926498734	0	1086.14285714286
235	0	7.22222222222222	0	0	0.771246115854125	0	0	46.7176412589235	0	4706.1
236	0	6.55555555555555	2.11111111111111	0	0.909256088797321	0.774739225797095	0	51.2201533341975	52.9966381490833	3972.925
237	0	8.55555555555555	0	0	0.95874811765224	0	0	37.4654222314702	0	1144.775
238	0	5.33333333333333	0	0	0.847318473728959	0	0	56.2701773195298	0	3186.11999999999
239	18.6666666666667	27.7777777777778	18.6666666666667	0.88610895328954	0.947987084701284	0.932582513352074	29.6976431096288	29.329728492252	29.8246818503492	102601.162162162
240	0	5.11111111111111	0	0	0.866584708185687	0	0	50.5597969722191	0	1075.40277777778
241	9	13.7777777777778	8.88888888888889	0.514250501706604	0.643581236718817	0.595015779525266	38.5886863291419	39.6328934084439	34.8276774244092	32924.455882353
242	0	6.66666666666667	2.55555555555556	0	0.898310650786495	0.652783506460549	0	51.3262117468638	49.2685753452701	5063.43999999998
243	0	3.55555555555556	0	0	0.965614149388614	0	0	58.7954485428147	0	1152.71710526316
244	0	9	0	0	0.973907039259753	0	0	29.6863975574863	0	2028.90625
245	0	2.44444444444444	0	0	0.368971167364902	0	0	51.4350152581081	0	790.5
246	0	12.6666666666667	0	0	0.982562617347451	0	0	34.7471382400008	0	3832.58333333333
247	0	4.11111111111111	0	0	0.860450956796303	0	0	56.5028691656474	0	1725.39423076923
248	0	2.11111111111111	0	0	0.422644518661611	0	0	57.9025854681059	0	543.855769230769
249	0	4.55555555555556	0	0	0.990857368870992	0	0	28.9331628452512	0	1251.42857142857
250	4.77777777777778	8.44444444444444	7.33333333333333	0.547125098004207	0.544904324716762	0.503453786406574	33.1643438640557	34.8273835387712	30.5267572753021	14987.25
251	0	4.33333333333333	0	0	0.564369817575635	0	0	49.8856708730362	0	1727.375
252	0	3	0	0	0.292068982225766	0	0	28.8371704538918	0	319.583333333333
253	0	8.88888888888889	0	0	0.988677705332457	0	0	40.7993983147347	0	7721.83333333333
254	0	3.55555555555556	0	0	0.882719076741684	0	0	59.4403109921638	0	1603.94444444444
255	0	4.22222222222222	0	0	0.848379822061474	0	0	48.3572010021295	0	585.237500000001
256	0	5.11111111111111	0	0	0.864193149917573	0	0	44.3893448584703	0	713.714285714286
257	0	6.55555555555555	0	0	0.966668261863735	0	0	42.8071210951111	0	1666.5625
258	0	9.66666666666667	0	0	0.977928577871782	0	0	37.3371110600889	0	3790.04166666666
259	0	4.22222222222222	0	0	0.859439563690411	0	0	54.5940322453563	0	907.096153846154
260	11.5555555555556	18.1111111111111	12.1111111111111	0.429017532772866	0.485633925898511	0.414496953285117	36.2712214000246	37.7564005654107	38.1955862503885	47895.3928571429
261	0	7.33333333333333	0	0	0.48450764305568	0	0	43.516442506084	0	2381.45394736843
262	0	5.66666666666667	0	0	0.436943626291443	0	0	41.5502605608495	0	1470.21153846154
263	0	3.55555555555556	0	0	1	0	0	59.8865285447215	0	1308.61538461538
264	8	13.5555555555556	8.66666666666667	0.730543231185269	0.777913757059747	0.664690284904753	38.6961304509763	38.4744222815973	39.0627184422386	39662.8965517244
265	0	7.44444444444444	0	0	0.652567773590071	0	0	35.8297614473845	0	3759.19230769231
266	0	21.3333333333333	0	0	0.989963634463434	0	0	30.5230844676488	0	7158.86206896551
267	0	12.2222222222222	0	0	0.628164131550783	0	0	38.4256253910046	0	10045.5
268	0	7.55555555555555	0	0	0.972638824463411	0	0	39.8576823902676	0	912.642857142858
269	9.11111111111111	19.1111111111111	9.77777777777778	0.57607374279623	0.609875673570798	0.592014170401856	31.5130105074268	31.7982277547517	30.5520589741823	27438.2424242425
270	5.55555555555555	10	4.66666666666667	0.717443681906698	0.804380874873433	0.684372275130262	46.7772337961813	48.506764666484	48.8608299406017	19888.7887931035
271	10.5555555555556	17.1111111111111	8.88888888888889	0.653294230323767	0.74749091949484	0.592277387128919	34.9871245053326	35.4290403300008	36.3691344955473	42192.7571428573
272	0	6.88888888888889	0	0	0.823397693965572	0	0	42.839370324465	0	1250.175
273	0	3.77777777777778	0	0	0.7051667888756	0	0	52.395695707286	0	627.057692307692
274	0	4.88888888888889	0	0	0.957550734473588	0	0	42.1579273417051	0	722.21052631579
275	0	39.1111111111111	0	0	0.959298202012535	0	0	29.4412281328564	0	7141.17857142853
276	0	8.66666666666667	0	0	0.951575923262494	0	0	39.6379373524605	0	1775.85714285714
277	0	7.22222222222222	0	0	0.695939035238531	0	0	48.0133498085641	0	1211.15625
278	0	6.33333333333333	0	0	0.754080266309624	0	0	40.7177800105644	0	959.535714285713
279	0	4.77777777777778	0	0	0.880356856773722	0	0	54.3660361515031	0	1012.67857142857
280	0	6.66666666666667	0	0	0.885135717019779	0	0	44.5024419043958	0	1409.73214285715
281	0	21.4444444444444	0	0	0.934225386940276	0	0	29.2197467545468	0	15226.125
282	0	1.55555555555556	0	0	0.25	0	0	34.6590874624273	0	441.615384615384
283	0	8	0	0	0.847453399987391	0	0	38.8887601430991	0	1162.64285714287
284	0	5.77777777777778	0	0	0.875983412386052	0	0	50.0099688143075	0	4269.57
285	0	3.66666666666667	0	0	0.931891116296093	0	0	57.7385576480392	0	835.625
286	2	2.77777777777778	0.666666666666667	0.40983024615248	0.327149854083762	0.612372435695794	56.6336187487739	60.7609902155516	57.4283064404901	4959.60576923077
287	0	23.6666666666667	0	0	0.79593791341503	0	0	28.9848349521926	0	5232.11904761907
288	4.66666666666667	6.22222222222222	4.22222222222222	0.579397596289164	0.558634926733425	0.621184623294801	46.4953983078603	47.193476203559	48.1916322372649	20680.9513888889
289	0	23.7777777777778	0	0	0.97592047565492	0	0	31.6402293854788	0	3787.13000000001
290	0	4.88888888888889	0	0	0.864066165262114	0	0	52.2769839867365	0	1199.90384615385
291	11.3333333333333	14.5555555555556	11.2222222222222	0.425583839177041	0.425182851502003	0.427439126260666	34.8599769613086	35.8936686236654	36.2816105752045	55228.8793103445
292	0	24.8888888888889	0	0	0.985659909459093	0	0	30.8663087016674	0	4723.19642857144
293	0	5.55555555555555	0	0	0.642070876051231	0	0	38.1286590405294	0	879.423076923077
294	0	5.22222222222222	0	0	0.857724764397898	0	0	49.4180519796916	0	803.113095238095
295	0	4.77777777777778	0	0	0.917465778507082	0	0	50.302280089647	0	1932.22794117647
296	0	8.33333333333333	0	0	0.945781251005322	0	0	45.3633512780935	0	4014.51923076924
297	0	8	0	0	0.773895011700483	0	0	39.1315679337139	0	7397.56730769231
298	0	10	0	0	0.809228144759048	0	0	39.1354244988526	0	9306.75862068967
299	0	5.44444444444444	0	0	0.860555682748406	0	0	51.9807331664411	0	1727.3277027027
300	0	7.22222222222222	0	0	0.942994038991599	0	0	39.902670619164	0	1137.5625
301	0	3.55555555555556	0	0	1	0	0	57.181594087611	0	1365
302	0	10	0	0	0.942078907611736	0	0	38.0772706260891	0	4435.56249999995
303	0	3.44444444444444	0	0	0.720576692122892	0	0	59.1356341544308	0	1476.68452380952
304	0	3.55555555555556	0	0	1	0	0	59.8036818884568	0	1088.85714285714
305	0	5	0	0	1	0	0	54.1144464172829	0	2877.33333333333
306	0	4.33333333333333	0	0	0.875131383504752	0	0	53.5585442826292	0	607.650000000001
307	0	5.77777777777778	0	0	0.86485722977037	0	0	42.4098873590524	0	927.549999999999
308	0	5	0	0	0.28186318662281	0	0	50.0497073625641	0	1816.03125
309	11.5555555555556	19.8888888888889	13.1111111111111	0.629330098637321	0.784521792192522	0.720818824266323	41.5825690521058	41.6216841867303	39.556346108446	83254.6000000012
310	0	3.66666666666667	0	0	0.931891116296093	0	0	58.1594286367712	0	967.842105263158
311	0	4.77777777777778	0	0	0.917465778507082	0	0	50.8347661545469	0	700.893749999999
312	0	3.77777777777778	0	0	0.996017507076961	0	0	57.4284728542626	0	1706.75
313	0	5	0	0	0.978539407996455	0	0	51.8912790016957	0	1115
314	0	4.11111111111111	0	0	0.860450956796303	0	0	54.1285836370133	0	2058.74038461539
315	1.33333333333333	4.11111111111111	1.77777777777778	0.730296743340221	0.825595594197711	1	53.2423114167203	53.3500374993654	55.3568616323124	4155.25
316	0	5.44444444444444	0	0	0.419433824153292	0	0	48.3312271513841	0	1937.35576923077
317	0	7.66666666666667	0	0	0.816363985707597	0	0	37.6630742075555	0	5672.24999999999
318	10.8888888888889	15.6666666666667	9.88888888888889	0.739201052712743	0.731374746098954	0.691786921377941	36.8238643978962	37.2821223672471	40.2415988558386	56171.515625
319	0	6.55555555555555	0	0	0.745579072736353	0	0	31.9989722683303	0	2346.75543478261
320	0	3.55555555555556	0	0	0.728793019765324	0	0	56.5943745097235	0	1815.5
321	10.4444444444444	16.4444444444444	10	0.700487539041793	0.816941219258579	0.767789358944063	40.1460394168226	41.0180399196009	40.5446058374841	57355.6081081083
322	0	21.1111111111111	0	0	0.951979592463284	0	0	30.4864569781949	0	11004.2620967742
323	20.7777777777778	31.6666666666667	20.2222222222222	0.503734917723103	0.650688683752736	0.492792601354942	35.3232746889549	35.6622933880562	35.2350213648364	207180.125
324	6.77777777777778	14.3333333333333	7.88888888888889	0.645741420652095	0.816716975556134	0.670635916642721	35.0452446002115	35.3706244613166	33.0870341321254	22630.2155172415
325	0	6	0	0	0.929550753300199	0	0	38.287632259077	0	706.874999999999
326	0	21.3333333333333	0	0	0.804960942921349	0	0	27.9014546649243	0	23002.8620689655
327	0	8.88888888888889	0	0	0.892470393842616	0	0	31.3306253113834	0	1893.77380952381
328	23.8888888888889	33.2222222222222	22.4444444444444	0.593262118743749	0.664004247699477	0.616395787461359	28.2194414105331	27.8503019310826	29.2520010579448	226405.25
329	0	4.22222222222222	0	0	0.859439563690411	0	0	51.0745886764098	0	1009.45454545455
330	0	3.77777777777778	0	0	0.996017507076961	0	0	58.2873686352172	0	1888.26923076923
331	5.66666666666667	12.3333333333333	5.66666666666667	0.871948091908981	0.932876467296257	0.947097209448412	34.4988670724388	36.5233624550512	38.5976334772007	13974
332	0	7.44444444444444	0	0	0.971874513371187	0	0	41.1500243888915	0	1149.85714285714
333	0	20.6666666666667	0	0	0.831838549423487	0	0	29.6618424100712	0	11123.9784482758
334	0	5.66666666666667	0	0	0.980179881424684	0	0	45.1990723048517	0	762.449999999999
335	0	3.22222222222222	0	0	0.26524696238926	0	0	55.0604772572292	0	1020.70454545455
336	7.22222222222222	16	8.77777777777778	0.918618956677432	0.89769835870272	0.839002351940288	31.6011445717607	31.8057634078616	33.923126736849	18386.375
337	5.44444444444444	11	6.44444444444444	0.767682702878572	0.789664695816012	0.740047498911762	40.830308872646	42.0290096054729	40.3988509204079	20837.8846153847
338	0	8.44444444444444	0	0	0.982771064135387	0	0	34.9606391099758	0	1528.625
339	0	13.8888888888889	0	0	0.734706443606257	0	0	30.1436586657351	0	3320.99074074073
340	0	11.7777777777778	0	0	0.450904907993804	0	0	39.4511477836528	0	2421
341	0	8.55555555555555	0	0	0.752808253815829	0	0	39.4293438161348	0	1191.90476190476
342	0	5.22222222222222	0	0	0.644739799084993	0	0	38.1488126793852	0	1490.3125
343	0	8.55555555555555	0	0	0.248823705220353	0	0	50.3311471423595	0	5407.75000000001
344	0	7.77777777777778	0	0	0.380970966072982	0	0	26.3908832166213	0	1351.86904761904
345	0	4.22222222222222	0	0	0.876798086630038	0	0	52.0533803659339	0	631
346	0	4	0	0	0.839146382059225	0	0	55.2259265240874	0	1246.125
347	0	31.6666666666667	0	0	0.440315804813057	0	0	16.6896747594541	0	2755.13636363635
348	11.7777777777778	21.5555555555556	11.4444444444444	0.894921571217195	0.98749493092724	0.956213429752927	28.5968578491623	29.7508739545971	29.777095249316	37547.1136363635
349	0	5.22222222222222	0	0	0.889851536922556	0	0	52.3545601984136	0	1054.225
350	0	5.66666666666667	0	0	0.964670967950288	0	0	50.1756637257148	0	2223.625
351	0	10	0	0	0.899872455812557	0	0	38.1758605904102	0	5703.82352941174
352	0	8.22222222222222	0	0	0.917382153834182	0	0	36.9794004308837	0	1248.83333333333
353	0	8.44444444444444	0	0	0.419118583681043	0	0	36.7100446405177	0	3678.92307692307
354	9.11111111111111	22.3333333333333	11.1111111111111	0.545833090587017	0.615374394028071	0.547270519849482	31.8584180889602	30.0204162585647	30.6032293773365	27496.8285714284
355	0	11.7777777777778	0	0	0.653615533089418	0	0	35.2474382926774	0	3164.57142857142
356	0	7.22222222222222	0	0	0.881953328691007	0	0	39.8876405970807	0	1035
357	0	7.77777777777778	0	0	0.942352917200467	0	0	43.5856141756671	0	3623.4
358	0	6.33333333333333	0	0	0.87979492029149	0	0	46.2007411617415	0	2555.79999999999
359	0	5.33333333333333	0	0	0.836603529076211	0	0	56.0480021237598	0	1476.67261904762
360	6.44444444444444	11.3333333333333	7	0.829532965131821	0.833775395837222	0.855859396740003	46.6345007713021	47.3397417653849	46.414064526074	39315.3243243242
361	0	10	0	0	0.364515240107927	0	0	53.6197186567633	0	4025.92857142852
362	0	5.55555555555555	0	0	0.863093775986347	0	0	45.8844052856945	0	1691.03846153846
363	2.55555555555556	7.22222222222222	3.11111111111111	0.991683847303198	0.878403954693784	0.777665428912933	48.5546829783932	48.7931062042906	52.685654933525	9413.03308823513
364	10.6666666666667	16	10.8888888888889	0.718682510709884	0.771225665612868	0.707874604002119	35.6696295692743	36.3981189736039	37.8821684732208	67341.0795454547
365	8.22222222222222	18.6666666666667	10.4444444444444	0.811919738348508	0.79767359914336	0.813427156708564	31.2864391792565	31.9265283103393	34.0541533700003	21109.5431034483
366	0	15.8888888888889	0	0	0.951413949724925	0	0	33.4654207648708	0	2570.83796296297
367	0	4.33333333333333	0	0	0.875131383504752	0	0	53.5820789178604	0	2142.48076923077
368	0	3.88888888888889	0	0	0.936776932043143	0	0	56.66570771975	0	1531.14772727272
369	0	4.55555555555556	0	0	0.973625981541782	0	0	49.8489090690363	0	682.712500000001
370	0	5.66666666666667	0	0	0.884959389907173	0	0	37.7085416411599	0	741.210227272726
371	6.33333333333333	9.44444444444444	6.44444444444444	0.256118967814414	0.26434202657936	0.246859614784521	37.1997435733308	39.1577978026466	42.6610076879338	20416
372	0	4	0	0	0.626875047055168	0	0	45.2266842773798	0	759.75
373	0	14.3333333333333	0	0	0.921713360431762	0	0	29.5634199754782	0	4095.91761363634
374	0	4.22222222222222	0	0	0.547107958816875	0	0	44.927531496723	0	871.270833333333
375	0	3.44444444444444	0	0	0.943569065116676	0	0	59.853887811231	0	815.809210526316
376	0	4.88888888888889	0	0	0.939638286891736	0	0	49.2398446165402	0	1292.82608695652
377	0	9	0	0	0.971863752629734	0	0	39.6492727043031	0	11059.2672413794
378	0	7	0	0	0.901327282802269	0	0	38.6011689873604	0	1491.92857142857
379	0	6.66666666666667	0	0	0.229474362045804	0	0	48.4445926617469	0	2605.5576923077
380	0	4.66666666666667	0	0	0.951069032576063	0	0	52.8575195432224	0	859.062500000001
381	0	3.55555555555556	0	0	1	0	0	59.5238612761491	0	1316.30681818182
382	0	10.6666666666667	0	0	0.561667470445494	0	0	41.6047641674823	0	3531.87499999998
383	0	10.2222222222222	0	0	0.91911777410676	0	0	36.1823493058076	0	2212.38
384	14.7777777777778	21.3333333333333	14.5555555555556	0.429001086665576	0.511912469741696	0.406849439071432	37.2957243055998	37.9338885621239	38.5968283175632	77665.5000000008
385	0	6.55555555555555	0	0	0.90007033074879	0	0	41.5058212860748	0	1140.61458333333
386	0	6.11111111111111	0	0	0.784202309376914	0	0	46.1399816295521	0	1774.125
387	0	5.44444444444444	0	0	0.830856270812397	0	0	45.2533284006657	0	1469.95108695652
388	0	4.55555555555556	0	0	0.962925079739439	0	0	56.2145577916356	0	3202.73958333334
389	0	5.22222222222222	0	0	0.85014532829879	0	0	51.8628903854305	0	1339.46590909091
390	8.66666666666667	19.1111111111111	10.4444444444444	0.767238874769302	0.78162628504319	0.803083127399226	31.8780954794525	32.0436768373991	34.4367647241765	30141.6607142856
391	0	3.11111111111111	0	0	0.837667444149498	0	0	59.2595853470329	0	1782.69318181818
392	6	15.2222222222222	5.77777777777778	0.478155953692609	0.545427702358413	0.543484307562165	36.1079249736854	37.7124992340685	35.3742386881882	25838.2124999999
393	0	3.22222222222222	0	0	0.71115900221876	0	0	48.6811608576485	0	603.239583333333
394	0	10.5555555555556	0	0	0.765161053205605	0	0	30.2014232878004	0	2394.65322580646
395	0	11.7777777777778	0	0	0.909318300216704	0	0	37.2546631152184	0	3659.28000000001
396	0	8.55555555555555	0	0	0.793212998851397	0	0	42.4591650040666	0	1737.92307692308
397	0	4.55555555555556	0	0	0.721897635942057	0	0	48.8551758503335	0	2605.21153846154
398	0	10.7777777777778	0	0	0.974625083276489	0	0	33.9978018126165	0	1522.185
399	0	11.2222222222222	0	0	0.980658136801424	0	0	34.1152851784257	0	1467.2625
400	0	0.444444444444444	0	0	0	0	0	0	0	143.904761904763
401	0	7.77777777777778	0	0	0.961167308252908	0	0	37.3037952767163	0	1030.75
402	0	21.7777777777778	0	0	0.466401302441938	0	0	34.1131805445696	0	11610.4324324324
403	23.2222222222222	36	22.2222222222222	0.62604712420405	0.719479026775295	0.652667151461542	29.9683321903845	29.4315797599434	31.3494825369561	279279.134146342
404	0	7.66666666666667	0	0	1	0	0	44.860180627056	0	6195.10185185186
405	0	3.55555555555556	0	0	0.882719076741684	0	0	55.1570080176373	0	751.40909090909
406	0	7.66666666666667	0	0	0.926468232250105	0	0	42.1520515370945	0	1399.57142857143
407	0	6.22222222222222	0	0	0.927689940566518	0	0	47.4883092077711	0	1526.46875
408	0	4	0	0	0.62265750620421	0	0	44.87061969921	0	2049.53846153846
409	0	4.33333333333333	0	0	0.909684447082917	0	0	47.539369945422	0	640.48076923077
410	11.1111111111111	17	10.6666666666667	0.872108134361014	0.889569237117783	0.813572467670119	40.4367069460843	40.7945606307253	42.813109743712	90924.0375000003
411	0	16.4444444444444	9.77777777777778	0	0.599650291481685	0.667676306647626	0	27.1150687647074	25.161002203543	25764.6439393938
412	0	24.1111111111111	0	0	0.967200199719532	0	0	31.3301293034252	0	4095.5625
413	0	6	0	0	0.988131735509046	0	0	35.8084219692555	0	821.0625
414	0	5.22222222222222	0	0	0.882791551087988	0	0	52.7176640415723	0	2692.93452380953
415	18.1111111111111	33.1111111111111	19.1111111111111	0.626202309659646	0.807123229968314	0.665042803974706	35.0195220339549	35.5217867303871	33.4255817916711	162511.083333334
416	0	8.33333333333333	0	0	0.888858708569624	0	0	37.5803060684502	0	1572.5
417	0	6	0	0	0.988412856470824	0	0	42.2904986206792	0	1035.47916666667
418	0	0.333333333333333	0	0	0	0	0	0	0	157.065476190476
419	0	5.22222222222222	0	0	0.889851536922555	0	0	49.7744457414396	0	2456.28125
420	0	5.55555555555555	0	0	0.902704427510307	0	0	50.0864866874586	0	3713.98000000001
421	0	6.33333333333333	0	0	0.532947545374965	0	0	36.6784047890091	0	2239.54807692308
422	0	6.77777777777778	0	0	0.529278504852909	0	0	53.8996361354114	0	5611.96527777767
423	1.77777777777778	3.11111111111111	2.11111111111111	0.493710441453287	0.427617987059879	0.422644518661611	55.2170752803726	59.5937035880614	54.6479477195951	6702.42307692306
424	19.4444444444444	27	19	0.727694514483309	0.751985857109375	0.702860502383015	28.2096535522339	27.8097102641622	28.6191233636019	112246.708333334
425	0	4.22222222222222	0	0	0.859439563690411	0	0	54.6163356637812	0	2202.96875
426	0	16.7777777777778	0	0	0.86432657014128	0	0	32.8503317671199	0	16409.982142857
427	0	4.66666666666667	0	0	0.949089024567232	0	0	53.407160116439	0	1288
428	0	11.3333333333333	0	0	0.756244190737137	0	0	37.2921365540622	0	4083.69396551724
429	0	6.88888888888889	0	0	0.602597376671262	0	0	48.7437068570375	0	1360.51102941177
430	0	11.4444444444444	0	0	0.781913267938981	0	0	36.8882598683749	0	3733.96052631579
431	15.3333333333333	23.7777777777778	16.8888888888889	0.77237010747374	0.819107120977574	0.81559754093437	30.9899593825261	30.5308469337522	31.6877027475585	113997.786184211
432	0	5	0	0	1	0	0	47.625880093438	0	734.644736842105
433	9.22222222222222	12	11.4444444444444	0.787802458087709	0.836318096246412	0.884596533960318	34.8949902728697	34.3381751151764	31.2078568100769	39757.4437499998
434	0	4.77777777777778	0	0	0.890415888240222	0	0	47.1986412050425	0	824.583333333332
435	0	15.1111111111111	0	0	0.957928793425556	0	0	31.0168490751833	0	5586.82142857145
436	0	4.77777777777778	0	0	0.740782735551556	0	0	54.0258533571535	0	2524.66666666667
437	0	8.33333333333333	0	0	0.945781251005322	0	0	38.1298905156295	0	6506.95089285713
438	0	8.22222222222222	0	0	0.911905572821697	0	0	40.6352073393061	0	3018.80769230769
439	5.33333333333333	11.3333333333333	5.44444444444444	0.839687158467929	0.831673697256092	0.902607757528535	49.2414138497488	50.0996852896552	48.9831317465172	30966.0868055555
440	0	8.55555555555555	0	0	0.857526850552436	0	0	41.8072359348542	0	6344.05416666666
441	0	6.22222222222222	0	0	0.929205697848142	0	0	41.5498373101525	0	732.979166666666
442	0	6.88888888888889	0	0	0.760681417937844	0	0	46.8189251288427	0	1492.88586956522
443	0	4	0	0	0.853797297471902	0	0	56.5635010902945	0	951.5
444	17.2222222222222	23.6666666666667	14.8888888888889	0.642658197110991	0.698780898178541	0.661975008402456	28.4958688245107	28.0810878767314	29.3890922626251	64337.253676471
445	0	4	0	0	0.839146382059225	0	0	59.2090586648033	0	2850.35119047619
446	0	5	0	0	0.854848169848197	0	0	54.4103342206969	0	1783.75337837836
447	0	6.11111111111111	0	0	0.864118821274937	0	0	49.0861578874277	0	1141.68452380952
448	7.55555555555555	16.5555555555556	5.77777777777778	0.818279755530008	0.942134576503552	0.927659641437076	35.2740840753815	33.969534480151	35.4437955819922	17455.4953703704
449	0	9.33333333333333	0	0	0.887970103776946	0	0	42.3598890393808	0	2236.08854166667
450	0	4.77777777777778	0	0	0.663295369005671	0	0	46.7474651652852	0	1244.71153846154
451	14	29.2222222222222	15.7777777777778	0.751245117491126	0.974141619895268	0.900149673509479	36.4001660988183	36.9420498413509	33.4810515394404	122811.969594596
452	12.1111111111111	24.2222222222222	11.1111111111111	0.883679473594331	0.926617904688671	0.907842970178682	40.996680636311	38.133646702427	43.8462150703048	131109.972972973
453	6.55555555555555	11.1111111111111	5.44444444444444	0.627483405964826	0.804757986921227	0.829172135182893	44.8457528526507	45.5786336372277	45.3809812741146	27025.390625
454	17.4444444444444	22.5555555555556	16.3333333333333	0.383355610529666	0.430436397386908	0.36971007549659	36.6835929695676	36.918423096375	36.7455351369265	81768.0432692314
455	0	4.88888888888889	0	0	0.947898380498828	0	0	49.4811487001714	0	1043.02173913044
456	0	3.88888888888889	0	0	0.613739937454499	0	0	52.7789542547499	0	1004.65384615385
457	0	5.33333333333333	0	0	0.888956636984631	0	0	51.3723578007456	0	1435.29375
458	0	4.11111111111111	0	0	0.874407449263834	0	0	55.9249236906236	0	2003.93269230769
459	0	2.77777777777778	0	0	0.327149854083762	0	0	55.5604275038743	0	1350.08333333333
460	10.7777777777778	17.8888888888889	9.66666666666667	0.784150602424024	0.828867832475655	0.740628110588661	37.3022367952866	37.8641078007893	39.7121229355729	72572.6842105265
461	0	11.8888888888889	0	0	0.672613005006974	0	0	28.9825720707012	0	2036.29166666666
462	0	3.66666666666667	0	0	0.931891116296093	0	0	54.898569997655	0	1433.55555555555
463	0	9.22222222222222	0	0	0.974482759422575	0	0	38.4910326170764	0	3826.19047619047
464	7.66666666666667	16.7777777777778	8	0.808031847284953	0.886500815172556	0.898566860429407	31.9088251145907	32.3544461899968	29.0416015056606	21344.8472222221
465	0	15	0	0	0.594406309829724	0	0	34.7270788898952	0	3033.95833333333
466	0	9.66666666666667	0	0	0.798432030623497	0	0	32.1983519540234	0	2162.58653846154
467	0	7.33333333333333	0	0	0.848361354780343	0	0	43.7505719424556	0	1957.82142857142
468	0	7.88888888888889	0	0	0.864290359032211	0	0	42.6889521565446	0	1467.00000000001
469	0	2.44444444444444	0	0	0.791888375035124	0	0	48.9392161151195	0	348.528846153846
470	0	10.5555555555556	0	0	0.97039327122643	0	0	41.9818113766164	0	5999.77777777778
471	8.22222222222222	11.1111111111111	6.55555555555555	0.319802469509896	0.325697815800046	0.254531225545754	30.8791781416214	34.7167916172172	33.4935750908571	21051.8571428571
472	5.66666666666667	11.1111111111111	6.11111111111111	0.588448333615744	0.712700134034815	0.781508274126351	43.070614955984	43.9057899517404	46.9525779896133	27752.7500000001
473	0	7	0	0	0.77966605618169	0	0	48.4342110339007	0	7255.48076923078
474	15.2222222222222	23.6666666666667	16	0.755439145366787	0.823728893862936	0.817599563601183	31.6877387385044	31.5579850587119	33.2407367051455	119867.086538461
475	0	4.77777777777778	0	0	0.750922503271385	0	0	46.2962164891929	0	715.369047619047
476	0	4.55555555555556	2.11111111111111	0	0.821210962968493	0.774739225797095	0	55.6597568931454	46.4665519412251	5018.2801724138
477	0	4.22222222222222	0	0	0.859439563690411	0	0	54.6919870579856	0	1313.48214285714
478	0	20.6666666666667	0	0	0.592904586926872	0	0	29.3397649300615	0	3696.37790697674
479	9.66666666666667	10.6666666666667	7.33333333333333	0.500716508044043	0.465356612988866	0.419347817049821	38.263444020334	40.1467203400006	41.1983685908104	26498.5789473685
480	4	7.33333333333333	4.88888888888889	0.338130749132503	0.328563051274882	0.31155461853937	44.4608722281396	42.5871645332256	40.5946186317671	25899.2067307694
481	0	8.44444444444444	2.55555555555556	0	0.903255241983797	0.85392009402839	0	44.389755626154	43.6602906715257	6691.32692307691
482	0	7.22222222222222	0	0	0.997065290810588	0	0	46.3882588538813	0	4659.96428571428
483	0	11.2222222222222	0	0	0.370911815723262	0	0	36.5116739287336	0	1752.00000000001
484	0	8.55555555555555	0	0	0.917376795162013	0	0	34.6171484103041	0	2201.31944444444
485	0	5.11111111111111	0	0	0.29015945457416	0	0	54.1672451868559	0	3879.92307692307
486	0	5.66666666666667	0	0	0.861601511134024	0	0	39.8340645291577	0	685.488095238096
487	0	3.44444444444444	0	0	0.444764117606793	0	0	35.99851518049	0	797.4375
488	0	8.77777777777778	0	0	0.965452751067388	0	0	37.6517616637487	0	3281.59375
489	24	30.5555555555556	25.5555555555556	0.53836362980435	0.634623145979077	0.573653517177539	31.7105500626857	32.1081686620005	28.5306613601336	131461.454326922
490	11.7777777777778	16.6666666666667	9	0.836861043533996	0.922573015391431	0.970023731906758	30.7982394739235	31.1123216891022	33.9657770929842	39233.6315789476
491	6	8.88888888888889	5.66666666666667	0.522330736387725	0.47319052384981	0.469737793637303	38.0082076047017	38.9399344306139	40.9979824766798	24322.085
492	0	4.66666666666667	0	0	0.949089024567232	0	0	54.1778629707422	0	1202.64285714286
493	0	5.88888888888889	0	0	0.959935309223515	0	0	42.8311795078851	0	872.201923076924
494	0	8.11111111111111	0	0	0.875759478229577	0	0	45.6707841763344	0	6836.921875
495	0	6.44444444444444	0	0	0.857999863941313	0	0	46.0677555436632	0	3616.53846153847
496	0	6.44444444444444	0	0	0.934495527289067	0	0	45.8337170444708	0	4152.08823529412
497	0	5.22222222222222	0	0	0.284715903456401	0	0	53.7972735368558	0	1933.53125
498	0	10.3333333333333	0	0	0.623497509694767	0	0	40.1354162212529	0	1617.01923076923
499	0	3.66666666666667	0	0	0.716087951921563	0	0	41.2608607085211	0	910.749999999999
500	0	1.11111111111111	0	0	0.353553390593274	0	0	61.2460629950122	0	112.725
501	0	4.88888888888889	0	0	0.752663578934299	0	0	53.1361132741915	0	2093.875
502	11.7777777777778	20	11.7777777777778	0.528717856039763	0.604324684128243	0.481663485156772	35.4559035136888	36.4989300981425	35.5194855907463	48424.2894736843
503	0	6.22222222222222	0	0	0.573504366418889	0	0	38.78861994658	0	2574.76923076923
504	0	5.77777777777778	0	0	0.774954301838506	0	0	44.654841932432	0	1428.05
505	8.44444444444444	13.4444444444444	8.44444444444444	0.795763639990033	0.811646358059871	0.757725908670902	36.1218981505061	36.3514342787269	33.6288062295148	29059.0810810813
506	0	14.5555555555556	8	0	0.318165150576461	0.29864758688576	0	28.3292464981982	26.2488442523524	19259.6176470588
507	0	5.44444444444444	0	0	0.889612689883083	0	0	50.280545619001	0	1332.19047619048
508	5.55555555555555	14.4444444444444	6	0.424511553464859	0.633664491902522	0.561440956094789	40.2101313239953	40.992157054306	37.9311551949553	21049.1432926828
509	0	5.44444444444444	0	0	0.866745480502254	0	0	44.6294677271214	0	1378.98369565217
510	12.7777777777778	17.6666666666667	13	0.479936921196009	0.576241352418143	0.536769113336872	36.9652191715068	37.2608280033055	38.9800534602617	66641.6293103446
511	8.77777777777778	16.1111111111111	9.55555555555555	0.478150594021455	0.563196904618542	0.497587639981298	38.8332703266834	40.3004757196396	39.9964549962454	29718.1666666665
512	0	5.77777777777778	0	0	0.407152798506189	0	0	42.0537348773032	0	1314
513	0	5	0	0	1	0	0	54.8363534777926	0	2142.75
514	0	27.8888888888889	0	0	0.819862631785136	0	0	26.6465674121416	0	3983.74431818183
515	0	4	0	0	0.839300853887923	0	0	53.2720388223393	0	621.5
516	0	13.3333333333333	0	0	0.973950338245095	0	0	33.6782337668128	0	2349.20192307692
517	0	5.77777777777778	0	0	0.875983412386052	0	0	48.7817917840185	0	4796.94642857142
518	0	12.8888888888889	0	0	0.984230975227976	0	0	35.1166478666871	0	4455.04629629629
519	0	13.7777777777778	0	0	0.805821159080525	0	0	30.7927516003842	0	2692.08888888892
520	0	7	0	0	0.881542380403278	0	0	40.6773248541017	0	1044.5
521	0	6.66666666666667	0	0	0.851090155119977	0	0	48.7908183749793	0	4935.72000000001
522	0	9.55555555555555	0	0	0.817222071698073	0	0	36.5422095219581	0	8023.43478260869
523	0	15.7777777777778	0	0	0.911012583266877	0	0	31.2196293954238	0	1788.32499999999
524	0	6.77777777777778	0	0	0.470181849311764	0	0	39.6660825626751	0	1760.72115384615
525	0	5.55555555555555	0	0	0.905522415780553	0	0	51.0640293177358	0	3648.14285714286
526	0	4.66666666666667	0	0	0.916313994439422	0	0	46.8959868415475	0	602.600000000001
527	0	10.8888888888889	0	0	0.718952352944076	0	0	37.9908026900238	0	7654.40909090907
528	0	4.66666666666667	0	0	0.949089024567232	0	0	51.7723308485434	0	1525.625
529	0	5.33333333333333	0	0	0.882326963953278	0	0	48.9283399759717	0	800.78947368421
530	8.66666666666667	18	9.77777777777778	0.877977262539954	0.867963427925706	0.861689339816542	31.7390618707921	32.3586353487328	32.6712251673976	31049.2083333334
531	0	5.77777777777778	0	0	1	0	0	45.0475261304831	0	2173.22
532	2	2.88888888888889	2.11111111111111	0.715190513036855	0.566379375843914	0.774739225797095	48.8866607225778	56.4988363132238	55.9592002409566	6998.00595238099
533	13.1111111111111	22	15.3333333333333	0.744336999094802	0.802990334957824	0.770799784237669	28.968423568792	28.2962081999551	24.7555532712746	48839.3238636365
534	13.6666666666667	23.6666666666667	14.8888888888889	0.389097217599367	0.470421334791818	0.381939020824973	34.0439052380488	34.2862004245294	36.4507396011614	41034.7413793105
535	0	12	0	0	0.967575958678182	0	0	34.218995243343	0	2306.54807692308
536	0	8	0.333333333333333	0	0.416928632112993	0	0	37.2323433326923	0	8089.07692307691
537	0	3.66666666666667	0	0	0.931891116296094	0	0	56.3237778874913	0	804.232142857143
538	10.6666666666667	17.5555555555556	11.1111111111111	0.818939064502114	0.913886667899139	0.884907201238719	38.893422160559	39.1621754120172	40.4339199334888	71772.1990740742
539	0	5.44444444444444	0	0	0.841400165526228	0	0	46.8640982141492	0	2168.26666666667
540	0	7.33333333333333	0	0	0.78650570459317	0	0	45.0759696324206	0	2587.49999999999
541	0	10.2222222222222	0	0	0.9167786922309	0	0	40.4475872404728	0	4609
542	0	18.8888888888889	0	0	0.694254276120657	0	0	33.6314331853285	0	19463.1428571429
543	0	7.66666666666667	0	0	0.932428253315242	0	0	42.2472856945086	0	2357.06730769231
544	0	7.33333333333333	0	0	0.719453545914935	0	0	40.1892720043267	0	1197.25925925926
545	0	4.66666666666667	0	0	0.689705580404038	0	0	48.1742721985935	0	554.749999999999
546	0	10.1111111111111	0	0	0.938714109191361	0	0	37.950116993702	0	4714.65384615386
547	0	4.22222222222222	0	0	0.715609773854545	0	0	55.3102078840462	0	1527.80952380953
548	0	9.66666666666667	0	0	0.920686765891468	0	0	36.7316255266359	0	1502.57142857143
549	0	7.77777777777778	0.666666666666667	0	0.311940089379623	0	0	35.7912506431223	0	5404.05882352942
550	0	4.11111111111111	0	0	0.838339592399574	0	0	58.0641214540653	0	1047.21052631579
551	0	3.88888888888889	0	0	0.846677454174933	0	0	53.3963537118591	0	631.096153846153
552	0	3.88888888888889	0	0	0.846677454174934	0	0	56.0080427898023	0	1394.32142857143
553	0	5.66666666666667	0	0	0.92916962693258	0	0	52.3225849924824	0	3142.703125
554	0	11.5555555555556	0	0	0.900942685123624	0	0	37.9198485191909	0	7917.53846153843
555	2.44444444444444	5.11111111111111	2.11111111111111	0.306320878272485	0.41700781888983	0.317674160225048	49.2443904537638	49.0433711155226	54.7027729747934	6860.8846153846
556	0	4.22222222222222	0	0	0.859439563690411	0	0	56.0608251418951	0	876.208333333334
557	0	4.55555555555556	2.22222222222222	0	0.341369120759537	0.343566362468934	0	52.7042155959758	50.9331142518171	5711.76923076923
558	11.8888888888889	17.8888888888889	11	0.633035793213092	0.695495513615468	0.659845901748659	36.1752192011242	36.0156842499809	37.6244603392047	52626.9556451615
559	0	19.2222222222222	0	0	0.971616948802768	0	0	30.855804511379	0	3803.02884615383
560	0	4.33333333333333	0	0	0.847923155643865	0	0	28.7230354744456	0	1386.24404761905
561	0	4.77777777777778	0	0	0.755216702529758	0	0	49.3569945666764	0	737.977941176471
562	0	4.11111111111111	0	0	0.874407449263835	0	0	57.8692039343115	0	650.708333333334
563	0	5.66666666666667	0	0	0.875806890229018	0	0	47.1786795256476	0	1110.28125
564	0	14	0	0	0.928243585082972	0	0	27.9483577410673	0	5496.88888888886
565	6.44444444444444	7.88888888888889	5.55555555555555	0.523380022094366	0.5341150357623	0.560098122755137	37.4230048234889	38.1713635387003	42.2660216508703	25372.25
566	0	6.33333333333333	0	0	0.238700666727763	0	0	29.1996068189748	0	2779.525
567	7.55555555555555	18.3333333333333	8.44444444444444	0.889306125367066	0.858024878826262	0.843574324294441	31.2335762698984	32.3630021963895	34.2300348766498	24275.55859375
568	1.77777777777778	3.77777777777778	1.33333333333333	1	0.996017507076961	0.730296743340221	53.3451559866337	57.7280102392129	54.9250088618635	4199.17307692308
569	0	11.5555555555556	0	0	0.804816394893171	0	0	36.0361465084427	0	4962.24137931033
570	0	4.44444444444444	1.66666666666667	0	0.955971227446247	0.577350269189626	0	55.9794326482784	54.8698324676387	4008.125
571	8.11111111111111	11.2222222222222	7.44444444444444	0.460779458490567	0.524969138807965	0.452941806036898	28.7805743006545	29.2043868815414	31.1151196865813	19480.8823529412
572	0	4.55555555555556	0	0	0.993425787022403	0	0	50.8149561592418	0	780.142857142857
573	0	16.6666666666667	0	0	0.877873851929356	0	0	31.5745600950389	0	5109.90948275863
574	7.22222222222222	10.3333333333333	5.22222222222222	0.617409156970443	0.594134237246947	0.673602165795443	31.7535767905725	31.78559237609	33.2885860441425	16282.205882353
575	0	7.33333333333333	0	0	0.907321510398779	0	0	42.4032212688587	0	5825.18055555555
576	0	8.88888888888889	0	0	0.599422037703553	0	0	41.5549798627549	0	2312.5625
577	0	6.44444444444444	0	0	0.761768264520495	0	0	35.6420782932907	0	1917.38461538461
578	0	3.44444444444444	0	0	0.943569065116679	0	0	56.7099257150525	0	463
579	0	3.77777777777778	0	0	0.996017507076946	0	0	49.5177362589503	0	557.947368421053
580	0	4.33333333333333	0	0	0.847923155643865	0	0	55.8720060741621	0	2628.51785714286
581	0	2.55555555555556	0	0	0.991683847303182	0	0	60.1857468966037	0	779.657894736843
582	5.77777777777778	7.77777777777778	5.22222222222222	0.523368179368474	0.460556493139219	0.466559081010971	36.701889169902	37.8868838724709	41.6469298105219	27617.7777777778
583	0	9	0	0	0.97838199035863	0	0	33.8390653705005	0	1468.81578947369
584	8.44444444444444	12.4444444444444	7.55555555555555	0.396444021066831	0.443554035488915	0.417502782581524	28.3462242010476	29.0217614182916	31.4416848579401	29464.6458333333
585	0	3.11111111111111	0	0	0.837667444149498	0	0	60.4276636586682	0	2199.77173913043
586	0	5.88888888888889	0	0	0.903139291382839	0	0	43.2212421376941	0	925.657894736842
587	0	8.55555555555555	0	0	0.976941257482788	0	0	43.7784090817133	0	1701.26851851852
588	0	3.77777777777778	0	0	0.996017507076946	0	0	57.790405355869	0	911.934210526315
589	0	5.33333333333333	0	0	0.888956636984631	0	0	51.5776184559808	0	2529.64285714286
590	0	12.1111111111111	5.11111111111111	0	0.671581428839741	0.634773548922472	0	38.4208124444855	38.9492095139541	12321.9333333334
591	0	5.11111111111111	0	0	0.949134760266241	0	0	49.793400247798	0	841.674999999999
592	0	5	0	0	1	0	0	51.2005988435238	0	1379.175
593	0	8.33333333333333	0	0	0.909258888599815	0	0	37.5623406551852	0	1095.21428571428
594	0	15.4444444444444	0	0	0.988671236751399	0	0	30.7016223282997	0	2039.32954545455
595	0	10.2222222222222	0	0	0.936805129831014	0	0	41.0435874239717	0	7209.22115384615
596	0	3.66666666666667	0	0	0.931891116296093	0	0	57.2530103561201	0	2415.59523809524
597	0	3.77777777777778	0	0	0.861206081985769	0	0	58.4903855124668	0	1336.5375
598	0	6.33333333333333	0	0	0.961886471266574	0	0	47.9688346816305	0	2214.875
599	0	4.88888888888889	0	0	0.957550734473586	0	0	47.4288389405779	0	732.650000000001
600	0	7.44444444444444	5.11111111111111	0	0.886476265042947	0.958588195370884	0	41.8161183464845	41.1467630105969	896.039999999999
601	0	7.77777777777778	0	0	0.968757817905064	0	0	40.2332273059804	0	1834.125
602	0	8	2.88888888888889	0	0.912030593696951	0.839047078536121	0	44.0805030765526	46.408904028079	8159.97619047618
603	0	3.66666666666667	0	0	0.950001733581388	0	0	58.9623986762795	0	822.887500000001
604	0	11.1111111111111	0	0	0.933779284609295	0	0	35.9651646591327	0	3903.99999999999
605	0	4	0	0	0.824454955027256	0	0	57.463814263793	0	851.00625
606	0	8.77777777777778	0	0	0.911358482050138	0	0	37.7310638482158	0	2212.91379310343
607	0	7.44444444444444	0	0	0.970796105916569	0	0	44.4087323575103	0	2173.23214285714
608	0	4.55555555555556	0	0	0.834387518869721	0	0	50.0204759409512	0	821.740384615384
609	0	8.22222222222222	0	0	0.531417906203344	0	0	33.2559617482492	0	2518.63461538462
610	2	3.44444444444444	2.55555555555556	0.720472273270412	0.703783226249103	0.652783506460549	47.4207826579511	47.6662020881838	43.4324668395429	6712.73333333333
611	0	1.44444444444444	0	0	0.591312395989082	0	0	61.2155663230427	0	261.2375
612	4.55555555555556	5.88888888888889	3.55555555555556	0.471239498222	0.509551788232378	0.428678658695133	45.5824243808959	47.3186721924936	51.3189381203735	26324.0119047619
613	0	7.88888888888889	0	0	0.943371152073714	0	0	38.6155208250204	0	3936.31730769232
614	9.66666666666667	16	9	0.933847653909387	0.897842463241144	0.794552149389888	39.9849222056969	40.9006681740211	41.6556337915329	59540.0000000002
615	0	6.11111111111111	0	0	0.965318132930641	0	0	44.3529687918824	0	1535.89375
616	0	10.5555555555556	0	0	0.928946689734543	0	0	37.9710400699878	0	2551
617	0	21.7777777777778	0	0	0.946001510533579	0	0	30.777084815099	0	5950.61206896554
618	0	19.7777777777778	0	0	0.971060740597892	0	0	32.5071466705427	0	4126
619	0	9.88888888888889	0	0	0.97481591041274	0	0	36.8200778136332	0	3255.16666666667
620	0	10.7777777777778	0	0	0.984597069880798	0	0	36.2908422526609	0	1980.25595238095
621	0	7	0	0	0.837195078414628	0	0	45.0851996990639	0	1477
622	0	7.44444444444444	0	0	0.965498260810869	0	0	37.4937816958678	0	1482.9375
623	12.6666666666667	18.7777777777778	11.5555555555556	0.744890425628286	0.746389043552448	0.637232732652679	34.2820431309518	35.1067834871636	37.350584575887	63420.5882352943
624	0	3.66666666666667	0	0	0.841040304023435	0	0	55.8774500462165	0	628.450000000001
625	0	8.88888888888889	4	0	0.718095043584316	0.787153664306117	0	37.131398338841	39.944642217568	9822.54411764707
626	0	4.44444444444444	0	0	0.731821018157031	0	0	40.8553771092366	0	840.522727272728
627	0	10.6666666666667	6.66666666666667	0	0.653673239896359	0.426234343361468	0	37.1010067860657	38.4179037653781	1364.46283783783
628	0	7.33333333333333	0	0	0.968991192010719	0	0	41.3619694420793	0	1215.91071428571
629	0	6.33333333333333	0	0	0.961886471266574	0	0	47.244621674054	0	2411.67857142857
630	0	4.22222222222222	0	0	0.859439563690411	0	0	52.2070314805287	0	781.5
631	4.77777777777778	9.33333333333333	5.11111111111111	0.665254441238306	0.793127232596335	0.747027874317396	40.3416486746378	42.3749721395963	38.6629056968919	18589.5882352941
632	0	4	0	0	0.346622395892938	0	0	26.2913632991698	0	489.95
633	0	3.44444444444444	0	0	0.966359431705103	0	0	59.3373085123736	0	1118.28571428571
634	0	6.44444444444444	0	0	0.978666502337851	0	0	40.5345643458038	0	725.538461538461
635	0	6.77777777777778	0	0	0.326633634431159	0	0	29.7028453960442	0	5189.95394736843
636	0	3.55555555555556	0	0	0.899713073727273	0	0	59.2911878024192	0	3032.19642857143
637	0	10.3333333333333	5	0	0.823247683429106	0.768077048635629	0	43.7626078040182	40.7782523910397	11515.7951388888
638	0	11.3333333333333	0	0	0.952554266855994	0	0	28.5377956090332	0	2567.03846153847
639	0	5.33333333333333	0	0	0.888956636984631	0	0	49.2214336432232	0	2059.14285714286
640	9.11111111111111	15	9.88888888888889	0.667391457645037	0.882717729806406	0.819346560190866	41.8811255598609	42.6247084586147	40.8194742077395	74741.584302326
641	6.66666666666667	12.3333333333333	6.88888888888889	0.726578930666242	0.738855887478235	0.681691340161396	39.3456249704739	39.6638817799836	39.4753318725159	25724.3074324325
642	0	5.88888888888889	0	0	0.946958007029373	0	0	43.9747153689124	0	1527.69642857143
643	0	16.4444444444444	0	0	0.88969782590753	0	0	29.4118546162875	0	22517.7217741934
644	0	4.77777777777778	0	0	0.917465778507082	0	0	42.6684336128693	0	780.625
645	0	8	0	0	0.587210745678665	0	0	37.7180209891004	0	5491.67672413789
646	0	4.22222222222222	0	0	0.859439563690411	0	0	41.9339153612921	0	590.548076923077
647	0	1.44444444444444	0	0	0.529150262212918	0	0	65.1203163677131	0	366.682692307692
648	0	10.4444444444444	0	0	0.881491774175828	0	0	36.6217129580077	0	2790.85763888891
649	0	3.77777777777778	0	0	0.861206081985769	0	0	57.8076623450226	0	1104.78125
650	0	7.88888888888889	0.777777777777778	0	0.30973999075156	0	0	28.7136940569423	0	10882.9375
651	0	3.33333333333333	0	0	0.828078671210826	0	0	59.1652508269462	0	1322.29545454545
652	0	4	0	0	0.62265750620421	0	0	51.290381400063	0	1654.23076923077
653	0	6	0	0	0.929550753300199	0	0	45.156906305143	0	1522.09523809524
654	0	4.55555555555556	0	0	0.990857368871001	0	0	54.6753618344054	0	3462.31578947369
655	0	7.22222222222222	0	0	0.878403954693784	0	0	38.606538707806	0	7267.45833333335
656	0	7.11111111111111	0	0	0.939560161352398	0	0	45.2633399621984	0	1457.875
657	0	11.6666666666667	0	0	0.968977180417067	0	0	29.5856438574521	0	2454.4356060606
658	0	5.77777777777778	0	0	0.2714074406663	0	0	53.85510414893	0	1947.4880952381
659	9.88888888888889	15.6666666666667	9.88888888888889	0.710183714130347	0.737629305589899	0.671788627746069	37.6564491323733	37.8738304657827	39.5513022185049	46028.4479166668
660	0	7.66666666666667	0	0	0.948124051641494	0	0	36.4231903651925	0	1069.85326086957
661	0	3.11111111111111	0.888888888888889	0	0.293711407020934	0	0	58.9705516384068	0	4002.81730769231
662	0	5.22222222222222	0	0	0.889851536922555	0	0	49.2744379923953	0	998.473684210525
663	6.88888888888889	10.4444444444444	7.88888888888889	0.815267135150093	0.882248786677711	0.893939184521741	40.9057664999261	42.0706134253019	39.7070136749186	28618.9423076924
664	0	5.66666666666667	0	0	0.834303420281723	0	0	50.8731088300737	0	2265.6875
665	0	3.44444444444444	0	0	0.966359431705103	0	0	58.9749382573351	0	1280.625
666	0	3.44444444444444	0	0	0.831230176743641	0	0	59.8740068965454	0	929.1875
667	8.11111111111111	10.5555555555556	6.55555555555555	0.629468159192423	0.613717353329816	0.595200644329697	31.3432556538346	31.5642264095352	32.0862646996879	23036
668	8.77777777777778	14.5555555555556	8.11111111111111	0.922598347772561	0.993852590136563	0.916839677224334	36.2472461345107	36.409330345927	38.4972898330318	36343.4568965517
669	0	16.6666666666667	0	0	0.821134105528481	0	0	29.4355569320336	0	7652.44827586205
670	0	3.44444444444444	0	0	0.966359431705101	0	0	61.2383836184003	0	1967.60227272727
671	6.44444444444444	12.8888888888889	0	0.717711928816502	0.832746708312524	0	35.8726901279147	36.8830023250832	0	17406.9827586206
672	9.77777777777778	13.1111111111111	9.11111111111111	0.297774893095056	0.365858172844594	0.313917709389271	39.908484229976	40.4405021156164	37.3891693672236	65128.388888889
673	0	10.7777777777778	0	0	0.963169087917469	0	0	29.9755595251138	0	6706.28749999997
674	0	6.88888888888889	0	0	0.879786214889517	0	0	49.9161066954218	0	2517.17857142857
675	13.6666666666667	22.6666666666667	13.7777777777778	0.799447769656233	0.807326583942992	0.763098881533533	31.3323641578369	31.6385807276333	33.8398808365998	62613.5294117649
676	0	4.33333333333333	0	0	0.847923155643865	0	0	55.5434917747185	0	764.5
677	7.44444444444444	11.7777777777778	8.22222222222222	0.649577677362208	0.764735666189945	0.744442653825327	43.1011439690301	42.9868729929192	42.3036919435815	36007.7229729728
678	4.22222222222222	8.11111111111111	5.33333333333333	0.51625052816543	0.582091253012295	0.549088725108673	46.5861279269747	47.4383052491229	46.8173215144056	15732.4800000001
679	0	4.77777777777778	2.55555555555556	0	0.519852411875103	0.524701770620664	0	43.857901673508	46.500674917919	3444.74038461539
680	0	4	0	0	0.839146382059225	0	0	57.4832222901763	0	1023.65789473684
681	0	5.66666666666667	0	0	0.84592047321624	0	0	46.4059732400561	0	698.035714285714
682	0	11.8888888888889	5	0	0.630679005413913	0.379474228584602	0	40.8206271155507	37.5162965076346	14974.7094594595
683	0	5	0	0	0.978539407996455	0	0	53.3469581294466	0	2288.59375
684	2.66666666666667	5.22222222222222	3	0.912870929175276	0.850145328298789	0.734155383846784	49.623058209848	50.2751600731696	52.8362724133872	7667.078125
685	0	9	0	0	0.509798773225144	0	0	29.9832088643138	0	1310.35576923077
686	0	4.88888888888889	0	0	0.957550734473589	0	0	52.7401767234583	0	2443.88095238095
687	0	8.88888888888889	0	0	0.847705041426333	0	0	32.4761529435758	0	1817.875
688	0	0.888888888888889	0	0	0	0	0	0	0	389.451923076921
689	0	4.55555555555556	0	0	0.744210121432386	0	0	59.2226840889789	0	1597.31578947369
690	3.22222222222222	11	4	0.817516697133492	0.818493620129607	0.841716472597874	41.7307872252211	42.7592689326502	39.9747587419953	12960.1857142857


