

Software Version	3.04.17



Experiment File Path:	C:\Users\Public\Documents\Experiments\Charly\pBGT-G54U-G55U_AMP+SB-AMP\pBGTx4-G54Ux4-G55Ux4_AMP+SB-AMP.xpt
Protocol File Path:	C:\Users\Public\Documents\Protocols\charly\GFP-OD_12h_kin.prt



Plate Number	Plate 1
Date	15/05/2019
Time	08:49:50 p. m.
Reader Type:	Synergy H1
Reader Serial Number:	180720D
Reading Type	Reader

Procedure Details

Plate Type	96 WELL PLATE
Eject plate on completion	
Set Temperature	Setpoint 37°C
	Preheat before moving to next step
Start Kinetic	Runtime 12:00:00 (HH:MM:SS), Interval 0:20:00, 37 Reads
    Shake	Linear: 0:30 (MM:SS)
	Frequency: 567 cpm (3 mm)
    Read	OD
	Absorbance Endpoint
	Full Plate
	Wavelengths:  630
	Read Speed: Normal,  Delay: 100 msec,  Measurements/Data Point: 8
    Read	GFP
	Fluorescence Endpoint
	Full Plate
	Filter Set 1
	    Excitation: 479,  Emission: 520
	    Optics: Bottom,  Gain: 0
	Light Source: Xenon Flash,  Lamp Energy: High
	Read Speed: Normal,  Delay: 100 msec,  Measurements/Data Point: 10
	Read Height: 7 mm
End Kinetic	

OD:630

Time	T° OD:630	A1	A2	A3	A4	A5	A6	A7	A8	A9	A10	A11	A12	B1	B2	B3	B4	B5	B6	B7	B8	B9	B10	B11	B12	C1	C2	C3	C4	C5	C6	C7	C8	C9	C10	C11	C12	D1	D2	D3	D4	D5	D6	D7	D8	D9	D10	D11	D12	E1	E2	E3	E4	E5	E6	E7	E8	E9	E10	E11	E12	F1	F2	F3	F4	F5	F6	F7	F8	F9	F10	F11	F12	G1	G2	G3	G4	G5	G6	G7	G8	G9	G10	G11	G12	H1	H2	H3	H4	H5	H6	H7	H8	H9	H10	H11	H12
0:00:32	37.0	0.104	0.089	0.095	0.089	0.089	0.087	0.090	0.088	0.122	0.087	0.110	0.087	0.103	0.089	0.087	0.090	0.090	0.087	0.098	0.088	0.088	0.086	0.087	0.087	0.088	0.089	0.087	0.089	0.087	0.090	0.087	0.100	0.091	0.116	0.087	0.088	0.090	0.088	0.099	0.087	0.098	0.087	0.102	0.090	0.103	0.091	0.088	0.088	0.095	0.087	0.086	0.088	0.099	0.090	0.091	0.092	0.092	0.091	0.087	0.087	0.090	0.112	0.089	0.102	0.086	0.105	0.089	0.090	0.088	0.096	0.087	0.093	0.122	0.092	0.087	0.103	0.099	0.087	0.101	0.088	0.126	0.091	0.122	0.086	0.089	0.102	0.087	0.087	0.088	0.088	0.087	0.087	0.099	0.087	0.099	0.087
0:20:32	37.0	0.103	0.088	0.094	0.088	0.088	0.087	0.089	0.088	0.119	0.087	0.102	0.086	0.102	0.088	0.087	0.090	0.090	0.087	0.097	0.088	0.087	0.086	0.087	0.086	0.088	0.089	0.087	0.089	0.087	0.090	0.087	0.098	0.091	0.111	0.087	0.088	0.090	0.088	0.099	0.087	0.097	0.086	0.101	0.090	0.102	0.091	0.087	0.088	0.094	0.087	0.086	0.088	0.099	0.089	0.090	0.091	0.092	0.091	0.087	0.086	0.090	0.113	0.089	0.102	0.086	0.104	0.089	0.090	0.088	0.096	0.087	0.090	0.121	0.091	0.087	0.102	0.099	0.086	0.101	0.087	0.120	0.091	0.123	0.086	0.089	0.102	0.086	0.094	0.088	0.087	0.086	0.087	0.097	0.087	0.093	0.087
0:40:32	37.0	0.102	0.088	0.094	0.090	0.088	0.087	0.089	0.088	0.120	0.088	0.101	0.087	0.102	0.088	0.086	0.090	0.090	0.087	0.097	0.088	0.089	0.086	0.087	0.086	0.088	0.089	0.087	0.092	0.090	0.091	0.089	0.098	0.094	0.111	0.087	0.089	0.090	0.088	0.099	0.087	0.097	0.086	0.101	0.090	0.101	0.091	0.087	0.088	0.095	0.087	0.086	0.090	0.101	0.091	0.090	0.093	0.092	0.091	0.087	0.086	0.090	0.112	0.089	0.102	0.086	0.105	0.089	0.090	0.088	0.096	0.087	0.090	0.122	0.092	0.087	0.102	0.100	0.087	0.101	0.090	0.120	0.092	0.123	0.085	0.088	0.102	0.086	0.094	0.088	0.087	0.086	0.087	0.096	0.086	0.091	0.089
1:00:32	37.0	0.102	0.088	0.095	0.091	0.090	0.090	0.090	0.091	0.120	0.090	0.101	0.088	0.104	0.088	0.086	0.090	0.091	0.087	0.097	0.087	0.094	0.086	0.087	0.086	0.088	0.091	0.087	0.095	0.089	0.095	0.087	0.099	0.097	0.114	0.087	0.091	0.091	0.088	0.100	0.087	0.097	0.086	0.101	0.093	0.105	0.091	0.089	0.088	0.097	0.087	0.087	0.091	0.105	0.089	0.090	0.091	0.094	0.091	0.086	0.086	0.091	0.113	0.090	0.102	0.089	0.105	0.089	0.091	0.092	0.096	0.087	0.090	0.123	0.093	0.090	0.104	0.102	0.089	0.101	0.093	0.120	0.091	0.123	0.085	0.088	0.102	0.086	0.094	0.088	0.087	0.086	0.087	0.095	0.087	0.091	0.090
1:20:32	37.0	0.102	0.089	0.095	0.091	0.090	0.090	0.090	0.091	0.121	0.091	0.101	0.089	0.107	0.088	0.086	0.090	0.092	0.087	0.097	0.087	0.096	0.086	0.087	0.087	0.088	0.094	0.087	0.100	0.087	0.098	0.087	0.102	0.097	0.116	0.087	0.094	0.094	0.088	0.103	0.087	0.099	0.086	0.102	0.090	0.107	0.091	0.091	0.088	0.100	0.087	0.086	0.090	0.108	0.089	0.090	0.091	0.096	0.091	0.087	0.086	0.093	0.115	0.092	0.105	0.086	0.105	0.089	0.092	0.093	0.097	0.087	0.092	0.125	0.095	0.094	0.106	0.103	0.086	0.102	0.094	0.121	0.091	0.124	0.085	0.088	0.102	0.086	0.094	0.088	0.087	0.086	0.087	0.095	0.088	0.091	0.091
1:40:32	37.0	0.102	0.089	0.095	0.092	0.090	0.091	0.090	0.091	0.121	0.091	0.101	0.089	0.114	0.088	0.086	0.090	0.094	0.087	0.097	0.088	0.098	0.086	0.087	0.086	0.088	0.101	0.087	0.109	0.087	0.102	0.087	0.105	0.093	0.119	0.087	0.097	0.100	0.088	0.109	0.087	0.102	0.086	0.104	0.090	0.108	0.091	0.093	0.088	0.108	0.087	0.086	0.088	0.111	0.089	0.090	0.091	0.097	0.091	0.087	0.086	0.097	0.118	0.097	0.109	0.086	0.107	0.089	0.095	0.092	0.098	0.087	0.095	0.130	0.100	0.098	0.111	0.104	0.086	0.104	0.094	0.123	0.091	0.125	0.085	0.088	0.102	0.086	0.094	0.088	0.087	0.086	0.087	0.095	0.088	0.091	0.091
2:00:32	37.0	0.102	0.089	0.095	0.092	0.091	0.091	0.090	0.092	0.121	0.091	0.101	0.089	0.128	0.088	0.086	0.090	0.098	0.087	0.097	0.087	0.100	0.086	0.087	0.086	0.088	0.115	0.087	0.127	0.087	0.110	0.087	0.111	0.090	0.127	0.087	0.103	0.111	0.088	0.121	0.087	0.107	0.086	0.108	0.090	0.111	0.091	0.096	0.088	0.122	0.087	0.086	0.087	0.118	0.089	0.090	0.091	0.100	0.091	0.086	0.086	0.104	0.126	0.105	0.119	0.086	0.111	0.089	0.100	0.091	0.100	0.087	0.101	0.141	0.110	0.108	0.119	0.108	0.086	0.107	0.094	0.128	0.091	0.126	0.085	0.088	0.102	0.086	0.094	0.088	0.087	0.086	0.087	0.095	0.088	0.091	0.091
2:20:32	37.0	0.102	0.089	0.095	0.092	0.091	0.091	0.090	0.092	0.122	0.091	0.102	0.089	0.150	0.088	0.086	0.090	0.105	0.087	0.097	0.087	0.105	0.086	0.087	0.086	0.088	0.138	0.087	0.150	0.087	0.125	0.087	0.123	0.091	0.141	0.087	0.114	0.131	0.088	0.142	0.087	0.118	0.086	0.115	0.090	0.118	0.091	0.103	0.088	0.143	0.087	0.086	0.088	0.129	0.089	0.090	0.091	0.105	0.091	0.087	0.086	0.120	0.140	0.122	0.138	0.086	0.117	0.089	0.109	0.088	0.105	0.087	0.113	0.161	0.128	0.126	0.137	0.116	0.086	0.113	0.087	0.136	0.091	0.130	0.086	0.089	0.102	0.086	0.094	0.088	0.087	0.087	0.087	0.095	0.088	0.091	0.091
2:40:32	37.0	0.102	0.089	0.095	0.092	0.091	0.091	0.090	0.092	0.122	0.090	0.102	0.089	0.175	0.088	0.086	0.090	0.117	0.087	0.097	0.087	0.116	0.086	0.087	0.086	0.088	0.171	0.087	0.179	0.087	0.144	0.087	0.142	0.091	0.164	0.087	0.133	0.157	0.088	0.169	0.087	0.137	0.086	0.128	0.090	0.132	0.091	0.117	0.088	0.170	0.087	0.086	0.088	0.147	0.089	0.090	0.091	0.114	0.091	0.087	0.086	0.143	0.160	0.143	0.163	0.086	0.130	0.089	0.127	0.088	0.113	0.087	0.134	0.184	0.152	0.151	0.162	0.131	0.086	0.124	0.087	0.152	0.091	0.137	0.086	0.088	0.102	0.086	0.094	0.088	0.087	0.087	0.087	0.095	0.088	0.091	0.091
3:00:32	37.0	0.102	0.089	0.095	0.092	0.091	0.091	0.090	0.092	0.122	0.090	0.102	0.089	0.208	0.088	0.086	0.090	0.136	0.087	0.097	0.087	0.133	0.086	0.087	0.087	0.088	0.216	0.087	0.214	0.087	0.168	0.087	0.166	0.091	0.191	0.087	0.154	0.191	0.088	0.202	0.087	0.161	0.086	0.147	0.090	0.153	0.091	0.139	0.088	0.205	0.087	0.085	0.088	0.171	0.089	0.090	0.091	0.130	0.091	0.087	0.086	0.176	0.186	0.170	0.194	0.086	0.149	0.089	0.152	0.088	0.128	0.087	0.162	0.215	0.184	0.182	0.194	0.152	0.086	0.143	0.087	0.175	0.091	0.150	0.086	0.089	0.102	0.086	0.094	0.088	0.087	0.087	0.087	0.095	0.088	0.091	0.091
3:20:32	37.0	0.102	0.089	0.095	0.092	0.091	0.091	0.090	0.092	0.122	0.090	0.102	0.089	0.245	0.088	0.086	0.090	0.156	0.087	0.097	0.088	0.156	0.086	0.087	0.086	0.088	0.267	0.087	0.248	0.087	0.197	0.087	0.199	0.091	0.230	0.087	0.187	0.232	0.088	0.239	0.087	0.195	0.086	0.169	0.090	0.182	0.091	0.168	0.088	0.239	0.087	0.086	0.088	0.203	0.089	0.090	0.091	0.150	0.091	0.086	0.086	0.212	0.216	0.200	0.233	0.086	0.173	0.089	0.188	0.088	0.147	0.087	0.197	0.250	0.223	0.218	0.235	0.185	0.086	0.168	0.087	0.205	0.091	0.171	0.085	0.089	0.102	0.086	0.094	0.088	0.087	0.087	0.087	0.094	0.088	0.091	0.091
3:40:32	37.0	0.102	0.089	0.095	0.092	0.091	0.091	0.090	0.092	0.122	0.090	0.102	0.089	0.279	0.088	0.086	0.090	0.182	0.087	0.097	0.087	0.189	0.086	0.087	0.086	0.088	0.330	0.087	0.278	0.087	0.226	0.087	0.237	0.091	0.277	0.087	0.225	0.276	0.088	0.277	0.087	0.235	0.086	0.197	0.090	0.222	0.091	0.209	0.088	0.275	0.087	0.086	0.088	0.242	0.089	0.090	0.091	0.176	0.091	0.087	0.086	0.247	0.247	0.229	0.274	0.086	0.203	0.089	0.231	0.088	0.171	0.087	0.242	0.280	0.267	0.252	0.279	0.224	0.086	0.200	0.087	0.247	0.091	0.198	0.086	0.089	0.102	0.086	0.094	0.088	0.087	0.087	0.087	0.094	0.088	0.091	0.092
4:00:32	37.0	0.102	0.089	0.095	0.092	0.091	0.091	0.090	0.092	0.123	0.090	0.102	0.089	0.307	0.088	0.086	0.090	0.209	0.087	0.097	0.087	0.225	0.086	0.087	0.086	0.088	0.368	0.087	0.306	0.087	0.253	0.087	0.274	0.090	0.322	0.087	0.258	0.324	0.088	0.309	0.087	0.274	0.086	0.225	0.090	0.263	0.091	0.250	0.088	0.295	0.087	0.085	0.087	0.281	0.089	0.090	0.091	0.206	0.091	0.087	0.086	0.274	0.278	0.258	0.314	0.086	0.236	0.089	0.274	0.088	0.202	0.087	0.284	0.308	0.313	0.281	0.328	0.268	0.086	0.236	0.087	0.289	0.091	0.232	0.085	0.089	0.102	0.086	0.094	0.088	0.087	0.087	0.087	0.094	0.088	0.091	0.092
4:20:32	37.0	0.102	0.089	0.095	0.092	0.091	0.091	0.090	0.092	0.123	0.090	0.101	0.089	0.338	0.088	0.086	0.090	0.234	0.087	0.097	0.087	0.264	0.086	0.087	0.086	0.088	0.417	0.087	0.337	0.087	0.280	0.087	0.312	0.090	0.363	0.087	0.291	0.369	0.088	0.353	0.087	0.313	0.086	0.256	0.090	0.303	0.091	0.290	0.088	0.313	0.087	0.086	0.088	0.322	0.089	0.090	0.091	0.234	0.091	0.087	0.086	0.300	0.307	0.287	0.352	0.086	0.270	0.089	0.316	0.088	0.235	0.087	0.323	0.340	0.367	0.312	0.379	0.313	0.086	0.274	0.087	0.330	0.091	0.266	0.085	0.088	0.103	0.086	0.094	0.088	0.087	0.086	0.087	0.094	0.088	0.091	0.091
4:40:32	37.0	0.102	0.089	0.095	0.092	0.091	0.091	0.090	0.091	0.123	0.090	0.102	0.089	0.364	0.088	0.086	0.090	0.261	0.087	0.097	0.088	0.298	0.086	0.087	0.086	0.088	0.448	0.087	0.364	0.087	0.308	0.087	0.349	0.091	0.403	0.087	0.320	0.407	0.088	0.382	0.087	0.352	0.086	0.285	0.090	0.342	0.091	0.327	0.088	0.338	0.087	0.086	0.088	0.360	0.089	0.090	0.091	0.263	0.091	0.087	0.086	0.329	0.337	0.316	0.388	0.086	0.305	0.089	0.356	0.088	0.265	0.087	0.357	0.365	0.409	0.342	0.421	0.351	0.086	0.309	0.087	0.367	0.091	0.298	0.085	0.089	0.103	0.086	0.094	0.088	0.087	0.087	0.087	0.094	0.088	0.091	0.092
5:00:32	37.0	0.103	0.089	0.095	0.092	0.091	0.091	0.090	0.091	0.123	0.090	0.102	0.089	0.387	0.088	0.086	0.090	0.287	0.087	0.097	0.088	0.330	0.086	0.087	0.086	0.088	0.477	0.087	0.391	0.087	0.335	0.087	0.385	0.091	0.439	0.087	0.351	0.439	0.088	0.412	0.087	0.390	0.086	0.315	0.090	0.377	0.091	0.362	0.088	0.357	0.087	0.086	0.088	0.398	0.089	0.090	0.091	0.293	0.091	0.087	0.086	0.356	0.366	0.345	0.424	0.086	0.340	0.089	0.397	0.088	0.295	0.087	0.391	0.390	0.440	0.374	0.458	0.392	0.086	0.345	0.087	0.403	0.091	0.329	0.086	0.089	0.103	0.086	0.094	0.088	0.087	0.087	0.087	0.094	0.088	0.091	0.091
5:20:32	37.0	0.103	0.089	0.094	0.092	0.091	0.091	0.090	0.091	0.123	0.090	0.102	0.088	0.408	0.088	0.086	0.090	0.314	0.087	0.097	0.087	0.361	0.086	0.087	0.086	0.088	0.499	0.087	0.416	0.087	0.360	0.087	0.420	0.090	0.475	0.087	0.382	0.466	0.088	0.437	0.087	0.427	0.086	0.345	0.090	0.413	0.091	0.395	0.088	0.377	0.087	0.085	0.087	0.434	0.089	0.090	0.091	0.322	0.091	0.087	0.086	0.383	0.393	0.371	0.457	0.086	0.375	0.089	0.435	0.088	0.324	0.087	0.425	0.416	0.470	0.403	0.492	0.427	0.086	0.379	0.087	0.438	0.091	0.360	0.085	0.088	0.103	0.086	0.094	0.088	0.087	0.087	0.087	0.094	0.088	0.090	0.091
5:40:32	36.9	0.103	0.089	0.095	0.092	0.091	0.091	0.090	0.091	0.123	0.090	0.102	0.088	0.426	0.088	0.086	0.090	0.340	0.087	0.097	0.087	0.392	0.086	0.087	0.086	0.088	0.516	0.087	0.437	0.087	0.382	0.087	0.453	0.091	0.512	0.087	0.410	0.489	0.088	0.462	0.087	0.464	0.086	0.375	0.090	0.448	0.091	0.428	0.088	0.394	0.087	0.086	0.087	0.471	0.089	0.090	0.091	0.350	0.091	0.087	0.086	0.407	0.417	0.393	0.487	0.086	0.410	0.089	0.473	0.088	0.354	0.087	0.457	0.435	0.495	0.430	0.520	0.463	0.086	0.412	0.087	0.470	0.091	0.389	0.085	0.088	0.103	0.086	0.094	0.088	0.087	0.087	0.088	0.094	0.088	0.090	0.091
6:00:32	37.0	0.103	0.089	0.094	0.092	0.091	0.091	0.090	0.091	0.123	0.090	0.101	0.088	0.440	0.088	0.086	0.090	0.363	0.087	0.097	0.087	0.421	0.086	0.087	0.086	0.088	0.538	0.087	0.454	0.087	0.405	0.087	0.483	0.090	0.549	0.087	0.440	0.507	0.088	0.481	0.087	0.497	0.086	0.402	0.090	0.481	0.091	0.462	0.088	0.406	0.087	0.085	0.088	0.502	0.089	0.090	0.091	0.380	0.091	0.087	0.086	0.428	0.436	0.412	0.515	0.086	0.442	0.089	0.509	0.088	0.384	0.087	0.486	0.451	0.516	0.454	0.544	0.497	0.086	0.442	0.087	0.500	0.091	0.418	0.085	0.088	0.103	0.086	0.094	0.088	0.087	0.087	0.088	0.094	0.088	0.090	0.091
6:20:32	37.0	0.102	0.089	0.095	0.092	0.091	0.091	0.090	0.091	0.122	0.090	0.101	0.088	0.452	0.088	0.086	0.090	0.385	0.087	0.097	0.087	0.449	0.086	0.087	0.086	0.088	0.551	0.087	0.466	0.087	0.425	0.087	0.512	0.090	0.582	0.087	0.466	0.521	0.088	0.497	0.087	0.527	0.086	0.425	0.090	0.514	0.091	0.493	0.088	0.418	0.087	0.085	0.087	0.530	0.089	0.090	0.091	0.405	0.091	0.086	0.086	0.446	0.452	0.427	0.536	0.086	0.469	0.089	0.541	0.088	0.411	0.087	0.517	0.464	0.530	0.470	0.562	0.526	0.086	0.471	0.087	0.530	0.091	0.446	0.085	0.088	0.103	0.086	0.094	0.088	0.087	0.087	0.087	0.094	0.088	0.090	0.091
6:40:32	37.0	0.103	0.089	0.095	0.092	0.091	0.093	0.090	0.091	0.123	0.090	0.102	0.088	0.460	0.088	0.086	0.090	0.406	0.087	0.097	0.087	0.475	0.086	0.087	0.086	0.088	0.562	0.087	0.477	0.087	0.445	0.087	0.539	0.091	0.614	0.087	0.488	0.530	0.088	0.508	0.087	0.556	0.086	0.448	0.090	0.544	0.091	0.522	0.088	0.426	0.087	0.086	0.088	0.558	0.089	0.090	0.091	0.428	0.091	0.087	0.086	0.458	0.464	0.439	0.552	0.086	0.496	0.089	0.574	0.088	0.437	0.087	0.545	0.478	0.541	0.485	0.575	0.556	0.086	0.497	0.087	0.560	0.091	0.470	0.085	0.089	0.103	0.086	0.094	0.088	0.087	0.087	0.088	0.094	0.088	0.090	0.091
7:00:32	37.0	0.103	0.089	0.094	0.092	0.091	0.091	0.090	0.091	0.123	0.089	0.102	0.088	0.465	0.088	0.086	0.090	0.425	0.087	0.097	0.087	0.497	0.086	0.087	0.086	0.088	0.567	0.087	0.486	0.087	0.461	0.087	0.562	0.090	0.645	0.087	0.509	0.537	0.088	0.516	0.087	0.579	0.086	0.467	0.090	0.573	0.091	0.550	0.088	0.432	0.087	0.085	0.088	0.581	0.089	0.090	0.091	0.452	0.091	0.087	0.086	0.468	0.474	0.448	0.564	0.086	0.522	0.089	0.598	0.088	0.463	0.087	0.571	0.487	0.548	0.497	0.585	0.582	0.086	0.521	0.087	0.588	0.091	0.495	0.085	0.088	0.104	0.086	0.094	0.088	0.087	0.087	0.087	0.094	0.088	0.090	0.091
7:20:32	37.0	0.103	0.089	0.094	0.092	0.091	0.091	0.090	0.091	0.124	0.089	0.102	0.088	0.468	0.088	0.086	0.090	0.442	0.087	0.097	0.088	0.519	0.086	0.087	0.086	0.088	0.571	0.087	0.491	0.087	0.475	0.087	0.582	0.091	0.673	0.087	0.530	0.543	0.088	0.522	0.087	0.599	0.086	0.488	0.090	0.602	0.091	0.575	0.088	0.439	0.087	0.085	0.088	0.602	0.089	0.090	0.091	0.473	0.091	0.087	0.086	0.475	0.482	0.454	0.572	0.086	0.548	0.089	0.619	0.088	0.487	0.087	0.594	0.495	0.553	0.506	0.591	0.607	0.086	0.544	0.087	0.614	0.091	0.520	0.085	0.089	0.104	0.086	0.094	0.088	0.087	0.087	0.087	0.094	0.088	0.090	0.091
7:40:32	37.0	0.103	0.089	0.094	0.092	0.091	0.090	0.090	0.091	0.124	0.089	0.102	0.088	0.471	0.088	0.086	0.090	0.458	0.087	0.097	0.087	0.536	0.086	0.087	0.086	0.088	0.577	0.087	0.497	0.087	0.489	0.087	0.600	0.091	0.699	0.087	0.546	0.547	0.088	0.529	0.087	0.615	0.086	0.504	0.090	0.627	0.091	0.599	0.088	0.444	0.087	0.085	0.088	0.621	0.089	0.090	0.091	0.492	0.091	0.087	0.086	0.482	0.487	0.459	0.577	0.086	0.570	0.089	0.635	0.088	0.509	0.087	0.617	0.502	0.557	0.512	0.594	0.628	0.086	0.564	0.087	0.636	0.091	0.541	0.085	0.089	0.104	0.086	0.094	0.088	0.088	0.087	0.087	0.094	0.088	0.090	0.091
8:00:32	37.0	0.103	0.089	0.094	0.092	0.091	0.091	0.090	0.091	0.123	0.089	0.101	0.088	0.474	0.088	0.086	0.090	0.471	0.087	0.097	0.088	0.556	0.086	0.087	0.087	0.088	0.579	0.087	0.501	0.087	0.500	0.087	0.616	0.091	0.723	0.087	0.565	0.549	0.088	0.533	0.087	0.632	0.086	0.520	0.090	0.650	0.091	0.621	0.088	0.448	0.087	0.086	0.088	0.639	0.089	0.090	0.091	0.511	0.091	0.087	0.086	0.487	0.490	0.463	0.585	0.086	0.587	0.089	0.653	0.088	0.529	0.087	0.637	0.508	0.561	0.520	0.597	0.646	0.086	0.583	0.087	0.659	0.091	0.563	0.086	0.089	0.104	0.086	0.094	0.088	0.087	0.087	0.087	0.094	0.088	0.090	0.091
8:20:32	37.0	0.103	0.089	0.094	0.092	0.091	0.090	0.090	0.091	0.124	0.089	0.101	0.088	0.477	0.088	0.086	0.090	0.481	0.087	0.097	0.088	0.572	0.086	0.087	0.086	0.088	0.585	0.087	0.505	0.087	0.509	0.087	0.630	0.091	0.743	0.087	0.579	0.551	0.088	0.538	0.087	0.645	0.086	0.535	0.090	0.675	0.091	0.639	0.088	0.453	0.087	0.086	0.088	0.654	0.089	0.090	0.091	0.530	0.091	0.087	0.086	0.492	0.495	0.468	0.591	0.086	0.601	0.089	0.664	0.088	0.548	0.087	0.656	0.514	0.562	0.525	0.598	0.660	0.086	0.598	0.087	0.680	0.091	0.584	0.085	0.089	0.104	0.086	0.094	0.088	0.087	0.087	0.087	0.094	0.088	0.090	0.091
8:40:32	37.0	0.103	0.089	0.094	0.092	0.091	0.091	0.090	0.091	0.124	0.089	0.101	0.088	0.478	0.088	0.086	0.090	0.491	0.087	0.097	0.087	0.587	0.086	0.087	0.086	0.088	0.585	0.087	0.506	0.087	0.518	0.087	0.641	0.090	0.760	0.087	0.594	0.552	0.088	0.540	0.087	0.656	0.086	0.547	0.090	0.693	0.091	0.657	0.088	0.457	0.087	0.085	0.088	0.666	0.089	0.090	0.091	0.546	0.091	0.087	0.086	0.496	0.497	0.471	0.594	0.086	0.613	0.089	0.675	0.088	0.566	0.087	0.673	0.517	0.565	0.530	0.598	0.674	0.086	0.611	0.087	0.698	0.091	0.603	0.085	0.088	0.104	0.086	0.094	0.088	0.087	0.086	0.087	0.094	0.088	0.090	0.091
9:00:32	37.0	0.103	0.089	0.094	0.092	0.091	0.091	0.090	0.091	0.124	0.089	0.102	0.088	0.478	0.088	0.086	0.090	0.500	0.087	0.097	0.087	0.597	0.086	0.087	0.086	0.088	0.586	0.087	0.507	0.087	0.524	0.087	0.647	0.091	0.778	0.087	0.606	0.553	0.088	0.542	0.087	0.666	0.086	0.558	0.090	0.711	0.091	0.670	0.088	0.459	0.087	0.086	0.088	0.677	0.089	0.090	0.091	0.565	0.091	0.086	0.086	0.500	0.500	0.473	0.597	0.086	0.622	0.089	0.684	0.088	0.581	0.087	0.688	0.521	0.567	0.536	0.599	0.686	0.086	0.622	0.087	0.715	0.091	0.620	0.085	0.088	0.104	0.086	0.094	0.088	0.087	0.087	0.087	0.094	0.088	0.090	0.091
9:20:32	37.0	0.103	0.089	0.094	0.092	0.091	0.090	0.090	0.091	0.125	0.089	0.101	0.088	0.479	0.088	0.086	0.090	0.507	0.087	0.097	0.088	0.609	0.086	0.087	0.087	0.088	0.588	0.087	0.509	0.087	0.530	0.087	0.651	0.091	0.792	0.087	0.616	0.552	0.088	0.543	0.087	0.671	0.086	0.567	0.090	0.730	0.091	0.679	0.088	0.462	0.087	0.086	0.088	0.687	0.089	0.090	0.091	0.576	0.091	0.087	0.086	0.504	0.501	0.477	0.599	0.086	0.627	0.089	0.691	0.088	0.596	0.087	0.703	0.525	0.568	0.540	0.600	0.694	0.086	0.631	0.087	0.731	0.091	0.635	0.085	0.089	0.104	0.086	0.094	0.088	0.087	0.087	0.088	0.094	0.088	0.090	0.091
9:40:32	37.0	0.103	0.089	0.094	0.092	0.091	0.090	0.090	0.091	0.124	0.089	0.102	0.088	0.480	0.088	0.086	0.090	0.515	0.087	0.097	0.087	0.617	0.086	0.087	0.086	0.088	0.589	0.087	0.511	0.087	0.537	0.087	0.658	0.091	0.806	0.087	0.626	0.551	0.088	0.546	0.087	0.680	0.086	0.575	0.090	0.743	0.091	0.690	0.088	0.465	0.087	0.086	0.087	0.693	0.089	0.090	0.091	0.587	0.091	0.087	0.086	0.507	0.504	0.479	0.600	0.086	0.633	0.089	0.700	0.088	0.608	0.087	0.716	0.526	0.568	0.545	0.599	0.701	0.086	0.640	0.087	0.744	0.091	0.650	0.085	0.088	0.105	0.086	0.094	0.088	0.087	0.087	0.087	0.094	0.088	0.090	0.091
10:00:32	37.0	0.104	0.089	0.094	0.091	0.091	0.090	0.089	0.091	0.124	0.089	0.101	0.088	0.482	0.088	0.086	0.090	0.520	0.087	0.097	0.088	0.625	0.086	0.087	0.086	0.088	0.590	0.087	0.513	0.087	0.542	0.087	0.662	0.091	0.818	0.087	0.634	0.550	0.088	0.549	0.087	0.685	0.086	0.581	0.090	0.756	0.091	0.703	0.088	0.468	0.087	0.085	0.087	0.699	0.089	0.090	0.091	0.596	0.091	0.087	0.086	0.511	0.506	0.481	0.602	0.086	0.639	0.089	0.705	0.088	0.619	0.087	0.728	0.529	0.568	0.550	0.600	0.706	0.086	0.647	0.087	0.755	0.091	0.663	0.085	0.088	0.104	0.086	0.094	0.088	0.087	0.087	0.087	0.094	0.088	0.090	0.091
10:20:32	37.0	0.103	0.089	0.094	0.091	0.091	0.090	0.089	0.091	0.124	0.089	0.101	0.088	0.481	0.088	0.086	0.090	0.525	0.087	0.097	0.087	0.632	0.086	0.087	0.086	0.088	0.591	0.087	0.515	0.087	0.547	0.087	0.667	0.091	0.827	0.087	0.641	0.549	0.088	0.549	0.087	0.689	0.086	0.586	0.090	0.766	0.091	0.711	0.088	0.470	0.087	0.086	0.088	0.704	0.089	0.090	0.091	0.604	0.091	0.087	0.086	0.514	0.507	0.483	0.604	0.086	0.643	0.089	0.709	0.088	0.630	0.087	0.736	0.532	0.568	0.554	0.600	0.710	0.086	0.653	0.087	0.765	0.091	0.674	0.086	0.088	0.105	0.086	0.094	0.088	0.088	0.087	0.088	0.094	0.088	0.090	0.091
10:40:32	37.0	0.103	0.089	0.094	0.091	0.091	0.090	0.090	0.090	0.125	0.089	0.101	0.088	0.480	0.088	0.086	0.090	0.530	0.087	0.097	0.087	0.636	0.086	0.087	0.086	0.088	0.595	0.087	0.516	0.087	0.551	0.087	0.672	0.090	0.840	0.087	0.649	0.547	0.088	0.551	0.087	0.693	0.086	0.591	0.090	0.778	0.091	0.718	0.088	0.471	0.087	0.085	0.088	0.708	0.089	0.090	0.091	0.616	0.091	0.087	0.086	0.516	0.509	0.483	0.605	0.086	0.645	0.089	0.713	0.088	0.640	0.087	0.745	0.534	0.568	0.557	0.600	0.713	0.086	0.656	0.087	0.774	0.091	0.689	0.085	0.088	0.104	0.086	0.094	0.088	0.087	0.087	0.087	0.094	0.088	0.090	0.091
11:00:32	37.0	0.103	0.089	0.094	0.091	0.091	0.090	0.089	0.090	0.125	0.089	0.102	0.088	0.480	0.088	0.086	0.090	0.535	0.087	0.097	0.088	0.642	0.086	0.087	0.086	0.088	0.592	0.087	0.517	0.087	0.555	0.087	0.674	0.090	0.846	0.087	0.654	0.546	0.088	0.553	0.087	0.696	0.086	0.594	0.090	0.788	0.091	0.725	0.088	0.473	0.087	0.086	0.087	0.712	0.089	0.090	0.091	0.630	0.091	0.087	0.086	0.518	0.509	0.484	0.606	0.086	0.647	0.089	0.716	0.088	0.650	0.087	0.754	0.536	0.568	0.560	0.600	0.716	0.086	0.661	0.087	0.781	0.091	0.699	0.085	0.088	0.105	0.086	0.094	0.088	0.087	0.087	0.087	0.094	0.088	0.090	0.091
11:20:32	37.0	0.103	0.089	0.094	0.091	0.091	0.090	0.089	0.090	0.124	0.089	0.101	0.088	0.480	0.088	0.086	0.090	0.539	0.087	0.097	0.087	0.646	0.086	0.087	0.086	0.088	0.592	0.087	0.519	0.087	0.556	0.087	0.674	0.090	0.853	0.087	0.659	0.542	0.088	0.554	0.087	0.697	0.086	0.596	0.090	0.794	0.091	0.733	0.088	0.475	0.087	0.085	0.087	0.715	0.089	0.090	0.091	0.645	0.091	0.087	0.086	0.519	0.511	0.484	0.607	0.086	0.650	0.089	0.719	0.088	0.657	0.087	0.758	0.537	0.566	0.563	0.599	0.718	0.086	0.664	0.087	0.788	0.091	0.709	0.085	0.088	0.105	0.086	0.094	0.088	0.087	0.087	0.087	0.094	0.088	0.090	0.091
11:40:32	37.0	0.103	0.089	0.094	0.091	0.091	0.090	0.089	0.090	0.125	0.089	0.101	0.088	0.480	0.088	0.086	0.090	0.543	0.087	0.097	0.088	0.652	0.086	0.087	0.086	0.088	0.591	0.087	0.520	0.087	0.558	0.087	0.676	0.091	0.858	0.087	0.665	0.541	0.088	0.556	0.087	0.700	0.086	0.602	0.090	0.802	0.091	0.739	0.088	0.477	0.087	0.086	0.088	0.719	0.089	0.090	0.091	0.653	0.091	0.087	0.086	0.521	0.512	0.484	0.609	0.086	0.652	0.089	0.721	0.088	0.665	0.087	0.761	0.540	0.567	0.566	0.598	0.722	0.086	0.668	0.087	0.794	0.091	0.717	0.085	0.088	0.104	0.086	0.094	0.088	0.087	0.087	0.088	0.093	0.088	0.090	0.091
12:00:32	37.0	0.103	0.089	0.094	0.091	0.091	0.090	0.089	0.090	0.125	0.089	0.101	0.088	0.481	0.088	0.086	0.090	0.545	0.087	0.097	0.088	0.655	0.086	0.087	0.087	0.088	0.591	0.087	0.520	0.087	0.561	0.087	0.678	0.091	0.866	0.087	0.670	0.540	0.088	0.556	0.087	0.701	0.086	0.604	0.090	0.803	0.091	0.746	0.088	0.477	0.087	0.085	0.088	0.721	0.089	0.090	0.091	0.663	0.091	0.087	0.086	0.522	0.513	0.482	0.609	0.086	0.654	0.089	0.722	0.088	0.670	0.087	0.768	0.541	0.567	0.566	0.597	0.723	0.086	0.671	0.087	0.801	0.091	0.725	0.085	0.088	0.105	0.086	0.094	0.088	0.087	0.087	0.088	0.094	0.088	0.090	0.091

GFP:479,520

Time	T° GFP:479,520	A1	A2	A3	A4	A5	A6	A7	A8	A9	A10	A11	A12	B1	B2	B3	B4	B5	B6	B7	B8	B9	B10	B11	B12	C1	C2	C3	C4	C5	C6	C7	C8	C9	C10	C11	C12	D1	D2	D3	D4	D5	D6	D7	D8	D9	D10	D11	D12	E1	E2	E3	E4	E5	E6	E7	E8	E9	E10	E11	E12	F1	F2	F3	F4	F5	F6	F7	F8	F9	F10	F11	F12	G1	G2	G3	G4	G5	G6	G7	G8	G9	G10	G11	G12	H1	H2	H3	H4	H5	H6	H7	H8	H9	H10	H11	H12
0:01:23	37.0	16971	17041	16883	16940	16667	16829	16727	16649	16496	16561	16754	16476	17141	2064	2137	2091	17219	2122	2174	2230	16836	2155	2040	2035	2099	17179	2134	16875	2111	17142	2113	16925	2174	16825	2072	16875	17080	2139	17113	2102	17087	2129	17165	2148	16700	2131	16404	2079	17468	2157	2105	2158	17461	2141	2143	2204	16925	2161	2092	1999	17266	17353	17129	17158	2157	16868	2196	16895	2121	16800	2104	16829	17299	17135	17106	17280	17093	2159	17149	2172	16893	2103	16823	2093	17157	17210	17144	16716	16682	17006	16843	17030	16687	16642	16863	16842
0:21:23	37.0	16509	16304	16375	16171	16123	16210	15799	15862	16159	15956	15766	15782	16675	1983	2021	2042	16344	1990	2060	2088	16080	2050	2020	1946	2012	16386	2002	16380	2034	16545	2080	16251	2092	16137	1988	16036	16598	2052	16142	1990	16364	2088	16317	2012	16158	2026	15828	2014	16695	2012	2007	2033	16670	2081	2004	2122	16298	2016	2065	1912	16818	16636	16405	16147	2049	16430	2042	16425	2055	16098	2066	16038	16357	16731	16416	16490	16522	2049	16180	2144	16181	2043	16289	1960	16378	16447	16240	16052	16076	16017	16243	15812	15748	16040	16138	16271
0:41:23	37.0	16185	16357	15940	15959	16025	15912	16064	16006	15850	16129	15739	15690	16438	1986	2040	1961	16164	1971	2111	2061	16029	2037	1981	1902	1973	16409	2015	16416	2043	16318	2070	15946	2087	15905	1948	16097	16228	2012	16384	2004	16146	2029	16149	2009	16037	2008	15799	1964	16696	2005	1990	2030	16337	1973	2038	2082	16217	1978	2020	1933	16437	16311	16566	16325	2015	16279	2068	16109	2059	16214	2051	16138	16534	16121	16232	16003	16079	2031	16003	2032	15916	2041	16102	2000	16482	16293	16273	16149	16185	16181	15833	15868	15910	15842	15560	15831
1:01:23	37.0	16333	16258	16153	16173	16273	15956	16154	15771	15765	15909	15789	15520	16341	1966	2022	1931	16481	1997	2073	2105	16025	1982	1964	1954	1984	16320	1978	16397	2003	16276	2017	16107	2054	16069	1950	15824	16570	2008	16319	2005	16210	2055	15888	2069	15944	2008	15913	1996	16493	2043	2017	2022	16522	1975	2004	2037	15962	2002	2005	1999	16584	16354	16490	16375	2024	16182	2015	16047	2092	16225	2055	16195	16125	16314	16262	16026	16131	2073	16298	2065	15937	2042	16003	1967	16487	16335	16191	15846	16207	16128	15943	15700	15773	15807	15797	16016
1:21:23	37.0	16447	16376	16037	15951	16060	15891	16029	15667	15760	15633	15764	15762	16557	1940	1997	1937	16312	1994	2067	2074	16119	2065	1930	1919	1985	16091	1963	16207	2052	16439	2068	16104	2035	15988	1943	15989	16636	2021	16233	2057	16347	2072	16316	2092	15883	2013	15939	1948	16464	1994	2013	2017	16588	1977	2028	2051	16028	2012	2009	1957	16333	16545	16551	16260	2044	16285	2055	16183	2034	16153	2054	16273	16502	16643	16037	16196	16277	1996	16245	2040	15959	2098	15933	1961	16326	16523	16408	15809	16117	15960	15945	15722	16053	15723	15792	16127
1:41:23	37.0	16331	16241	16239	16130	16217	15983	16179	15822	15855	16032	15920	15758	16493	1960	1976	1952	16505	1935	2118	2115	15961	2006	1982	1932	1967	16662	2007	16465	2007	16509	2028	16238	2083	15915	1982	15964	16565	1960	16106	1992	16441	2077	16358	2048	16023	2027	15894	2009	16678	2030	2023	1983	16492	2016	1993	2042	16157	2034	2044	1962	16494	16586	16506	16437	2065	16405	2066	16183	2044	16378	1998	16125	16423	16251	16273	16271	16275	2072	16177	2067	16154	2004	15832	1968	16739	16179	16131	15657	16051	15980	15880	15802	15858	16031	15786	16116
2:01:23	37.0	16267	16224	15923	15945	15914	15869	16039	15841	15898	15983	15952	15633	16531	1996	2025	2054	16596	2018	2089	2031	15950	1986	1981	1924	1950	16457	2031	16288	2020	16555	2114	16297	2022	16432	1983	16076	16395	1973	16487	2056	16622	2096	16417	1996	15942	1992	16126	1961	16740	2033	2037	2084	16778	1957	1974	2080	16040	1999	2023	1884	16568	16532	16513	16378	2035	16465	1984	16419	2048	16285	2014	16507	16239	16405	16374	16530	16320	2002	16476	2117	16264	2041	16322	1973	16609	16502	16270	16087	16091	16114	16288	16075	15919	15984	15954	16050
2:21:23	37.0	16365	16365	16286	16227	16028	16038	15991	15999	15937	15825	15904	15624	16635	1973	2006	2024	16726	2000	2049	2067	16189	2058	1950	1937	1983	16570	2044	16505	1998	17015	2060	16937	2082	16486	1946	16359	16788	1909	16449	2007	16804	2085	16910	2044	16170	2040	15933	1982	16759	2004	2027	2040	16952	1961	2037	2021	16219	1985	2007	1945	16755	16430	16819	16300	2062	17100	2069	16953	2061	16345	2010	16520	16398	16482	16548	16483	16760	2063	16617	2049	16379	1977	16111	1999	16159	16237	16322	16119	16202	16044	16033	16056	15602	15858	15748	16191
2:41:23	37.0	16455	16324	16262	16119	16068	15865	15998	16086	15978	16081	16031	15697	17467	2002	2017	1984	17357	1941	2076	2170	16289	1955	2011	2016	1993	16912	1975	17953	1997	17589	2044	17230	2093	16657	2023	16626	16698	1964	16758	2025	17527	2045	17176	2044	16452	2064	16290	1941	17774	2020	2041	2111	17194	1991	2068	2031	16591	1997	2011	1929	16696	16958	16980	16615	2003	17009	2097	17253	2082	16478	2082	16736	16985	16772	16587	16661	17182	2037	16967	2097	16527	2046	16292	2014	16595	16415	16443	15890	16067	16219	16149	15943	15959	15768	15837	16143
3:01:23	37.0	16533	16452	16084	16164	16068	15896	15882	15951	16131	15880	15918	15692	20387	1979	2005	1974	17781	2052	2066	2120	16571	1990	1918	1978	1925	18405	2004	21418	1965	19631	1977	18220	2017	17052	1911	16674	18996	2004	18495	1974	18170	2052	17761	2075	16809	1960	16602	1978	21128	1985	1968	1963	18054	1984	2013	1993	16871	2026	2045	1922	17804	18505	18985	17742	2070	17645	2061	17679	2017	16609	2038	16697	18932	18326	17725	17609	17420	2029	17441	2070	16829	2017	16672	2007	16549	16532	16673	15895	16214	16051	16015	15705	15902	15702	15963	16128
3:21:23	37.0	16494	16585	16134	16127	15969	16061	16142	15850	15958	16043	15778	15708	27763	1994	2043	1944	19358	2021	2122	2078	16956	1973	1897	1948	2038	23145	1987	29921	2022	24619	2019	20843	2076	17124	1931	18342	23809	1982	23296	2026	20430	2045	19448	2017	17019	2013	16896	1982	29062	1976	2057	2089	19619	1990	2025	2014	17351	2029	2026	1950	20791	22878	24166	21639	2042	18632	2045	19177	2107	16951	2054	16847	23679	22239	21422	20921	18484	2013	18204	2068	16883	2065	16783	1950	16635	16419	16268	15938	16155	15990	16102	15883	15850	16105	15732	16245
3:41:23	37.0	16548	16299	16395	16364	16326	15944	15981	16091	15954	16263	15894	15812	40597	1990	1982	2017	24226	2007	2105	2088	17841	1985	1947	1932	1964	32715	1997	43586	2037	34696	2011	27440	2024	19138	1938	22923	34825	1982	33597	1978	25789	2072	23966	2030	18383	1996	17919	1951	41957	2012	2048	1979	23651	1995	1953	2024	20173	2018	2043	1926	28557	32719	34616	30635	2085	23145	2048	23004	2009	18692	2059	18927	34231	31492	29538	29146	21202	2004	20995	2052	17816	2040	17248	1985	16667	16566	16172	15885	16052	16038	16105	15940	15881	16015	15834	16060
4:01:23	37.0	16365	16460	16284	16348	16154	16034	16152	15808	15951	16029	16070	15628	55577	1986	1989	2020	33468	1960	2081	2069	21109	2017	1954	1962	1956	46288	1974	60327	2081	50226	2020	38973	2035	24458	1961	33229	49222	1981	47285	2044	36435	2014	33342	2039	21150	1995	21252	1951	58350	2054	1993	2046	33266	2045	2007	2036	27482	2047	2011	1948	41241	47703	49850	43465	2055	32537	2041	31472	2080	23431	2009	24485	48710	45075	42247	42072	27779	2080	26940	2041	21121	2020	19312	1988	16620	16478	16304	15923	16216	16195	16225	15998	16000	16222	16130	16127
4:21:23	37.0	16466	16640	16101	16201	16102	16188	16169	16027	16216	15902	16142	15767	72502	2001	2050	1989	48603	1985	2122	2131	28187	2053	2012	1954	1935	61809	1997	77607	2041	68222	2032	55113	2080	35829	1988	49234	65994	1929	62305	2030	51244	2082	48796	2045	29754	2039	30715	1901	75969	2017	1994	2050	46303	1953	1996	2016	42227	2031	2018	1931	57128	65246	66570	58625	2043	46829	2074	44819	2041	34312	2010	37556	64547	60618	58246	57613	40144	2024	38424	2089	29451	2055	25726	1970	16883	16585	16406	16106	16046	16372	16253	16128	15965	16033	15925	16284
4:41:23	37.0	16584	16202	16351	16351	16350	16168	16247	16207	15913	15995	16018	15757	89457	1972	2007	1995	66270	2015	2070	2073	40491	1961	1961	1925	1985	77628	1994	94489	1994	87593	2029	72549	2025	51243	1950	66405	83515	2005	78958	2033	68664	2082	66935	2009	44275	2013	45622	1949	92579	2009	2011	2006	62651	1967	2042	2079	61361	1989	1996	1940	73599	82752	84491	74471	2012	64619	2071	61464	2060	50889	1991	53414	80689	76683	74513	74433	55202	2025	53798	2016	43599	2075	38168	1984	16743	16637	16346	15985	16239	16184	16115	16038	16190	16021	16054	16405
5:01:23	37.0	16416	16429	16525	16348	16167	16100	16147	16081	15920	16247	15951	15799	103707	1983	1969	1975	85724	1977	2096	2090	54126	1994	1959	1910	1876	92734	2023	110428	1998	108449	2039	89898	2066	68753	1977	84629	100257	1969	95406	1960	86249	2011	86617	2055	61881	2065	61988	2040	108518	2022	1980	2002	79476	1980	2010	2027	81328	1976	1997	1986	90317	100572	101366	89339	2032	83608	2062	78708	2073	69676	2010	71829	96882	91449	89585	90831	72599	2041	70666	2083	60035	2004	55035	1945	16723	16541	16510	15927	16207	16276	16147	16049	15991	16158	16051	16246
5:21:23	37.0	16557	16574	16615	16213	16545	16197	16118	15825	15972	15843	15776	15700	117062	1978	2036	2006	105462	1976	2067	2074	68826	2060	1954	1952	1917	107017	2017	123247	2019	128923	2041	109627	1996	86307	1953	103134	116825	1943	109483	2042	105295	2068	107039	1992	81404	2018	81131	1999	121649	1980	2006	2003	97483	2032	2040	2002	103173	1991	2018	1953	104692	116187	116784	103717	1994	103112	2051	96714	2045	89813	2090	89523	109280	105769	102934	105731	87755	2037	88631	2044	77622	2076	73177	1957	16684	16539	16337	16057	16379	16238	16245	16199	15922	16152	16075	16157
5:41:23	37.0	16561	16412	16502	16210	16198	16174	16248	16270	16201	16100	16087	15829	127933	1979	2014	1920	127253	2021	2068	2073	82264	1976	1999	1993	1980	119209	2033	135927	2057	150492	2071	128943	2026	105143	1979	122559	128776	1987	121614	2068	125148	2018	128398	2085	100874	2061	98417	1959	133312	1991	2070	2031	115557	1918	2047	2006	125111	2071	1996	1944	117781	128142	129230	116935	2018	123336	2037	114537	2048	109659	2000	109267	121877	118475	115354	119809	106017	2045	106678	2044	95787	1993	91365	1980	16851	16724	16502	16148	16280	16099	16067	16325	16000	16399	16183	16200
6:01:23	37.0	16685	16641	16657	16508	16345	16223	16175	16069	16169	16262	15965	15995	136671	1997	1986	2047	148031	1970	2057	2095	96670	2019	2002	1922	1943	130017	1997	145902	2043	171618	2015	148552	2100	124908	1991	141564	140518	2027	131974	2018	145612	2058	150104	2029	120625	1997	118191	1919	141224	2054	1998	2021	134890	1983	2026	2026	149815	2001	2009	1953	127999	140965	142008	127071	1986	144715	2031	134328	2046	131433	2041	128758	130059	127906	125889	130893	124512	2016	126943	2052	114305	2004	110925	1957	16813	16757	16600	16211	16255	16215	16486	16278	16185	16340	15969	16152
6:21:23	37.0	16706	16735	16534	16452	16289	16327	16269	16056	16101	16164	16102	15787	144192	2007	2044	1975	169248	1951	2069	2079	109826	2014	1940	1958	1991	138811	1981	152965	2027	192010	2052	169499	2018	143995	1960	160564	148851	1970	140160	1961	164089	2079	173892	2037	142094	2055	139497	2039	148211	1993	2019	2067	153722	2045	2068	2109	173644	2077	1921	1977	136244	149449	149126	137063	2020	164881	2063	153585	2082	153085	2047	149028	136882	137324	134650	141292	141794	2032	146008	2041	134491	2042	131194	1924	16591	16637	16473	16369	16422	16355	16081	16094	16150	16042	16089	16407
6:41:23	37.0	16688	16469	16330	16263	16284	16086	16059	16031	16144	16004	16026	15710	150283	1965	1944	1940	189824	2031	2061	2121	122464	2063	2017	1937	1981	145443	2050	159142	1997	209881	2044	188754	2054	164402	1999	180727	157696	1990	148336	2040	185062	2064	194130	2058	163376	2118	160192	2013	153867	1996	1981	2045	171083	1955	2037	2060	196280	1978	1992	1928	143078	156545	153311	144564	2056	184305	2027	174195	2084	174042	2005	169841	143825	144256	142266	149602	161393	1995	165504	2101	154730	2001	152628	1976	16697	16632	16442	15963	16254	16175	16218	16117	15971	15963	16003	16364
7:01:23	37.0	16634	16407	16480	16233	16398	16100	16342	16100	16117	16129	16200	15824	154952	1947	2003	1934	209258	2002	2110	2135	135049	1997	2001	1968	1943	153028	1980	165722	1963	240255	2078	205675	2058	185692	1982	199750	163884	2056	155217	2054	203112	2050	215219	2036	185206	2040	179995	2040	159313	2080	2020	2040	188392	1952	2066	2054	221307	2026	2035	1941	148388	161901	160187	152769	1981	205364	2062	192903	2045	197492	2042	191264	149888	150404	148412	156819	178927	2003	184315	2114	176022	2062	173074	2027	16879	16970	16423	16286	16323	16567	16097	16361	16015	16298	16186	16260
7:21:23	37.0	16730	16490	16379	16303	16265	16339	16098	15996	16005	16158	16064	15899	157824	1949	2045	2027	239325	2003	1986	2072	147566	2019	2019	1980	1929	158592	1980	170703	2046	260241	2018	233334	2021	207415	1992	218145	169673	2013	160878	2038	220408	2044	242651	2064	208104	2042	200638	1991	162932	1980	2048	2067	203603	1975	2041	2023	254265	1977	2018	2015	152980	167019	163533	158752	2086	224701	2055	209952	2071	219466	2046	211267	155739	155570	153395	163084	194943	2026	202861	2013	195595	2036	195275	1995	16736	16753	16539	16158	16029	16439	16319	16151	16396	16062	16144	16080
7:41:23	37.0	16674	16491	16783	16263	16430	16290	16338	16016	16227	16087	15878	15599	162918	1966	2013	2005	256288	1980	2095	2111	158708	2068	1984	1972	1951	163319	2003	176199	2024	273239	2026	251360	2068	239201	1982	249897	174009	1994	165656	2008	246890	2023	264976	2107	240111	2008	221181	1939	166663	2077	2086	2046	221123	2037	1982	1982	280097	2045	1999	1901	157115	171350	167535	164247	2000	255104	2061	239186	2048	252803	2028	244895	159341	160514	158048	169329	212668	2041	219225	2045	216247	2056	215723	2009	16824	16778	16465	16118	16245	16353	16189	16146	16109	16161	16248	16325
8:01:23	37.0	16397	16709	16350	16293	16370	16417	16209	16203	16371	16280	16339	15972	167045	1945	2014	2039	271424	2044	2047	2114	169891	2008	1983	1968	2016	168393	2012	180787	2035	289030	2028	269378	2077	263766	2001	272162	179122	2000	173031	2027	266719	2039	283413	2032	264969	2014	256952	1944	170578	2058	2046	2051	244851	2013	2000	2043	303958	1996	2002	1980	161430	175753	169176	171713	2033	272309	2066	257613	2086	273366	2022	267612	164184	164080	164287	173433	239151	1974	248098	2041	249393	2035	248164	1919	16799	16946	16381	16222	16448	16528	16104	16055	16377	16073	16147	16387
8:21:23	37.0	16802	16776	16441	16390	16287	16149	16356	16224	16157	16031	16259	15785	170933	1983	1987	1982	290488	1996	2022	2102	179690	1936	1974	1958	1951	175147	1992	186248	2077	303343	2017	283488	2101	287356	1936	290809	183704	1959	179054	2005	279377	2073	301330	2035	289816	2078	278578	2034	175857	1978	2035	2057	262699	2005	1996	1997	324331	2021	2032	1959	165793	180302	175402	177585	2059	288525	2056	269710	2087	300153	2027	286756	170186	170070	168947	180120	256487	2076	262005	2057	270839	2082	269267	2011	16571	16874	16569	16142	16556	16403	16508	16194	16088	16169	15847	16211
8:41:23	37.0	16724	16622	16567	16262	16497	16155	16191	16265	16228	16138	16203	15908	174217	1995	2019	1970	301973	2038	2132	2053	189555	2055	1923	2028	1972	180533	2051	192444	2018	316877	2005	301155	2096	310412	2052	311777	189728	2023	184362	2005	294776	2046	316983	2124	311644	2040	299387	1972	179796	2065	2033	2021	273723	2043	1993	2077	349564	2032	2009	1973	170948	184636	178436	183673	1986	304415	2075	282987	2089	320626	2065	307167	174658	174317	175637	183281	270014	2013	279095	2116	291666	2054	291255	2006	16865	16716	16515	16027	16333	16527	16288	16251	16151	16335	16398	16335
9:01:23	37.0	16726	16604	16477	16429	16606	16226	16230	15982	16350	16158	16015	15896	177724	1948	2101	2009	316422	1941	2042	2103	200878	2032	1966	1935	2001	185757	1985	198110	1960	335075	2104	313255	2062	333944	1937	332023	195225	1988	190616	2017	309186	2060	330434	2008	338201	2051	321801	2023	183256	2023	2003	2046	288501	1987	2000	2052	371157	1968	2070	1972	174966	188805	182735	187947	2043	322489	2061	297143	2113	343628	2067	330911	180695	178804	181441	187549	288902	2040	291494	2055	317646	2060	314571	1917	16934	16739	16486	16098	16426	16583	16600	15977	16137	16150	16139	16293
9:21:23	37.0	16681	16614	16351	16470	16299	16417	16366	16155	16171	16350	16300	15783	182780	1968	1971	2004	325587	1967	2088	2076	208910	2012	1978	1926	1951	189824	2082	201583	2030	346843	2058	326574	1999	358333	1969	350678	198164	2062	195567	2057	322051	2063	340751	2032	360479	2090	334604	2024	189664	2034	2008	1996	302543	1941	2028	2033	391622	2040	2029	1954	179421	193524	187481	195415	2000	335331	2057	310126	2078	361517	2050	351293	185053	183224	187295	194959	301402	2034	305720	2066	338325	1985	335273	1978	16632	16739	16760	16360	16511	16388	16353	16185	16307	16317	16066	16308
9:41:23	37.0	16550	16657	16538	16211	16555	16258	16328	16174	16205	15990	16159	16075	185987	1988	1992	1995	342596	2007	2067	2137	219307	2050	2009	1980	1938	194846	2051	205438	2043	356962	1958	342478	2096	385362	1978	370311	203773	2029	199411	2029	336767	2093	356687	2067	384717	2042	356722	1970	193803	2054	2019	2034	318176	2018	2050	2065	415178	1991	2004	1949	185072	196647	191443	199973	2049	346533	2041	325376	2091	381927	1996	373458	190265	188918	192810	199363	317356	2003	322823	2048	363444	1998	352948	2005	16777	16817	16645	16055	16384	16308	16404	16314	16451	16249	16037	16295
10:01:23	37.0	17036	16802	16780	16488	16235	16379	16387	16152	16260	16063	16270	15981	189038	1987	1993	2045	354602	2015	2058	2047	240394	2033	1981	1952	1948	200847	2025	211043	2008	367634	2059	353776	2047	409163	1996	389635	206949	2022	204041	2106	350200	2076	374428	2065	409835	2074	378369	1985	197551	2031	2019	2072	327651	2004	2008	2064	432893	2048	2032	1995	187369	201109	195376	207202	2101	360478	2051	340260	2082	406026	1999	397891	194849	192663	199204	205077	327434	2068	334948	2082	387519	1994	377306	2033	16812	16918	16570	16172	16372	16491	16305	16115	16230	16198	16030	16294
10:21:23	37.0	16766	16741	16907	16324	16366	16519	16304	16109	16139	16111	16342	15854	191973	2025	1998	2012	366767	1982	2129	2058	251399	2043	1953	1905	1958	204962	1989	216203	2023	382634	1985	367720	2053	435439	2032	410244	212895	1987	209388	2041	359730	2107	386661	2058	429618	1993	397302	2009	201825	1994	1959	2001	344569	1963	2025	2026	447778	2039	2035	2007	193073	205885	199046	212049	2067	373854	2058	358261	2037	422227	1978	415357	200301	197937	204677	210099	339940	1991	347628	2039	409696	2050	394282	1966	16999	16852	16716	16314	16688	16521	16408	16167	16157	16211	16159	16372
10:41:23	37.0	16828	16652	16424	16517	16440	16256	16434	16256	16367	16174	16228	15904	196470	1974	1967	1983	376649	1979	2089	2046	259952	2054	1982	2000	1921	208777	2004	220074	2062	394778	2019	380686	2110	457958	1919	423441	215212	2051	214226	1992	376067	2110	400952	2073	450976	1985	418277	2037	205410	2035	1997	2085	353707	2036	2001	2053	462984	2022	2023	1991	196361	209526	202460	217809	2044	381580	2045	369074	2066	441670	2052	434078	204116	202449	210106	214561	352417	1949	358301	2044	435211	2034	417150	2026	16958	17047	16685	16305	16503	16438	16428	16266	16119	16090	16281	16282
11:01:23	37.0	16852	16843	16579	16286	16489	16100	16333	16145	16173	16195	16296	15858	198044	1967	2039	1989	385644	2043	1998	2112	269683	1999	1979	1974	1976	212530	2011	235404	2023	405815	2032	393092	2021	480889	2001	441339	220352	1986	218851	2003	385157	2063	408253	2075	478032	2054	435217	1992	208330	2084	2005	2008	364249	1980	2004	2029	482949	2060	2030	2002	200205	213615	205385	221450	2042	396140	2051	382755	2047	464664	2067	453583	208398	206851	214419	219598	363130	2058	371642	2074	449519	2018	431776	2014	16939	17017	16735	16162	16463	16468	16489	16230	16306	16294	16322	16369
11:21:23	37.0	16759	16664	16859	16334	16564	16329	16254	16209	16404	16275	16341	15883	202879	1983	2029	1943	398637	1952	2141	2084	283828	2003	1994	1930	1919	218120	1977	241650	1998	418008	2064	407368	2025	506265	2017	458354	220876	1985	233725	2010	401428	2011	424186	2115	496179	2026	454689	2092	213732	1992	2016	2081	380139	1983	1991	2089	503874	2041	2012	1923	203991	217529	207758	239145	2041	407335	2052	397722	2077	479050	2083	472655	214313	210439	220531	236597	378667	2047	384871	2059	470034	2002	448928	1977	17086	17031	16865	16374	16624	16588	16390	16104	16424	16428	16397	16485
11:41:23	37.0	16875	16694	16560	16384	16460	16365	16435	15983	16308	16339	16526	16142	203085	1993	2001	2004	407363	1990	2111	2103	294999	1994	1983	1972	1964	220148	2027	244416	2090	427034	2036	415975	2053	521901	1993	471012	236003	1940	239044	2034	411226	2091	434063	2068	514077	2030	473478	1959	216432	1993	2110	2038	392662	1971	2044	2083	514247	2055	2064	1953	208822	220667	209089	242260	2029	418083	2061	411369	2080	493792	2065	485395	217763	213151	236227	238283	393421	2045	397549	2105	487453	2067	462891	1978	16968	16945	16555	16322	16639	16317	16330	16167	16204	16267	16183	16444
12:01:23	37.0	16645	16598	16655	16307	16458	16322	16591	16319	16192	16231	16378	15773	205844	2029	2023	2007	418299	1993	2071	2078	306182	2021	1936	1979	1950	234274	1966	246944	2022	439991	2041	430577	2097	538548	2006	488300	236715	2015	242446	2058	421858	2126	446563	2072	532350	2070	485666	1998	216997	2050	2023	2069	405410	2033	2016	2057	526889	2061	2011	1994	210535	223049	210761	246493	2029	428400	2083	424578	2075	504751	2012	504636	221495	217250	240939	243776	403000	2083	413440	2039	506145	2001	479882	1995	17022	17066	16690	16328	16434	16754	16514	16538	16260	16254	15998	16373

GFP/OD

Time	A1	A2	A3	A4	A5	A6	A7	A8	A9	A10	A11	A12	B1	B2	B3	B4	B5	B6	B7	B8	B9	B10	B11	B12	C1	C2	C3	C4	C5	C6	C7	C8	C9	C10	C11	C12	D1	D2	D3	D4	D5	D6	D7	D8	D9	D10	D11	D12	E1	E2	E3	E4	E5	E6	E7	E8	E9	E10	E11	E12	F1	F2	F3	F4	F5	F6	F7	F8	F9	F10	F11	F12	G1	G2	G3	G4	G5	G6	G7	G8	G9	G10	G11	G12	H1	H2	H3	H4	H5	H6	H7	H8	H9	H10	H11	H12
0:01:23	162402	192120	177903	190337	188115	193437	186062	188978	135213	189485	153005	189379	165614	23269	24620	23182	190265	24335	22229	25283	191536	24942	23394	23445	23771	193457	24529	189820	24181	189834	24176	170101	23916	145043	23680	191110	189989	24252	172163	24078	174893	24584	167463	23761	162610	23418	187047	23598	184262	24680	24505	24523	177089	23895	23627	23879	183967	23695	24074	23057	191419	154799	191600	167395	24936	160954	24702	187099	23966	175365	24128	181543	141795	186250	195945	167604	173533	24902	170298	24795	134606	23009	138347	24422	193209	169557	197968	192138	188924	194132	194044	194629	167877	190630	170333	193586
0:21:23	160126	184853	173464	182723	182800	187182	177717	180661	136133	183825	153965	182662	163160	22432	23337	22664	181802	22900	21237	23781	184192	23810	23245	22497	22838	184944	23065	184667	23352	183833	23881	165320	23065	145117	22798	182227	185039	23318	162886	22847	169224	24139	160917	22380	159192	22288	181098	22912	177041	23100	23446	23181	169239	23330	22193	23191	177926	22203	23845	22155	187492	147876	184533	158771	23743	157526	23021	182297	23299	168389	23802	177805	134626	183053	188473	161508	166720	23715	160040	24559	134954	22377	132647	22924	184645	162039	187963	171130	181855	183892	187780	181123	163023	184580	174276	187238
0:41:23	158832	185664	169035	177717	181896	181851	181105	181268	132414	183493	155370	180969	160684	22492	23584	21813	179800	22707	21763	23527	179899	23686	22823	21988	22446	184371	23214	178629	22675	178339	23180	162714	22108	143159	22365	180258	180111	22916	164995	23034	167143	23484	160208	22297	158156	22115	180767	22369	175563	23020	23221	22656	161273	21681	22619	22460	177041	21808	23326	22399	182836	145245	186135	160837	23376	155631	23341	178197	23292	169425	23629	179511	135859	175802	185509	156127	160469	23265	158603	22653	132966	22282	130592	23419	186237	160206	188563	172348	183296	185775	183040	181972	166249	183145	170989	178277
1:01:23	160127	184122	170931	177921	181416	177289	179689	173881	131156	176375	156327	175367	157428	22290	23430	21479	181709	23033	21415	24057	169936	23047	22653	22590	22571	180132	22788	171876	22506	171688	23184	162042	21263	141577	22388	172940	181490	22870	162702	22967	166427	23812	156686	22247	152283	22115	177998	22733	170558	23456	23184	22195	157803	22216	22267	22311	169809	22073	23179	23163	182643	144726	183222	159912	22818	154704	22743	176147	22690	169010	23702	178950	131525	175987	180089	154393	158926	23397	160888	22276	132698	22366	129789	23033	186505	160619	187831	168934	183753	185166	184525	179840	165857	182318	173784	177364
1:21:23	161403	183793	168988	174901	177852	175980	177705	171787	130356	172550	155771	177500	154162	21995	23113	21546	177691	22972	21353	23703	167906	24012	22261	22159	22608	170636	22641	161424	23586	168088	23770	158193	21066	137947	22333	169555	176416	23018	157602	23671	165455	24037	159648	23322	148857	22145	175154	22212	163984	22893	23544	22312	154164	22264	22533	22489	167307	22159	23199	22677	176192	144372	179317	155153	23712	154653	23194	175141	21895	166870	23664	176497	131910	174821	171153	152648	157570	23129	159109	21795	131675	22979	128804	22963	184475	162308	190127	168539	182525	183238	184335	180092	169157	179282	173348	177610
1:41:23	160422	182074	171117	175517	179392	176218	179567	173107	131033	176954	157002	177455	144170	22197	22870	21737	175585	22318	21903	24144	163703	23353	22860	22335	22378	165134	23149	150503	23069	161694	23310	154943	22374	133180	22729	164408	165816	22323	147897	22923	161503	24095	156836	22806	148636	22299	171456	22908	154283	23333	23661	22637	148309	22703	22144	22390	166053	22450	23603	22761	170569	139966	170517	150247	23984	152889	23318	170168	22097	167122	23045	169916	125943	162024	165713	147249	156040	24009	155848	22013	130908	21950	126961	23044	189141	158773	187135	166741	181984	183047	183584	181008	167455	182378	173282	177489
2:01:23	159637	182088	167964	172752	175651	174576	177816	172748	131388	176218	157318	176047	128947	22605	23465	22848	169867	23249	21603	23211	159023	23120	22849	22243	22184	143479	23426	128353	23218	150091	24299	146688	22343	129692	22767	155926	147570	22472	136482	23659	154767	24316	151728	22252	143881	21938	168154	22360	136765	23368	23825	23817	142670	22063	21958	22782	160883	22064	23387	21831	158545	131311	156521	137054	23635	148467	22393	164354	22580	162525	23203	163436	114763	149001	151471	138558	151391	23225	154125	22618	127361	22355	129540	23130	187672	162102	188528	171321	182231	184794	188301	183924	168099	181224	175512	176568
2:21:23	160284	183464	171612	175807	176714	176242	177087	174281	130738	174476	156535	175748	111197	22319	23218	22489	159904	23041	21189	23623	153450	23902	22491	22393	22534	120247	23576	110180	22939	136557	23678	137587	22980	117171	22317	143249	128251	21718	115838	23096	142407	24132	146534	22762	137383	22442	154390	22548	116950	23034	23708	23261	131207	22083	22659	22136	154761	21909	23176	22538	139393	117190	137861	118030	23949	145532	23326	155532	23447	156113	23157	145808	102168	128565	131125	120314	144857	23905	147053	23498	120700	21654	124122	23380	182381	159186	189131	171479	183281	183570	185139	183497	164926	179592	172865	177338
2:41:23	161166	183004	171540	174448	177351	174341	177558	175229	131398	177691	157941	176569	99926	22647	23345	22069	148477	22388	21446	24800	140908	22733	23195	23333	22622	98785	22780	100408	22954	121807	23494	121595	23102	101815	23226	125102	106560	22369	99454	23303	128028	23696	134714	22736	124920	22731	138993	22132	104676	23218	23871	24098	116569	22421	22978	22245	145919	22042	23222	22352	116755	105855	118575	102183	23237	130738	23668	135744	23686	145694	24014	124524	92110	109980	109920	102973	131361	23576	136720	24076	109017	22410	119268	23556	187514	160931	190533	169223	181753	185785	186478	182206	168700	178371	173842	176619
3:01:23	161771	184027	169842	174935	176960	174298	176271	173569	132547	175470	156365	176315	98156	22412	23206	21958	131225	23668	21365	24229	124876	23113	22122	22841	21875	85208	23088	100178	22560	116782	22698	109627	22263	89371	21940	108132	99508	22799	91787	22716	112787	23778	120823	23081	110079	21586	119525	22528	103265	22816	23044	22409	105703	22317	22342	21853	129977	22337	23614	22271	101274	99436	111940	91548	24042	118662	23262	116386	22947	130267	23479	103387	88056	99652	97283	90768	114756	23484	121710	23739	96056	22092	111295	23474	186783	161603	193198	169096	183416	183860	184931	179486	168097	178027	175611	176262
3:21:23	161389	185515	170370	174913	175870	176495	179156	172846	130589	177467	155295	176892	113365	22582	23646	21624	123852	23310	21967	23721	108414	22942	21880	22546	23159	86685	22918	120406	23241	125097	23180	104529	22914	74420	22170	97928	102537	22574	97554	23314	104608	23696	114873	22461	93717	22170	100571	22574	121497	22687	24058	23847	96455	22410	22525	22083	115289	22395	23422	22596	98025	105819	120649	92792	23689	107451	23055	102114	23998	115391	23691	85388	94792	99592	98131	89101	99860	23326	108357	23716	82156	22618	98204	22834	187754	160813	188505	169373	182956	183162	185935	181520	168438	182390	173451	177930
3:41:23	162076	182315	173309	177100	179802	174825	177567	175474	130770	180100	156283	177863	145718	22486	22940	22411	132891	23149	21768	23863	94397	23055	22457	22335	22293	99196	23033	156954	23414	153522	23115	115586	22340	69016	22225	101971	125995	22548	121333	22762	109601	23981	121778	22581	82657	21958	85819	22196	152405	23126	23953	22591	97853	22466	21700	22193	114295	22249	23564	22317	115803	132358	151162	111888	24188	114015	23089	99800	22856	109119	23721	78211	122254	118125	117214	104316	94567	23221	104818	23532	72071	22344	87067	23216	188115	161777	187176	169169	181789	183501	185970	182380	168588	180960	174383	175328
4:01:23	160127	184323	172135	177118	178104	175811	179467	172388	130106	177705	158325	176189	180856	22492	22994	22469	160287	22607	21520	23646	93651	23481	22537	22682	22227	125783	22768	196954	23920	198679	23218	142133	22486	75862	22514	128894	152108	22563	153026	23521	132974	23337	148055	22706	80449	21971	84940	22221	197998	23609	23337	23383	118258	23055	22300	22325	133408	22569	23222	22599	150295	171717	192993	138600	23840	137927	23036	114903	23690	115938	23145	86094	158355	144240	150506	128464	103808	24130	113959	23433	73033	22125	83385	23306	187585	161233	188922	169574	183647	185297	187356	183043	169671	184132	178035	176059
4:21:23	160644	186338	170201	175716	177140	177500	179656	174967	132160	176297	159348	177556	214694	22661	23754	22125	207351	22869	21967	24354	106648	23872	23233	22590	22014	148081	23033	230356	23433	243302	23356	176531	22983	98648	22824	169131	178991	21970	176702	23360	163771	24125	190758	22747	98069	22456	106060	21651	242635	23184	23322	23402	143977	21993	22202	22105	180457	22393	23303	22401	190490	212182	231790	166312	23728	173248	23382	141787	23220	146195	23157	116236	189621	165127	186566	152174	128420	23453	140439	23984	89381	22484	96678	23068	190768	161647	190104	171523	181516	187537	187896	184531	169480	181780	175579	177967
4:41:23	161953	181230	172844	177151	179868	177475	180522	177126	129690	177722	157657	177644	246031	22333	23229	22167	254103	23188	21406	23664	135876	22802	22618	22280	22531	173122	22972	259300	22920	284393	23295	207936	22351	127312	22362	207451	205045	22810	206805	23368	195235	24125	235025	22347	129535	22170	139602	22198	274308	23065	23520	22900	173886	22176	22689	22771	233489	21929	23048	22506	223909	245774	267292	191985	23341	211866	23348	172458	23436	191962	22938	149410	220945	187535	217747	176591	157092	23465	174104	23119	118863	22702	127995	23232	188973	161681	189409	170053	183699	185384	186085	183291	171686	181850	177001	179094
5:01:23	160000	183770	174498	177310	178051	176535	179411	175941	129853	180522	156844	178117	268115	22407	22763	21944	298586	22776	21675	23858	163919	23159	22569	22081	21294	194248	23306	282352	22939	323632	23383	233623	22804	156756	22672	240902	228272	22400	231793	22555	221378	23275	275062	22884	164010	22692	171001	23208	304142	23188	23131	22828	199638	22247	22309	22202	277286	21786	23007	23013	253557	274937	294156	210805	23546	245978	23221	198407	23557	235790	23103	183518	248161	207980	239340	198234	185391	23623	204948	23860	149081	21902	167077	22749	188747	160592	191088	169256	183130	186011	186025	183417	169396	183197	177163	177746
5:21:23	161060	185807	176006	175846	182214	177794	179288	172951	130277	176425	155429	177401	286846	22401	23592	22314	336295	22791	21375	23730	190707	23981	22564	22593	21784	214463	23291	296124	23207	358319	23460	261203	22055	181508	22423	269914	250697	22155	250304	23525	246708	23991	310258	22158	197247	22225	205603	22794	323105	22785	23489	22891	224512	22909	22692	21976	320513	21976	23303	22657	273490	295641	314612	227200	23159	275185	23149	222229	23265	276944	24106	210642	262566	224945	255166	214944	205563	23631	233917	23467	177260	22763	203439	22916	188520	160729	189524	170638	185493	186002	187587	185131	169563	183129	178018	176579
5:41:23	161256	183991	174624	176004	178392	177932	180734	178009	131395	179287	158493	178859	300171	22387	23310	21357	374825	23310	21386	23691	210125	22950	23083	23067	22500	230936	23449	311117	23644	393649	23805	284705	22362	205157	22721	298851	263453	22631	263405	23797	269832	23384	342577	23167	225417	22698	229678	22312	338527	22885	24211	23211	245552	21623	22744	21996	356950	22834	23048	22552	289602	307000	328579	239916	23411	300746	22965	242048	23299	309684	23041	239306	279855	239247	268390	230358	229077	23696	258739	23467	203672	21805	234992	23185	190407	161585	191439	171970	184163	184199	185317	186146	169671	185719	178818	177049
6:01:23	162148	186558	176451	179240	179813	178471	180323	176002	131669	181293	157446	180939	310475	22590	22986	22770	407574	22722	21294	23943	229675	23477	23091	22245	22054	241577	23007	321299	23483	423748	23134	307497	23204	227436	22859	321590	277320	23087	274317	23222	292982	23875	373393	22570	250675	21969	255991	21856	347928	23609	23396	23071	268866	22356	22536	22215	394561	22086	23172	22630	298993	323018	344262	246932	23039	327780	22923	263750	23276	342630	23514	264825	288251	248072	277472	240568	250678	23360	287007	23559	228656	21950	265180	22916	189977	162060	192352	172457	183880	185739	190150	185822	171998	185261	176648	176525
6:21:23	162985	187612	174963	178826	179197	179615	181371	176053	131437	180402	158797	178788	319150	22729	23685	21944	440062	22503	21374	23760	244492	23391	22376	22662	22599	251971	22849	327970	23299	451895	23586	331182	22298	247244	22477	344854	285483	22437	281842	22566	311423	24090	408869	22684	276340	22607	283185	23223	354317	22882	23642	23623	289987	23055	22978	23150	429281	22900	22208	22908	305754	330639	348833	255619	23461	351709	23284	283734	23713	372379	23610	288144	294750	259053	286185	251230	269519	23546	309798	23406	253517	22366	294487	22529	187469	161055	190881	174138	185980	187128	185693	183931	171991	182503	178370	179508
6:41:23	162019	184630	172804	176964	179339	173715	179030	175779	131145	178616	157892	177916	326560	22254	22526	21580	467777	23426	21335	24268	257982	23988	23264	22393	22486	258980	23672	333491	22980	471537	23467	350193	22671	267712	22951	370039	297483	22639	291713	23502	332785	23917	433133	22892	300434	23300	306999	22927	360767	22969	23170	23345	306491	22041	22633	22588	459027	21832	23002	22367	312466	337673	349467	261939	23852	371808	22852	303687	23709	397992	23099	311749	301015	266548	293090	260404	290014	23117	332939	24122	276402	21941	324395	23138	188454	160851	190521	170000	183869	185069	187275	183984	170267	181398	177220	178842
7:01:23	161339	183729	174761	176638	180595	177313	182185	176342	131139	180212	159606	179207	333302	22025	23210	21513	492836	23065	21820	24400	271783	23248	23080	22751	22054	269843	22837	340922	22563	521047	23885	365905	22740	287895	22755	392436	305014	23417	300633	23664	350798	23754	460460	22673	323447	22467	327323	23235	368354	23881	23653	23288	324311	22007	22981	22571	489942	22362	23499	22517	317272	341491	357800	271107	23035	393719	23273	322419	23265	426917	23525	334963	307526	274360	298616	268296	307329	23210	353500	24271	299561	22610	349433	23735	190723	163487	190301	173440	184858	189337	185663	187197	170191	184575	179247	177899
7:21:23	162427	185073	173506	177593	179130	180143	179465	175780	129386	180536	158110	180261	337159	22023	23696	22522	541582	23076	20517	23653	284492	23477	23287	22890	21896	277696	22785	347664	23490	547530	23195	401124	22307	308332	22844	411672	312358	22901	307900	23452	368083	23685	497032	22959	345630	22464	349179	22677	370806	22732	23981	23569	338043	22241	22678	22182	537899	21797	23303	23349	322131	346800	360205	277490	24200	410113	23168	339344	23561	450556	23571	355549	314307	281422	303212	275946	321105	23449	373043	23085	318818	22300	375529	23361	188894	161553	191424	171894	181324	187874	188441	184583	174797	182938	178980	176123
7:41:23	161726	185084	177786	176964	181147	180000	181938	176194	131180	180146	156433	177060	345678	22265	23326	22278	560192	22811	21643	24126	296208	24047	22884	22824	22145	283196	23076	354240	23291	559228	23234	418864	22826	342058	22755	457268	318232	22711	313386	23107	401643	23441	526059	23437	383013	22090	369497	22059	375790	23874	24426	23330	356133	22965	22047	21732	569650	22572	23083	22028	325897	352065	364682	284706	23229	447315	23236	376552	23299	497057	23337	396655	317412	288279	308386	284970	338374	23650	388973	23452	339958	22495	398380	23525	189887	161638	190567	171286	183767	186678	186940	184737	171555	183439	180133	179002
8:01:23	158732	187321	173199	177291	180088	181203	180702	178251	132666	181899	161453	181088	352193	21977	23283	22656	575783	23548	21147	24132	305449	23322	22846	22725	22857	290633	23180	360708	23364	578407	23257	437231	22900	364670	22947	481617	326329	22753	324514	23326	421957	23600	545340	22603	407394	22132	413971	22116	380585	23628	23902	23387	383118	22669	22222	22401	594597	21982	23065	22917	331274	358314	365076	293526	23557	464295	23266	394446	23705	516662	23268	420311	323260	292634	315633	290459	369974	22847	425919	23433	378556	22265	440710	22444	189605	162163	189815	172391	185853	188891	185744	183486	174038	182440	178815	179682
8:21:23	162968	188283	174348	178735	179570	178639	182341	178482	130614	179518	160503	179375	358576	22432	23024	22022	603423	22995	20888	23995	314198	22512	22768	22636	22145	299499	23002	368881	23874	596427	23157	449910	23190	386595	22253	502001	333462	22287	332876	23072	433344	24021	562918	22661	429484	22860	435959	23140	388034	22736	23801	23482	401558	22604	22202	21897	611945	22307	23437	22700	337183	363952	374951	300737	23886	480235	23179	406129	23743	548125	23353	436862	331359	302400	321620	301204	388676	24056	438209	23589	398234	22804	461311	23548	187032	161628	191993	171723	187285	187677	190404	185074	171331	183739	175493	177947
8:41:23	161897	186554	175684	177339	181885	178311	180703	179130	130977	180919	159793	180773	364547	22568	23368	21889	615267	23479	22070	23463	323032	23895	22180	23472	22384	308815	23656	380550	23195	611968	23046	470114	23160	408168	23559	525054	343523	23041	341411	23099	449011	23708	579812	23653	449638	22442	455619	22435	393083	23736	23806	23071	410934	23033	22169	22799	640462	22404	23199	22889	344931	371128	378925	309370	23066	496356	23420	419364	23739	566677	23818	456686	337503	308362	331141	306490	400555	23353	456784	24294	417860	22497	483010	23517	190565	160576	191367	170500	184972	189313	188301	185726	172369	185414	181796	179112
9:01:23	161917	186352	174544	179160	182885	179095	180936	175820	131855	180941	157783	180227	371730	22011	24317	22322	632844	22388	21117	24034	336648	23628	22676	22370	22687	317262	22895	390518	22503	639334	24156	483941	22734	428958	22213	547712	352965	22642	351431	23211	464104	23870	591645	22336	475870	22563	480013	23015	399686	23253	23427	23356	426020	22401	22247	22525	657264	21698	23931	22851	349582	377837	385924	314819	23701	518471	23236	434610	24039	591646	23813	480836	346491	315518	338446	313313	421386	23611	468941	23540	444074	22588	507373	22447	191345	160335	191031	171073	185814	189520	191465	182594	172036	183107	178726	178651
9:21:23	161481	186256	173210	179607	179307	181403	182453	177723	129783	183091	160750	179149	381427	22237	22813	22242	642564	22661	21593	23699	343263	23395	22788	22240	22120	322665	23986	396037	23333	654668	23628	501650	22064	452384	22580	569098	358863	23485	360028	23617	479742	23905	601502	22603	493672	22992	492789	23000	410173	23379	23485	22759	440639	21883	22558	22292	679781	22492	23403	22642	355923	386353	393042	326508	23202	534648	23191	448678	23641	607081	23590	499492	352616	322464	346778	324715	434610	23542	484578	23666	462762	21718	527823	23162	187508	160643	193981	173858	186988	187291	188616	184760	173663	185000	177918	178425
9:41:23	160524	186947	175191	176976	182324	179845	182232	178128	130265	179461	159202	182670	387312	22514	23056	22167	665235	23149	21398	24451	355268	23837	23172	22917	21998	331089	23656	402189	23510	664610	22480	520721	23135	478295	22710	591646	369556	23136	365155	23349	495537	24281	620110	23018	518137	22464	516764	22437	416691	23609	23614	23246	459195	22777	22803	22667	707650	21951	23141	22610	364962	390095	400006	333344	23826	547532	23036	465155	23788	627756	23022	521444	361996	332895	353520	332771	452654	23237	504411	23513	488631	21884	543080	23505	189571	160774	192874	170980	185549	186590	189423	186446	175011	184438	177794	178673
10:01:23	164440	188363	177943	180394	179194	181384	183095	178278	131447	180281	160930	181602	392195	22477	23067	22722	681796	23214	21282	23368	384507	23640	22849	22566	22086	340303	23329	411310	23080	677791	23612	534243	22594	500199	22916	614760	376271	23030	371659	24263	511465	24056	644011	22996	541966	22841	538604	22557	422569	23345	23642	23680	468810	22593	22336	22632	725843	22580	23437	23117	366815	397213	406103	344189	24374	564128	23123	482844	23659	656151	23030	546854	368404	339016	362321	341567	463656	23935	517774	23876	513134	21840	568832	23806	189966	162205	192005	172043	184994	188469	188062	184382	173397	184278	177913	178662
10:21:23	161990	188101	179290	178600	180441	183341	182168	177804	130363	180617	161482	180159	398863	22907	23125	22331	698072	22834	22017	23520	397657	23728	22526	22049	22174	346923	22915	419893	23226	699770	22790	551635	22660	526465	23303	639707	387575	22605	381468	23460	522408	24415	659381	22892	560859	21925	558558	22856	429598	22893	22912	22842	489306	22131	22500	22215	741232	22506	23472	23229	375848	406245	412445	351307	23979	581421	23202	505091	23148	670095	22788	564190	376506	348603	369653	350048	478991	23071	531948	23383	535830	22429	585075	22994	192079	160955	193472	173738	188778	188596	189250	184555	172433	184007	179146	179912
10:41:23	162904	187312	174168	180514	181257	180022	183415	179624	130727	181935	160197	181139	409398	22356	22793	22033	710123	22800	21603	23410	408473	23884	22887	23148	21805	350709	23114	426665	23701	716996	23180	566750	23315	544993	22032	652150	393225	23360	388936	22949	542979	24450	679004	23085	579512	21837	582234	23174	435930	23391	23384	23801	499445	22954	22258	22511	751597	22293	23360	23071	380618	411642	418912	360134	23740	591322	23081	517418	23504	689571	23668	582577	382311	356236	377278	357602	494135	22610	545858	23467	562288	22254	605267	23751	191833	163285	193337	173642	186897	187863	189700	186110	172212	182841	180699	178923
11:01:23	162979	189673	175811	178379	181597	178492	182492	178595	129488	182171	160552	180821	412850	22251	23627	22100	720695	23564	20683	24110	420329	23244	22826	22821	22404	359003	23195	454975	23253	731726	23330	583569	22331	568494	22974	674727	403649	22620	395681	23049	553386	23933	687526	23107	606794	22621	600382	22662	440165	23954	23450	22949	511298	22348	22267	22272	766464	22712	23441	23225	386198	419429	424174	365429	23717	612651	23149	534649	23288	714428	23841	601888	388657	364495	382686	365936	507307	23847	562412	23812	575274	22103	617440	23611	191401	162686	193917	171936	186655	188206	190404	185698	174209	184739	180953	180077
11:21:23	161923	187658	178970	179101	182624	181433	181609	179303	131865	183071	161154	181106	422665	22432	23511	21589	739724	22514	22141	23817	439022	23291	23025	22338	21757	368695	22803	465966	22992	751543	23724	603956	22376	593859	23157	695108	407145	22608	422115	23130	575937	23302	711841	23579	624675	22288	620651	23800	450246	22897	23607	23783	531366	22356	22147	22931	780958	22503	23233	22309	392895	425360	428898	394043	23705	626959	23160	553314	23629	729037	24025	623309	398870	371932	392055	395251	527612	23720	579189	23612	596566	21928	633363	23150	193281	162820	195650	174191	188054	189794	189261	184256	175470	187107	181987	181553
11:41:23	163517	187995	175983	179256	181078	181632	183631	176803	130778	183791	163300	183850	423447	22545	23160	22267	749794	22953	21830	24007	452383	23186	22872	22798	22268	372249	23353	470212	24023	764883	23375	615439	22660	608205	22908	708289	436235	22096	430090	23406	587634	24258	721514	23003	640674	22332	640528	22261	453831	22908	24678	23265	546426	22221	22736	22865	787635	22657	23806	22657	400579	430738	432181	397865	23566	641428	23262	570316	23636	742768	23790	637755	403190	376127	417731	398600	545206	23696	595401	24168	613766	22615	645234	23162	191729	162153	191831	173823	188437	186480	188351	184555	173305	184642	179612	181101
12:01:23	160821	186914	176430	178609	181455	181356	185582	180520	129640	182576	161998	179852	428217	22927	23414	22275	766818	22961	21395	23721	467097	23473	22330	22852	22109	396403	22650	474710	23215	784857	23433	634976	23146	621880	23005	728915	438280	22924	435976	23655	601537	24664	739710	23048	663117	22747	651289	22705	454920	23563	23689	23619	561977	22920	22400	22555	794944	22723	23195	23105	403556	434370	437536	404817	23566	655046	23484	587814	23580	753360	23153	656993	409040	383225	425612	408130	557323	24137	616155	23383	631891	21893	661906	23361	192339	163155	193395	173887	185695	191474	190473	188790	173163	184495	177361	180319

