

Software Version	2.09.1



Experiment File Path:	C:\Users\Public\Documents\Experiments\Charly\pBGT-Sulbactam-gradient-on-LBAMP2k_rowC.xpt
Protocol File Path:	C:\Users\Public\Documents\Protocols\Charly\PBGT-BH-24h.prt



Plate Number	Plate 1
Date	13/05/2019
Time	18:52:34
Reader Type:	ELx808
Reader Serial Number:	Unknown
Reading Type	Reader

Procedure Details

Plate Type	96 WELL PLATE
Set Temperature	Setpoint 37°C
	Preheat before moving to next step
Start Kinetic	Runtime 24:00:00 (HH:MM:SS), Interval 0:20:00, 73 Reads
    Shake	Fast, 0:30 (MM:SS)
    Read	OD
	Absorbance Endpoint
	Full Plate
	Wavelengths:  630
	Read Speed: Normal
End Kinetic	

OD:630

Time	T° OD:630	A1	A2	A3	A4	A5	A6	A7	A8	A9	A10	A11	A12	B1	B2	B3	B4	B5	B6	B7	B8	B9	B10	B11	B12	C1	C2	C3	C4	C5	C6	C7	C8	C9	C10	C11	C12	D1	D2	D3	D4	D5	D6	D7	D8	D9	D10	D11	D12	E1	E2	E3	E4	E5	E6	E7	E8	E9	E10	E11	E12	F1	F2	F3	F4	F5	F6	F7	F8	F9	F10	F11	F12	G1	G2	G3	G4	G5	G6	G7	G8	G9	G10	G11	G12	H1	H2	H3	H4	H5	H6	H7	H8	H9	H10	H11	H12
0:00:00	36.9	0.081	0.082	0.083	0.088	0.092	0.091	0.094	0.087	0.095	0.083	0.082	0.086	0.092	0.084	0.079	0.079	0.078	0.088	0.079	0.079	0.079	0.079	0.078	0.090	0.086	0.084	0.091	0.093	0.085	0.083	0.094	0.087	0.085	0.082	0.085	0.084	0.093	0.080	0.079	0.081	0.079	0.083	0.078	0.079	0.079	0.079	0.079	0.080	0.106	0.084	0.098	0.086	0.091	0.088	0.090	0.084	0.091	0.089	0.092	0.091	0.080	0.078	0.077	0.077	0.078	0.078	0.077	0.079	0.082	0.078	0.079	0.078	0.079	0.079	0.078	0.083	0.078	0.079	0.078	0.078	0.079	0.078	0.078	0.078	0.079	0.079	0.079	0.079	0.079	0.079	0.078	0.078	0.079	0.078	0.079	0.082
0:20:00	36.9	0.083	0.083	0.085	0.090	0.093	0.092	0.095	0.088	0.097	0.085	0.084	0.087	0.092	0.084	0.079	0.079	0.080	0.086	0.079	0.079	0.079	0.079	0.079	0.089	0.082	0.086	0.091	0.093	0.086	0.083	0.095	0.087	0.084	0.081	0.083	0.083	0.093	0.080	0.079	0.081	0.079	0.083	0.078	0.079	0.079	0.079	0.079	0.081	0.108	0.087	0.100	0.087	0.092	0.089	0.091	0.085	0.092	0.089	0.094	0.093	0.080	0.078	0.077	0.077	0.077	0.077	0.077	0.079	0.082	0.078	0.079	0.078	0.079	0.079	0.078	0.083	0.078	0.079	0.079	0.078	0.079	0.078	0.078	0.078	0.079	0.079	0.079	0.079	0.079	0.079	0.078	0.079	0.079	0.079	0.079	0.082
0:40:00	36.9	0.088	0.088	0.089	0.091	0.097	0.095	0.098	0.092	0.102	0.088	0.088	0.091	0.092	0.084	0.079	0.079	0.080	0.085	0.079	0.079	0.079	0.079	0.079	0.089	0.084	0.091	0.093	0.097	0.091	0.085	0.097	0.086	0.083	0.081	0.083	0.083	0.093	0.080	0.079	0.081	0.079	0.083	0.078	0.079	0.079	0.079	0.079	0.080	0.109	0.091	0.104	0.091	0.095	0.091	0.094	0.087	0.095	0.092	0.097	0.095	0.080	0.078	0.077	0.077	0.077	0.077	0.077	0.079	0.082	0.078	0.079	0.078	0.079	0.079	0.078	0.083	0.078	0.079	0.079	0.078	0.079	0.078	0.078	0.078	0.079	0.079	0.079	0.079	0.079	0.079	0.078	0.079	0.079	0.079	0.079	0.082
1:00:00	37.0	0.099	0.101	0.099	0.097	0.106	0.100	0.103	0.095	0.115	0.096	0.100	0.098	0.092	0.084	0.078	0.079	0.081	0.084	0.079	0.079	0.079	0.079	0.079	0.089	0.088	0.104	0.099	0.103	0.102	0.089	0.100	0.086	0.082	0.080	0.083	0.083	0.093	0.080	0.079	0.081	0.079	0.083	0.078	0.079	0.079	0.079	0.079	0.080	0.114	0.100	0.113	0.099	0.099	0.097	0.100	0.091	0.100	0.097	0.103	0.102	0.079	0.078	0.077	0.077	0.077	0.077	0.077	0.079	0.082	0.078	0.079	0.078	0.079	0.079	0.078	0.083	0.078	0.079	0.079	0.078	0.079	0.078	0.078	0.078	0.079	0.079	0.079	0.079	0.079	0.079	0.078	0.079	0.079	0.079	0.079	0.082
1:20:00	37.0	0.119	0.123	0.115	0.107	0.120	0.111	0.114	0.107	0.135	0.110	0.125	0.111	0.092	0.084	0.078	0.079	0.081	0.084	0.079	0.079	0.079	0.079	0.079	0.089	0.092	0.124	0.107	0.115	0.115	0.095	0.102	0.086	0.083	0.081	0.083	0.083	0.093	0.080	0.079	0.081	0.079	0.083	0.078	0.079	0.079	0.079	0.079	0.080	0.124	0.114	0.128	0.113	0.109	0.106	0.115	0.099	0.109	0.106	0.112	0.111	0.080	0.078	0.077	0.077	0.077	0.077	0.077	0.079	0.082	0.078	0.079	0.078	0.079	0.079	0.078	0.083	0.078	0.079	0.078	0.078	0.079	0.078	0.078	0.078	0.079	0.079	0.079	0.079	0.079	0.079	0.078	0.078	0.079	0.078	0.079	0.082
1:40:00	36.9	0.141	0.149	0.135	0.120	0.136	0.125	0.128	0.122	0.158	0.126	0.155	0.126	0.092	0.083	0.078	0.079	0.081	0.083	0.079	0.079	0.079	0.079	0.078	0.089	0.093	0.135	0.121	0.125	0.118	0.102	0.104	0.086	0.082	0.080	0.082	0.082	0.093	0.080	0.079	0.081	0.079	0.083	0.078	0.079	0.079	0.079	0.079	0.080	0.139	0.135	0.150	0.133	0.124	0.119	0.137	0.111	0.122	0.119	0.125	0.122	0.080	0.078	0.077	0.077	0.077	0.077	0.077	0.079	0.082	0.078	0.079	0.078	0.079	0.079	0.078	0.083	0.078	0.079	0.078	0.078	0.079	0.078	0.078	0.078	0.079	0.079	0.079	0.079	0.078	0.078	0.078	0.078	0.078	0.078	0.079	0.082
2:00:00	36.9	0.169	0.176	0.156	0.136	0.153	0.141	0.145	0.141	0.184	0.147	0.189	0.144	0.092	0.084	0.078	0.079	0.081	0.083	0.079	0.079	0.079	0.079	0.078	0.088	0.092	0.147	0.139	0.136	0.128	0.105	0.106	0.087	0.083	0.080	0.083	0.083	0.093	0.080	0.079	0.081	0.079	0.083	0.078	0.079	0.079	0.079	0.079	0.080	0.155	0.160	0.176	0.156	0.141	0.138	0.162	0.126	0.138	0.135	0.143	0.137	0.079	0.078	0.077	0.077	0.077	0.077	0.077	0.079	0.082	0.078	0.079	0.078	0.079	0.079	0.078	0.083	0.078	0.079	0.079	0.078	0.079	0.078	0.078	0.078	0.079	0.079	0.079	0.079	0.079	0.079	0.078	0.079	0.079	0.079	0.079	0.082
2:20:00	36.9	0.199	0.205	0.178	0.155	0.173	0.162	0.165	0.160	0.212	0.168	0.225	0.164	0.092	0.084	0.078	0.079	0.081	0.083	0.079	0.079	0.079	0.079	0.079	0.088	0.092	0.164	0.159	0.148	0.146	0.112	0.113	0.089	0.084	0.081	0.083	0.083	0.093	0.080	0.079	0.081	0.079	0.083	0.078	0.079	0.079	0.079	0.079	0.081	0.179	0.190	0.205	0.186	0.163	0.160	0.187	0.146	0.158	0.155	0.165	0.157	0.079	0.078	0.077	0.077	0.077	0.077	0.077	0.079	0.082	0.078	0.079	0.078	0.079	0.079	0.078	0.083	0.078	0.079	0.079	0.078	0.079	0.078	0.078	0.078	0.079	0.079	0.079	0.079	0.079	0.079	0.078	0.079	0.079	0.079	0.079	0.082
2:40:00	36.9	0.228	0.233	0.200	0.175	0.194	0.182	0.186	0.181	0.239	0.189	0.256	0.183	0.092	0.084	0.078	0.079	0.081	0.083	0.079	0.079	0.079	0.079	0.079	0.088	0.095	0.190	0.178	0.168	0.161	0.122	0.120	0.091	0.084	0.081	0.083	0.083	0.093	0.080	0.079	0.081	0.079	0.083	0.078	0.079	0.079	0.079	0.079	0.081	0.200	0.222	0.234	0.216	0.185	0.182	0.213	0.168	0.179	0.177	0.189	0.181	0.080	0.078	0.077	0.077	0.077	0.077	0.077	0.079	0.082	0.078	0.079	0.078	0.079	0.079	0.078	0.083	0.078	0.079	0.079	0.078	0.079	0.078	0.078	0.078	0.079	0.079	0.079	0.079	0.079	0.079	0.078	0.079	0.079	0.079	0.079	0.083
3:00:00	36.9	0.254	0.258	0.219	0.195	0.215	0.203	0.205	0.201	0.268	0.211	0.286	0.202	0.092	0.084	0.078	0.079	0.081	0.082	0.079	0.079	0.079	0.079	0.079	0.088	0.100	0.215	0.199	0.196	0.179	0.135	0.128	0.094	0.084	0.081	0.083	0.083	0.093	0.080	0.079	0.081	0.079	0.083	0.078	0.079	0.079	0.079	0.079	0.081	0.222	0.252	0.265	0.246	0.208	0.205	0.237	0.189	0.201	0.198	0.213	0.204	0.079	0.078	0.077	0.077	0.077	0.077	0.077	0.079	0.082	0.078	0.079	0.078	0.079	0.079	0.078	0.083	0.078	0.079	0.079	0.078	0.079	0.078	0.078	0.078	0.079	0.079	0.079	0.079	0.079	0.079	0.078	0.079	0.079	0.079	0.079	0.082
3:20:00	37.0	0.283	0.287	0.242	0.217	0.238	0.224	0.228	0.225	0.300	0.234	0.319	0.224	0.092	0.083	0.078	0.079	0.081	0.082	0.079	0.079	0.079	0.079	0.079	0.088	0.109	0.247	0.220	0.219	0.201	0.147	0.139	0.098	0.084	0.081	0.083	0.083	0.093	0.080	0.079	0.081	0.079	0.083	0.078	0.079	0.079	0.079	0.079	0.081	0.247	0.284	0.300	0.280	0.234	0.234	0.267	0.213	0.225	0.221	0.239	0.230	0.079	0.078	0.077	0.077	0.077	0.077	0.077	0.079	0.082	0.078	0.079	0.078	0.079	0.079	0.078	0.083	0.078	0.079	0.079	0.078	0.079	0.078	0.078	0.078	0.079	0.079	0.079	0.079	0.079	0.079	0.078	0.079	0.079	0.079	0.079	0.082
3:40:00	36.9	0.312	0.316	0.265	0.241	0.263	0.248	0.253	0.249	0.334	0.258	0.353	0.246	0.092	0.084	0.078	0.079	0.081	0.082	0.079	0.079	0.079	0.079	0.079	0.088	0.119	0.281	0.247	0.244	0.223	0.159	0.149	0.104	0.085	0.081	0.083	0.083	0.093	0.080	0.079	0.081	0.079	0.083	0.078	0.079	0.079	0.079	0.079	0.081	0.275	0.315	0.335	0.316	0.261	0.262	0.300	0.239	0.252	0.244	0.267	0.258	0.079	0.078	0.077	0.077	0.077	0.077	0.077	0.079	0.082	0.078	0.079	0.078	0.079	0.079	0.078	0.083	0.078	0.079	0.079	0.078	0.079	0.078	0.078	0.078	0.079	0.079	0.079	0.079	0.079	0.079	0.078	0.079	0.079	0.079	0.079	0.082
4:00:00	36.9	0.340	0.344	0.292	0.263	0.288	0.272	0.278	0.272	0.365	0.281	0.388	0.269	0.092	0.083	0.078	0.079	0.081	0.082	0.079	0.079	0.079	0.079	0.079	0.088	0.130	0.321	0.265	0.269	0.244	0.172	0.161	0.112	0.085	0.081	0.083	0.083	0.093	0.080	0.079	0.081	0.079	0.083	0.078	0.079	0.079	0.079	0.079	0.081	0.298	0.350	0.370	0.351	0.287	0.291	0.333	0.266	0.278	0.268	0.295	0.287	0.080	0.078	0.077	0.077	0.078	0.077	0.077	0.079	0.082	0.078	0.079	0.078	0.079	0.079	0.078	0.083	0.078	0.079	0.079	0.078	0.079	0.078	0.078	0.078	0.079	0.079	0.079	0.079	0.079	0.079	0.078	0.079	0.079	0.079	0.079	0.082
4:20:00	36.9	0.366	0.371	0.314	0.285	0.311	0.295	0.300	0.292	0.392	0.301	0.420	0.289	0.092	0.083	0.078	0.079	0.081	0.082	0.079	0.079	0.079	0.079	0.079	0.088	0.140	0.352	0.294	0.293	0.267	0.188	0.174	0.122	0.086	0.081	0.083	0.084	0.093	0.080	0.079	0.081	0.079	0.083	0.078	0.079	0.079	0.079	0.079	0.081	0.325	0.381	0.403	0.386	0.314	0.317	0.364	0.292	0.303	0.292	0.320	0.318	0.079	0.078	0.077	0.077	0.077	0.077	0.077	0.079	0.082	0.078	0.079	0.078	0.079	0.079	0.078	0.083	0.078	0.079	0.079	0.078	0.079	0.078	0.078	0.078	0.079	0.079	0.079	0.079	0.079	0.079	0.078	0.079	0.079	0.079	0.079	0.082
4:40:00	36.9	0.387	0.391	0.334	0.305	0.329	0.315	0.317	0.310	0.413	0.318	0.446	0.304	0.092	0.083	0.078	0.079	0.081	0.082	0.079	0.079	0.079	0.079	0.079	0.088	0.152	0.383	0.320	0.317	0.288	0.206	0.188	0.135	0.086	0.081	0.083	0.084	0.093	0.080	0.079	0.081	0.079	0.083	0.078	0.079	0.079	0.079	0.079	0.081	0.346	0.410	0.435	0.416	0.337	0.344	0.393	0.316	0.327	0.310	0.344	0.344	0.079	0.078	0.077	0.077	0.077	0.077	0.077	0.079	0.082	0.078	0.079	0.078	0.079	0.079	0.078	0.083	0.078	0.079	0.079	0.078	0.079	0.078	0.078	0.078	0.079	0.079	0.079	0.079	0.079	0.079	0.078	0.079	0.079	0.079	0.079	0.082
5:00:00	36.9	0.404	0.409	0.348	0.322	0.344	0.330	0.333	0.324	0.431	0.333	0.469	0.317	0.092	0.083	0.078	0.079	0.081	0.081	0.079	0.079	0.079	0.079	0.079	0.088	0.164	0.409	0.337	0.338	0.305	0.225	0.203	0.148	0.088	0.081	0.083	0.084	0.093	0.080	0.079	0.081	0.079	0.083	0.078	0.079	0.079	0.079	0.079	0.081	0.359	0.434	0.457	0.443	0.355	0.361	0.414	0.338	0.345	0.326	0.365	0.367	0.080	0.078	0.077	0.077	0.077	0.077	0.077	0.079	0.082	0.078	0.079	0.078	0.079	0.079	0.078	0.083	0.078	0.079	0.079	0.078	0.079	0.078	0.078	0.078	0.079	0.079	0.079	0.079	0.079	0.079	0.078	0.079	0.079	0.079	0.079	0.082
5:20:00	37.0	0.415	0.421	0.357	0.332	0.353	0.342	0.344	0.333	0.443	0.338	0.487	0.327	0.092	0.083	0.078	0.079	0.081	0.081	0.079	0.079	0.079	0.079	0.079	0.088	0.178	0.436	0.347	0.358	0.318	0.245	0.219	0.163	0.089	0.081	0.083	0.083	0.093	0.080	0.079	0.081	0.079	0.083	0.078	0.079	0.079	0.079	0.079	0.080	0.375	0.455	0.476	0.463	0.369	0.377	0.432	0.354	0.361	0.337	0.380	0.384	0.079	0.078	0.077	0.077	0.077	0.077	0.077	0.079	0.082	0.078	0.079	0.078	0.079	0.080	0.078	0.083	0.078	0.079	0.079	0.078	0.079	0.078	0.078	0.078	0.079	0.079	0.079	0.079	0.079	0.079	0.078	0.079	0.079	0.079	0.079	0.082
5:40:00	36.9	0.422	0.431	0.362	0.340	0.359	0.349	0.351	0.338	0.451	0.344	0.499	0.333	0.092	0.083	0.078	0.079	0.081	0.081	0.079	0.079	0.079	0.079	0.079	0.088	0.193	0.452	0.353	0.370	0.327	0.263	0.235	0.179	0.092	0.081	0.083	0.083	0.093	0.080	0.079	0.081	0.079	0.083	0.078	0.079	0.079	0.079	0.079	0.080	0.378	0.472	0.490	0.478	0.379	0.386	0.444	0.368	0.370	0.342	0.387	0.395	0.079	0.078	0.077	0.077	0.077	0.077	0.077	0.079	0.082	0.078	0.079	0.078	0.079	0.079	0.078	0.083	0.078	0.079	0.079	0.078	0.079	0.078	0.078	0.078	0.079	0.079	0.079	0.079	0.079	0.079	0.078	0.079	0.079	0.079	0.079	0.082
6:00:00	36.9	0.432	0.436	0.365	0.345	0.361	0.353	0.354	0.342	0.454	0.348	0.508	0.335	0.092	0.083	0.078	0.079	0.081	0.081	0.079	0.079	0.079	0.079	0.079	0.088	0.209	0.460	0.358	0.380	0.334	0.277	0.250	0.196	0.095	0.081	0.083	0.083	0.093	0.080	0.079	0.081	0.079	0.083	0.078	0.079	0.079	0.079	0.079	0.080	0.390	0.485	0.502	0.491	0.384	0.391	0.453	0.375	0.376	0.343	0.392	0.402	0.079	0.078	0.077	0.077	0.077	0.077	0.077	0.079	0.082	0.078	0.079	0.078	0.079	0.079	0.078	0.083	0.078	0.079	0.079	0.078	0.079	0.078	0.078	0.078	0.079	0.079	0.079	0.079	0.079	0.079	0.078	0.079	0.079	0.079	0.079	0.082
6:20:00	36.9	0.438	0.447	0.364	0.345	0.360	0.355	0.359	0.342	0.466	0.351	0.515	0.337	0.092	0.083	0.078	0.079	0.081	0.081	0.079	0.079	0.079	0.079	0.079	0.088	0.226	0.474	0.363	0.387	0.339	0.288	0.263	0.214	0.100	0.081	0.083	0.083	0.093	0.080	0.079	0.081	0.079	0.083	0.078	0.079	0.079	0.079	0.079	0.080	0.398	0.501	0.512	0.500	0.386	0.395	0.458	0.378	0.378	0.345	0.395	0.406	0.079	0.078	0.077	0.077	0.078	0.077	0.077	0.079	0.082	0.078	0.079	0.078	0.079	0.079	0.078	0.083	0.078	0.079	0.079	0.078	0.079	0.078	0.078	0.078	0.079	0.079	0.079	0.079	0.079	0.079	0.078	0.079	0.079	0.079	0.079	0.082
6:40:00	37.0	0.453	0.461	0.369	0.345	0.358	0.354	0.356	0.343	0.471	0.355	0.524	0.338	0.092	0.083	0.078	0.079	0.081	0.081	0.079	0.079	0.079	0.079	0.079	0.088	0.244	0.482	0.363	0.390	0.341	0.296	0.275	0.234	0.105	0.081	0.083	0.083	0.093	0.080	0.079	0.081	0.079	0.083	0.078	0.079	0.079	0.079	0.079	0.080	0.410	0.514	0.523	0.516	0.386	0.399	0.466	0.381	0.380	0.345	0.396	0.409	0.079	0.078	0.077	0.077	0.077	0.077	0.077	0.079	0.082	0.078	0.079	0.078	0.079	0.080	0.078	0.083	0.078	0.079	0.079	0.078	0.079	0.078	0.078	0.078	0.079	0.079	0.079	0.079	0.079	0.079	0.078	0.079	0.079	0.079	0.079	0.082
7:00:00	36.9	0.468	0.472	0.373	0.346	0.359	0.353	0.356	0.342	0.480	0.357	0.532	0.339	0.092	0.083	0.078	0.079	0.081	0.080	0.079	0.079	0.079	0.079	0.079	0.088	0.257	0.486	0.362	0.393	0.341	0.301	0.284	0.248	0.110	0.081	0.083	0.083	0.093	0.080	0.079	0.081	0.079	0.083	0.078	0.079	0.079	0.079	0.079	0.080	0.419	0.527	0.531	0.525	0.386	0.400	0.472	0.379	0.379	0.343	0.393	0.406	0.079	0.078	0.077	0.077	0.077	0.077	0.077	0.079	0.082	0.078	0.079	0.078	0.079	0.079	0.078	0.083	0.078	0.079	0.079	0.078	0.079	0.078	0.078	0.078	0.079	0.079	0.079	0.079	0.079	0.079	0.078	0.079	0.079	0.079	0.079	0.082
7:20:00	37.0	0.484	0.483	0.379	0.344	0.356	0.352	0.355	0.342	0.487	0.365	0.539	0.340	0.092	0.083	0.078	0.079	0.081	0.080	0.079	0.079	0.079	0.079	0.078	0.088	0.270	0.487	0.360	0.393	0.340	0.304	0.292	0.258	0.116	0.081	0.083	0.084	0.093	0.080	0.079	0.081	0.079	0.083	0.078	0.079	0.079	0.079	0.079	0.080	0.432	0.540	0.537	0.533	0.384	0.401	0.483	0.379	0.379	0.342	0.392	0.410	0.079	0.078	0.077	0.077	0.077	0.077	0.077	0.079	0.082	0.078	0.079	0.078	0.079	0.079	0.078	0.083	0.078	0.079	0.079	0.078	0.079	0.078	0.078	0.078	0.079	0.079	0.079	0.079	0.079	0.079	0.078	0.079	0.079	0.079	0.079	0.082
7:40:00	36.9	0.502	0.492	0.389	0.342	0.354	0.351	0.355	0.342	0.494	0.373	0.547	0.341	0.092	0.083	0.078	0.079	0.081	0.080	0.079	0.079	0.079	0.079	0.079	0.088	0.281	0.491	0.359	0.393	0.340	0.305	0.297	0.271	0.120	0.081	0.083	0.083	0.093	0.080	0.079	0.081	0.079	0.083	0.078	0.079	0.079	0.079	0.079	0.080	0.445	0.553	0.541	0.544	0.381	0.405	0.494	0.378	0.377	0.341	0.391	0.408	0.079	0.078	0.077	0.077	0.077	0.077	0.077	0.079	0.082	0.078	0.079	0.078	0.079	0.079	0.078	0.083	0.078	0.079	0.079	0.078	0.079	0.078	0.078	0.078	0.079	0.079	0.079	0.079	0.079	0.079	0.078	0.079	0.079	0.079	0.079	0.082
8:00:00	36.9	0.520	0.499	0.402	0.340	0.355	0.350	0.352	0.344	0.503	0.386	0.554	0.344	0.091	0.083	0.078	0.079	0.081	0.080	0.079	0.079	0.079	0.079	0.079	0.088	0.292	0.495	0.359	0.394	0.339	0.305	0.301	0.282	0.125	0.081	0.083	0.083	0.093	0.080	0.079	0.081	0.079	0.083	0.078	0.079	0.079	0.079	0.079	0.080	0.457	0.559	0.539	0.552	0.379	0.411	0.506	0.377	0.376	0.342	0.390	0.407	0.079	0.078	0.077	0.077	0.077	0.077	0.077	0.079	0.082	0.078	0.079	0.078	0.079	0.079	0.078	0.083	0.078	0.079	0.079	0.078	0.079	0.078	0.078	0.078	0.079	0.079	0.079	0.079	0.079	0.079	0.078	0.079	0.079	0.079	0.079	0.082
8:20:00	37.0	0.535	0.505	0.412	0.338	0.354	0.347	0.351	0.348	0.513	0.397	0.562	0.352	0.092	0.083	0.078	0.079	0.081	0.080	0.079	0.079	0.079	0.079	0.079	0.088	0.299	0.500	0.357	0.395	0.337	0.304	0.304	0.296	0.129	0.081	0.083	0.083	0.093	0.080	0.079	0.081	0.079	0.083	0.078	0.079	0.079	0.079	0.079	0.080	0.471	0.563	0.536	0.556	0.377	0.421	0.518	0.375	0.374	0.345	0.389	0.408	0.079	0.078	0.077	0.077	0.077	0.077	0.077	0.079	0.082	0.078	0.079	0.078	0.079	0.079	0.078	0.083	0.078	0.079	0.079	0.078	0.079	0.078	0.078	0.078	0.079	0.079	0.079	0.079	0.079	0.079	0.078	0.079	0.079	0.079	0.079	0.082
8:40:00	36.9	0.551	0.507	0.422	0.335	0.358	0.345	0.346	0.351	0.521	0.409	0.571	0.359	0.091	0.083	0.078	0.079	0.081	0.080	0.079	0.079	0.079	0.079	0.078	0.088	0.306	0.504	0.357	0.396	0.336	0.305	0.306	0.307	0.134	0.081	0.083	0.083	0.093	0.080	0.079	0.081	0.079	0.083	0.078	0.079	0.079	0.079	0.079	0.080	0.484	0.560	0.534	0.558	0.376	0.435	0.527	0.371	0.370	0.350	0.390	0.410	0.079	0.078	0.077	0.077	0.077	0.077	0.077	0.079	0.082	0.078	0.079	0.078	0.079	0.079	0.078	0.083	0.078	0.079	0.078	0.078	0.079	0.078	0.078	0.078	0.079	0.079	0.079	0.079	0.079	0.079	0.078	0.079	0.079	0.079	0.079	0.082
9:00:00	37.0	0.563	0.512	0.435	0.331	0.363	0.341	0.343	0.356	0.530	0.423	0.576	0.371	0.092	0.083	0.078	0.079	0.081	0.079	0.079	0.079	0.079	0.079	0.078	0.088	0.309	0.509	0.355	0.396	0.335	0.303	0.308	0.314	0.138	0.081	0.083	0.083	0.093	0.080	0.079	0.081	0.079	0.083	0.078	0.079	0.079	0.079	0.079	0.080	0.495	0.557	0.530	0.559	0.377	0.449	0.533	0.367	0.368	0.355	0.397	0.419	0.079	0.078	0.077	0.077	0.077	0.077	0.077	0.079	0.082	0.078	0.079	0.078	0.079	0.079	0.078	0.083	0.078	0.079	0.078	0.078	0.079	0.078	0.078	0.078	0.079	0.079	0.079	0.079	0.079	0.079	0.078	0.079	0.079	0.079	0.079	0.082
9:20:00	36.9	0.576	0.520	0.450	0.328	0.373	0.339	0.340	0.361	0.535	0.433	0.581	0.381	0.091	0.083	0.078	0.079	0.081	0.079	0.079	0.079	0.079	0.079	0.078	0.088	0.312	0.507	0.354	0.396	0.335	0.303	0.307	0.320	0.142	0.081	0.083	0.083	0.093	0.080	0.079	0.081	0.079	0.083	0.078	0.079	0.079	0.079	0.079	0.080	0.506	0.549	0.527	0.557	0.380	0.461	0.537	0.363	0.365	0.360	0.404	0.429	0.079	0.078	0.077	0.077	0.077	0.077	0.077	0.079	0.082	0.078	0.079	0.078	0.079	0.079	0.078	0.083	0.078	0.079	0.078	0.078	0.079	0.078	0.078	0.078	0.079	0.079	0.079	0.079	0.079	0.079	0.078	0.078	0.079	0.079	0.079	0.082
9:40:00	36.9	0.591	0.526	0.466	0.326	0.385	0.335	0.336	0.367	0.543	0.442	0.586	0.392	0.091	0.083	0.078	0.079	0.081	0.079	0.079	0.079	0.079	0.079	0.078	0.088	0.314	0.510	0.353	0.396	0.335	0.301	0.307	0.324	0.146	0.081	0.083	0.083	0.093	0.080	0.079	0.081	0.079	0.083	0.078	0.079	0.079	0.079	0.079	0.080	0.516	0.538	0.525	0.554	0.387	0.476	0.542	0.359	0.365	0.366	0.413	0.439	0.079	0.078	0.077	0.077	0.077	0.077	0.077	0.079	0.082	0.078	0.079	0.078	0.079	0.079	0.078	0.083	0.078	0.079	0.079	0.078	0.079	0.078	0.078	0.078	0.079	0.079	0.079	0.079	0.079	0.079	0.078	0.079	0.079	0.079	0.079	0.082
10:00:00	36.9	0.596	0.531	0.482	0.325	0.399	0.332	0.331	0.371	0.545	0.451	0.589	0.401	0.091	0.083	0.078	0.079	0.081	0.079	0.079	0.079	0.079	0.079	0.078	0.088	0.314	0.511	0.352	0.398	0.333	0.301	0.307	0.327	0.150	0.081	0.083	0.083	0.093	0.080	0.079	0.081	0.079	0.083	0.078	0.079	0.079	0.079	0.079	0.080	0.528	0.532	0.520	0.549	0.395	0.485	0.544	0.356	0.364	0.368	0.420	0.449	0.079	0.078	0.077	0.077	0.077	0.077	0.077	0.079	0.082	0.078	0.079	0.078	0.079	0.079	0.078	0.083	0.078	0.079	0.079	0.078	0.079	0.078	0.078	0.078	0.079	0.079	0.079	0.079	0.079	0.079	0.078	0.079	0.079	0.079	0.079	0.082
10:20:00	36.9	0.597	0.538	0.497	0.327	0.414	0.327	0.327	0.376	0.548	0.461	0.591	0.408	0.091	0.083	0.078	0.079	0.081	0.079	0.079	0.079	0.079	0.079	0.079	0.088	0.315	0.517	0.351	0.398	0.333	0.300	0.306	0.330	0.155	0.081	0.083	0.083	0.093	0.080	0.079	0.081	0.079	0.083	0.078	0.079	0.079	0.079	0.079	0.080	0.538	0.520	0.515	0.544	0.405	0.495	0.542	0.354	0.366	0.371	0.426	0.459	0.079	0.078	0.077	0.077	0.077	0.077	0.077	0.079	0.082	0.078	0.079	0.078	0.079	0.079	0.078	0.083	0.078	0.079	0.079	0.078	0.079	0.078	0.078	0.078	0.079	0.079	0.079	0.079	0.079	0.079	0.078	0.079	0.079	0.079	0.079	0.082
10:40:00	36.9	0.595	0.541	0.517	0.326	0.428	0.323	0.322	0.382	0.548	0.471	0.593	0.416	0.091	0.084	0.078	0.079	0.081	0.079	0.079	0.079	0.079	0.079	0.079	0.088	0.315	0.517	0.350	0.399	0.332	0.300	0.306	0.331	0.159	0.081	0.083	0.083	0.093	0.080	0.079	0.081	0.079	0.083	0.078	0.079	0.079	0.079	0.079	0.080	0.539	0.511	0.512	0.538	0.413	0.504	0.539	0.353	0.372	0.374	0.434	0.468	0.079	0.078	0.077	0.077	0.077	0.077	0.077	0.079	0.082	0.078	0.079	0.078	0.079	0.079	0.078	0.083	0.078	0.079	0.078	0.078	0.079	0.078	0.078	0.078	0.079	0.079	0.079	0.079	0.079	0.079	0.078	0.079	0.079	0.079	0.079	0.082
11:00:00	36.9	0.593	0.542	0.533	0.330	0.447	0.319	0.318	0.386	0.545	0.481	0.595	0.423	0.091	0.084	0.078	0.079	0.081	0.079	0.079	0.079	0.079	0.079	0.079	0.088	0.315	0.511	0.349	0.401	0.332	0.299	0.306	0.332	0.164	0.081	0.083	0.083	0.093	0.080	0.079	0.081	0.079	0.083	0.078	0.079	0.079	0.079	0.079	0.080	0.543	0.504	0.510	0.534	0.424	0.512	0.534	0.356	0.379	0.376	0.438	0.475	0.079	0.078	0.077	0.077	0.077	0.077	0.077	0.079	0.082	0.078	0.079	0.078	0.079	0.079	0.078	0.083	0.078	0.079	0.079	0.078	0.079	0.078	0.078	0.078	0.079	0.079	0.079	0.079	0.079	0.079	0.078	0.079	0.079	0.079	0.079	0.082
11:20:00	36.9	0.588	0.542	0.552	0.332	0.461	0.315	0.313	0.390	0.542	0.489	0.593	0.429	0.091	0.084	0.078	0.079	0.081	0.079	0.079	0.079	0.079	0.079	0.079	0.088	0.314	0.508	0.348	0.403	0.332	0.299	0.305	0.331	0.168	0.081	0.083	0.083	0.093	0.080	0.079	0.081	0.079	0.083	0.078	0.079	0.079	0.079	0.079	0.080	0.540	0.498	0.507	0.527	0.434	0.518	0.530	0.362	0.387	0.377	0.443	0.484	0.080	0.078	0.077	0.077	0.078	0.077	0.077	0.079	0.082	0.078	0.079	0.078	0.079	0.079	0.078	0.083	0.078	0.079	0.079	0.078	0.079	0.078	0.078	0.078	0.079	0.079	0.079	0.079	0.079	0.079	0.078	0.079	0.079	0.079	0.079	0.082
11:40:00	36.9	0.588	0.542	0.571	0.340	0.478	0.310	0.309	0.391	0.533	0.499	0.592	0.434	0.092	0.084	0.078	0.079	0.081	0.079	0.079	0.079	0.079	0.079	0.079	0.088	0.313	0.513	0.347	0.404	0.334	0.298	0.304	0.330	0.172	0.081	0.083	0.083	0.093	0.080	0.079	0.081	0.079	0.083	0.078	0.079	0.079	0.079	0.079	0.080	0.536	0.492	0.506	0.522	0.445	0.525	0.527	0.371	0.396	0.380	0.447	0.488	0.080	0.078	0.077	0.077	0.077	0.077	0.077	0.079	0.082	0.078	0.079	0.078	0.079	0.079	0.078	0.083	0.078	0.079	0.079	0.078	0.079	0.078	0.078	0.078	0.079	0.079	0.079	0.079	0.079	0.079	0.078	0.079	0.079	0.079	0.079	0.082
12:00:00	36.9	0.586	0.542	0.586	0.348	0.491	0.307	0.305	0.391	0.520	0.506	0.589	0.438	0.091	0.084	0.078	0.079	0.081	0.079	0.079	0.079	0.079	0.079	0.078	0.088	0.311	0.513	0.347	0.407	0.333	0.298	0.303	0.330	0.176	0.081	0.083	0.083	0.093	0.080	0.079	0.081	0.079	0.083	0.078	0.079	0.079	0.079	0.079	0.080	0.533	0.488	0.505	0.518	0.459	0.531	0.522	0.379	0.405	0.382	0.449	0.493	0.079	0.078	0.077	0.077	0.077	0.077	0.077	0.079	0.082	0.078	0.079	0.078	0.079	0.079	0.078	0.083	0.078	0.079	0.079	0.078	0.079	0.078	0.078	0.078	0.079	0.079	0.079	0.079	0.079	0.079	0.078	0.079	0.079	0.079	0.079	0.082
12:20:00	36.9	0.584	0.542	0.599	0.358	0.505	0.305	0.302	0.391	0.506	0.510	0.587	0.442	0.091	0.084	0.078	0.079	0.081	0.079	0.079	0.079	0.079	0.079	0.078	0.088	0.309	0.508	0.346	0.408	0.333	0.297	0.302	0.329	0.180	0.081	0.083	0.083	0.093	0.080	0.079	0.081	0.079	0.083	0.078	0.079	0.079	0.079	0.079	0.080	0.530	0.484	0.502	0.513	0.469	0.535	0.516	0.386	0.412	0.382	0.451	0.496	0.079	0.078	0.077	0.077	0.077	0.077	0.077	0.079	0.082	0.078	0.079	0.078	0.079	0.079	0.078	0.083	0.078	0.079	0.078	0.078	0.079	0.078	0.078	0.078	0.079	0.079	0.079	0.079	0.079	0.079	0.078	0.079	0.079	0.079	0.079	0.082
12:40:00	36.9	0.586	0.539	0.610	0.370	0.519	0.303	0.298	0.386	0.488	0.516	0.584	0.445	0.091	0.084	0.078	0.079	0.081	0.079	0.079	0.079	0.079	0.079	0.078	0.088	0.308	0.501	0.346	0.407	0.333	0.297	0.300	0.329	0.183	0.081	0.083	0.083	0.093	0.080	0.079	0.081	0.079	0.083	0.078	0.079	0.079	0.079	0.079	0.080	0.526	0.481	0.501	0.509	0.478	0.538	0.511	0.394	0.417	0.382	0.451	0.499	0.079	0.078	0.077	0.077	0.077	0.077	0.077	0.079	0.082	0.078	0.079	0.078	0.079	0.079	0.078	0.083	0.078	0.079	0.079	0.078	0.079	0.078	0.078	0.078	0.079	0.079	0.079	0.079	0.079	0.079	0.078	0.079	0.079	0.079	0.079	0.082
13:00:00	36.9	0.586	0.536	0.621	0.380	0.531	0.300	0.293	0.384	0.470	0.518	0.580	0.447	0.091	0.084	0.078	0.079	0.081	0.080	0.079	0.079	0.079	0.079	0.078	0.088	0.307	0.507	0.345	0.409	0.333	0.295	0.299	0.329	0.187	0.081	0.083	0.083	0.093	0.080	0.079	0.081	0.079	0.083	0.078	0.079	0.079	0.079	0.079	0.080	0.522	0.477	0.497	0.502	0.490	0.538	0.505	0.399	0.420	0.380	0.450	0.501	0.079	0.078	0.077	0.077	0.077	0.077	0.077	0.079	0.082	0.078	0.079	0.078	0.079	0.079	0.078	0.083	0.078	0.079	0.079	0.078	0.079	0.078	0.078	0.079	0.079	0.079	0.079	0.079	0.079	0.079	0.078	0.079	0.079	0.079	0.079	0.082
13:20:00	36.9	0.587	0.533	0.628	0.390	0.542	0.300	0.290	0.379	0.449	0.520	0.576	0.447	0.091	0.084	0.078	0.079	0.081	0.080	0.079	0.079	0.079	0.079	0.079	0.088	0.305	0.505	0.344	0.409	0.334	0.295	0.297	0.326	0.190	0.081	0.083	0.083	0.093	0.080	0.079	0.081	0.079	0.083	0.078	0.079	0.079	0.079	0.079	0.080	0.521	0.475	0.496	0.499	0.499	0.539	0.500	0.404	0.422	0.381	0.450	0.503	0.079	0.078	0.077	0.077	0.077	0.077	0.077	0.079	0.082	0.078	0.079	0.078	0.079	0.079	0.078	0.083	0.078	0.079	0.079	0.078	0.079	0.078	0.078	0.079	0.079	0.079	0.079	0.079	0.079	0.079	0.078	0.079	0.079	0.079	0.079	0.082
13:40:00	36.9	0.586	0.529	0.634	0.400	0.552	0.298	0.287	0.373	0.428	0.521	0.572	0.447	0.091	0.084	0.078	0.079	0.081	0.080	0.079	0.079	0.079	0.079	0.078	0.088	0.305	0.496	0.342	0.410	0.334	0.295	0.296	0.325	0.193	0.081	0.083	0.083	0.093	0.080	0.079	0.081	0.079	0.083	0.078	0.079	0.079	0.079	0.079	0.080	0.520	0.471	0.493	0.494	0.507	0.539	0.494	0.408	0.426	0.380	0.448	0.504	0.079	0.078	0.077	0.077	0.077	0.077	0.077	0.079	0.082	0.078	0.079	0.078	0.079	0.079	0.078	0.083	0.078	0.079	0.079	0.078	0.079	0.078	0.078	0.079	0.079	0.079	0.079	0.079	0.079	0.079	0.078	0.079	0.079	0.079	0.079	0.082
14:00:00	36.9	0.587	0.524	0.639	0.407	0.560	0.297	0.284	0.365	0.399	0.523	0.567	0.449	0.091	0.084	0.078	0.079	0.081	0.080	0.079	0.079	0.079	0.079	0.078	0.087	0.304	0.505	0.343	0.411	0.334	0.294	0.295	0.323	0.196	0.081	0.083	0.083	0.093	0.080	0.079	0.081	0.079	0.083	0.078	0.079	0.079	0.079	0.079	0.080	0.517	0.467	0.490	0.489	0.512	0.536	0.489	0.411	0.427	0.382	0.448	0.505	0.079	0.078	0.077	0.077	0.077	0.077	0.077	0.079	0.082	0.078	0.079	0.078	0.079	0.079	0.078	0.083	0.078	0.079	0.079	0.078	0.079	0.078	0.078	0.079	0.079	0.079	0.079	0.079	0.079	0.079	0.078	0.079	0.079	0.079	0.079	0.083
14:20:00	36.9	0.565	0.535	0.641	0.416	0.565	0.292	0.277	0.368	0.382	0.517	0.559	0.439	0.091	0.084	0.078	0.079	0.081	0.081	0.079	0.079	0.079	0.079	0.079	0.088	0.303	0.493	0.339	0.411	0.336	0.293	0.293	0.322	0.200	0.081	0.083	0.083	0.093	0.080	0.079	0.081	0.079	0.083	0.078	0.079	0.079	0.079	0.079	0.081	0.514	0.457	0.482	0.476	0.510	0.533	0.476	0.410	0.424	0.376	0.444	0.505	0.080	0.078	0.077	0.077	0.078	0.077	0.077	0.079	0.082	0.078	0.079	0.078	0.079	0.079	0.078	0.083	0.078	0.079	0.079	0.078	0.079	0.078	0.078	0.079	0.079	0.079	0.079	0.079	0.079	0.079	0.078	0.079	0.079	0.079	0.079	0.083
14:40:00	36.9	0.561	0.536	0.644	0.424	0.571	0.290	0.273	0.361	0.357	0.516	0.554	0.435	0.091	0.084	0.078	0.079	0.081	0.081	0.079	0.079	0.079	0.079	0.078	0.087	0.301	0.489	0.337	0.411	0.335	0.292	0.291	0.321	0.202	0.081	0.083	0.083	0.093	0.080	0.079	0.081	0.079	0.083	0.078	0.079	0.079	0.079	0.079	0.080	0.510	0.452	0.478	0.468	0.509	0.528	0.470	0.412	0.427	0.376	0.441	0.504	0.079	0.078	0.077	0.077	0.077	0.077	0.077	0.079	0.082	0.078	0.079	0.078	0.079	0.079	0.078	0.083	0.078	0.079	0.079	0.078	0.079	0.078	0.078	0.079	0.079	0.079	0.079	0.079	0.079	0.079	0.078	0.079	0.079	0.079	0.079	0.083
15:00:00	36.9	0.555	0.537	0.644	0.432	0.577	0.288	0.269	0.356	0.337	0.515	0.548	0.430	0.091	0.084	0.078	0.079	0.081	0.081	0.079	0.079	0.079	0.079	0.078	0.087	0.299	0.495	0.334	0.408	0.336	0.291	0.290	0.320	0.206	0.081	0.083	0.083	0.093	0.080	0.079	0.081	0.079	0.083	0.078	0.079	0.079	0.079	0.079	0.081	0.507	0.449	0.476	0.462	0.509	0.526	0.462	0.414	0.428	0.370	0.438	0.503	0.079	0.078	0.077	0.077	0.077	0.077	0.077	0.079	0.082	0.078	0.079	0.078	0.079	0.079	0.078	0.083	0.078	0.079	0.079	0.078	0.079	0.078	0.078	0.079	0.079	0.079	0.079	0.079	0.079	0.079	0.078	0.079	0.079	0.079	0.079	0.083
15:20:00	36.9	0.552	0.535	0.645	0.439	0.581	0.289	0.265	0.350	0.320	0.514	0.543	0.426	0.091	0.084	0.078	0.079	0.081	0.082	0.079	0.079	0.079	0.079	0.078	0.087	0.298	0.473	0.340	0.409	0.339	0.289	0.288	0.318	0.208	0.081	0.083	0.083	0.093	0.080	0.079	0.081	0.079	0.083	0.078	0.079	0.079	0.079	0.079	0.081	0.502	0.445	0.473	0.454	0.507	0.521	0.455	0.416	0.429	0.369	0.434	0.504	0.079	0.078	0.077	0.077	0.077	0.077	0.077	0.079	0.082	0.078	0.079	0.078	0.079	0.079	0.078	0.083	0.078	0.079	0.079	0.078	0.079	0.078	0.078	0.079	0.079	0.079	0.079	0.079	0.079	0.079	0.078	0.079	0.079	0.079	0.079	0.082
15:40:00	36.9	0.548	0.534	0.644	0.446	0.585	0.290	0.262	0.343	0.309	0.512	0.537	0.425	0.091	0.084	0.078	0.079	0.081	0.082	0.079	0.079	0.079	0.079	0.079	0.087	0.297	0.485	0.338	0.411	0.337	0.288	0.285	0.316	0.210	0.081	0.083	0.083	0.093	0.080	0.079	0.081	0.079	0.083	0.078	0.079	0.079	0.079	0.079	0.081	0.499	0.444	0.471	0.449	0.506	0.518	0.449	0.417	0.430	0.364	0.431	0.503	0.079	0.078	0.077	0.077	0.077	0.077	0.077	0.079	0.082	0.078	0.079	0.078	0.079	0.079	0.078	0.083	0.078	0.079	0.079	0.078	0.079	0.078	0.078	0.079	0.079	0.079	0.079	0.079	0.079	0.079	0.078	0.079	0.079	0.079	0.079	0.083
16:00:00	36.9	0.545	0.534	0.643	0.453	0.590	0.291	0.261	0.335	0.301	0.512	0.532	0.422	0.091	0.084	0.078	0.079	0.081	0.082	0.079	0.079	0.079	0.079	0.079	0.087	0.295	0.460	0.338	0.405	0.336	0.288	0.284	0.314	0.213	0.081	0.083	0.083	0.093	0.080	0.079	0.081	0.079	0.083	0.078	0.079	0.079	0.079	0.079	0.081	0.496	0.442	0.469	0.444	0.502	0.516	0.443	0.420	0.431	0.363	0.429	0.503	0.080	0.078	0.077	0.077	0.077	0.077	0.077	0.079	0.082	0.078	0.079	0.078	0.079	0.079	0.078	0.083	0.078	0.079	0.079	0.078	0.079	0.078	0.078	0.079	0.079	0.079	0.079	0.079	0.079	0.079	0.078	0.079	0.079	0.079	0.079	0.083
16:20:00	36.9	0.539	0.532	0.639	0.460	0.591	0.291	0.258	0.328	0.295	0.511	0.526	0.416	0.091	0.084	0.078	0.079	0.081	0.082	0.079	0.079	0.079	0.079	0.078	0.087	0.294	0.457	0.339	0.409	0.336	0.287	0.281	0.313	0.216	0.081	0.083	0.083	0.093	0.080	0.079	0.081	0.079	0.083	0.078	0.079	0.079	0.079	0.079	0.081	0.492	0.438	0.466	0.439	0.498	0.512	0.437	0.421	0.430	0.358	0.423	0.502	0.080	0.078	0.077	0.077	0.078	0.077	0.077	0.079	0.082	0.078	0.079	0.078	0.079	0.079	0.078	0.083	0.078	0.079	0.079	0.078	0.079	0.078	0.078	0.079	0.079	0.079	0.079	0.079	0.079	0.079	0.078	0.079	0.079	0.079	0.079	0.083
16:40:00	36.9	0.533	0.529	0.637	0.466	0.590	0.293	0.256	0.318	0.289	0.509	0.521	0.411	0.091	0.085	0.078	0.079	0.081	0.082	0.079	0.079	0.079	0.079	0.079	0.087	0.292	0.457	0.338	0.406	0.336	0.286	0.279	0.312	0.218	0.081	0.083	0.083	0.093	0.080	0.079	0.081	0.079	0.083	0.078	0.079	0.079	0.079	0.079	0.081	0.490	0.437	0.464	0.435	0.491	0.509	0.432	0.423	0.432	0.355	0.421	0.500	0.079	0.078	0.077	0.077	0.077	0.077	0.077	0.079	0.082	0.078	0.079	0.078	0.079	0.079	0.078	0.083	0.078	0.079	0.079	0.078	0.079	0.078	0.078	0.079	0.079	0.079	0.079	0.079	0.079	0.079	0.078	0.079	0.079	0.079	0.079	0.082
17:00:00	36.9	0.525	0.530	0.636	0.473	0.590	0.294	0.254	0.309	0.283	0.507	0.514	0.406	0.091	0.085	0.079	0.079	0.081	0.082	0.079	0.079	0.079	0.079	0.079	0.087	0.290	0.451	0.339	0.405	0.335	0.285	0.277	0.310	0.219	0.081	0.083	0.083	0.093	0.080	0.079	0.081	0.079	0.083	0.078	0.079	0.079	0.079	0.079	0.081	0.486	0.433	0.460	0.429	0.489	0.506	0.426	0.424	0.433	0.352	0.416	0.499	0.080	0.078	0.077	0.077	0.078	0.077	0.077	0.079	0.082	0.078	0.079	0.078	0.079	0.079	0.078	0.083	0.078	0.079	0.079	0.078	0.079	0.078	0.078	0.079	0.079	0.079	0.079	0.079	0.079	0.079	0.078	0.079	0.079	0.079	0.079	0.083
17:20:00	36.9	0.520	0.527	0.632	0.479	0.589	0.295	0.253	0.299	0.279	0.506	0.510	0.401	0.091	0.085	0.078	0.079	0.081	0.082	0.079	0.079	0.079	0.079	0.079	0.087	0.288	0.447	0.336	0.406	0.335	0.285	0.275	0.308	0.222	0.081	0.083	0.083	0.093	0.080	0.079	0.081	0.079	0.083	0.078	0.079	0.079	0.079	0.079	0.081	0.484	0.431	0.458	0.425	0.482	0.503	0.421	0.425	0.433	0.349	0.412	0.497	0.080	0.078	0.077	0.077	0.077	0.077	0.077	0.079	0.082	0.078	0.079	0.078	0.079	0.079	0.078	0.083	0.078	0.079	0.079	0.078	0.079	0.078	0.078	0.079	0.079	0.079	0.079	0.079	0.079	0.079	0.078	0.079	0.079	0.079	0.079	0.083
17:40:00	36.9	0.515	0.523	0.628	0.483	0.585	0.297	0.252	0.285	0.275	0.505	0.503	0.395	0.091	0.084	0.078	0.079	0.081	0.082	0.079	0.079	0.079	0.079	0.079	0.087	0.286	0.442	0.336	0.401	0.333	0.284	0.274	0.308	0.222	0.081	0.083	0.083	0.093	0.080	0.079	0.081	0.079	0.083	0.078	0.079	0.079	0.079	0.079	0.081	0.480	0.429	0.456	0.421	0.479	0.498	0.416	0.427	0.433	0.346	0.409	0.496	0.079	0.078	0.077	0.077	0.077	0.077	0.077	0.079	0.082	0.078	0.079	0.078	0.079	0.079	0.078	0.083	0.078	0.079	0.079	0.078	0.079	0.078	0.078	0.079	0.079	0.079	0.079	0.079	0.079	0.079	0.078	0.079	0.079	0.079	0.079	0.082
18:00:00	36.9	0.503	0.525	0.625	0.490	0.583	0.300	0.250	0.274	0.271	0.502	0.499	0.388	0.091	0.085	0.078	0.079	0.081	0.082	0.079	0.079	0.079	0.079	0.079	0.087	0.283	0.436	0.337	0.398	0.331	0.284	0.271	0.307	0.225	0.081	0.083	0.083	0.093	0.080	0.079	0.081	0.079	0.083	0.078	0.079	0.079	0.079	0.079	0.081	0.478	0.425	0.453	0.416	0.473	0.494	0.410	0.427	0.432	0.341	0.405	0.493	0.080	0.078	0.077	0.077	0.078	0.077	0.077	0.079	0.082	0.078	0.079	0.078	0.079	0.080	0.078	0.083	0.079	0.079	0.079	0.078	0.079	0.078	0.078	0.079	0.079	0.079	0.079	0.079	0.079	0.079	0.078	0.079	0.079	0.079	0.079	0.083
18:20:00	37.0	0.494	0.524	0.621	0.496	0.581	0.302	0.248	0.264	0.267	0.500	0.493	0.380	0.091	0.085	0.078	0.079	0.081	0.082	0.079	0.079	0.079	0.079	0.078	0.087	0.282	0.433	0.335	0.399	0.329	0.283	0.269	0.305	0.226	0.081	0.083	0.083	0.093	0.080	0.079	0.081	0.079	0.083	0.078	0.079	0.079	0.079	0.079	0.081	0.474	0.422	0.450	0.412	0.468	0.490	0.404	0.428	0.432	0.338	0.401	0.489	0.080	0.078	0.077	0.077	0.077	0.077	0.077	0.079	0.082	0.078	0.079	0.078	0.079	0.079	0.078	0.083	0.078	0.079	0.079	0.078	0.079	0.078	0.078	0.079	0.079	0.079	0.079	0.079	0.079	0.079	0.078	0.079	0.079	0.079	0.079	0.082
18:40:00	36.9	0.488	0.519	0.617	0.499	0.578	0.303	0.246	0.256	0.263	0.499	0.487	0.372	0.091	0.084	0.078	0.079	0.081	0.082	0.079	0.079	0.079	0.079	0.078	0.087	0.281	0.433	0.331	0.397	0.327	0.282	0.267	0.304	0.227	0.081	0.083	0.083	0.093	0.080	0.079	0.081	0.079	0.083	0.078	0.079	0.079	0.079	0.079	0.081	0.470	0.419	0.447	0.406	0.463	0.487	0.399	0.429	0.430	0.335	0.396	0.487	0.079	0.078	0.077	0.077	0.077	0.077	0.077	0.079	0.082	0.078	0.079	0.078	0.079	0.079	0.078	0.083	0.078	0.079	0.079	0.078	0.079	0.078	0.078	0.079	0.079	0.079	0.079	0.079	0.079	0.079	0.078	0.079	0.079	0.079	0.079	0.082
19:00:00	36.9	0.482	0.516	0.613	0.502	0.574	0.304	0.247	0.250	0.260	0.497	0.480	0.363	0.091	0.085	0.078	0.079	0.081	0.082	0.079	0.079	0.079	0.079	0.079	0.087	0.280	0.427	0.338	0.397	0.327	0.281	0.265	0.303	0.229	0.081	0.083	0.083	0.093	0.080	0.079	0.081	0.079	0.083	0.078	0.079	0.079	0.079	0.079	0.081	0.468	0.417	0.445	0.403	0.459	0.482	0.395	0.430	0.430	0.332	0.393	0.486	0.080	0.078	0.077	0.077	0.078	0.077	0.077	0.079	0.082	0.078	0.079	0.078	0.079	0.079	0.078	0.083	0.078	0.079	0.079	0.078	0.079	0.078	0.078	0.079	0.079	0.079	0.079	0.079	0.079	0.079	0.078	0.079	0.079	0.079	0.079	0.082
19:20:00	36.9	0.469	0.517	0.609	0.507	0.571	0.307	0.244	0.245	0.256	0.493	0.477	0.351	0.092	0.085	0.078	0.078	0.081	0.082	0.079	0.079	0.079	0.079	0.078	0.087	0.277	0.421	0.335	0.390	0.334	0.281	0.262	0.302	0.230	0.081	0.083	0.083	0.093	0.080	0.079	0.081	0.079	0.083	0.078	0.079	0.079	0.079	0.079	0.081	0.464	0.412	0.441	0.396	0.454	0.479	0.389	0.429	0.427	0.328	0.387	0.482	0.080	0.078	0.077	0.077	0.077	0.077	0.077	0.079	0.082	0.078	0.079	0.078	0.079	0.079	0.078	0.083	0.078	0.079	0.079	0.078	0.079	0.078	0.078	0.079	0.079	0.079	0.079	0.079	0.079	0.079	0.078	0.079	0.079	0.079	0.079	0.082
19:40:00	37.0	0.459	0.516	0.605	0.511	0.568	0.308	0.243	0.241	0.252	0.491	0.471	0.336	0.091	0.084	0.078	0.078	0.081	0.082	0.079	0.079	0.079	0.079	0.078	0.087	0.275	0.416	0.337	0.388	0.339	0.281	0.261	0.301	0.231	0.081	0.083	0.083	0.093	0.080	0.079	0.081	0.079	0.083	0.078	0.079	0.079	0.079	0.079	0.081	0.460	0.408	0.438	0.391	0.449	0.475	0.384	0.429	0.426	0.325	0.383	0.479	0.080	0.078	0.077	0.077	0.077	0.077	0.077	0.079	0.082	0.078	0.079	0.078	0.079	0.079	0.078	0.083	0.078	0.079	0.078	0.078	0.079	0.078	0.078	0.078	0.079	0.079	0.079	0.079	0.079	0.079	0.078	0.079	0.079	0.078	0.079	0.082
20:00:00	36.9	0.450	0.514	0.602	0.514	0.564	0.309	0.241	0.237	0.249	0.489	0.466	0.318	0.091	0.085	0.078	0.078	0.081	0.082	0.079	0.079	0.079	0.079	0.079	0.087	0.274	0.408	0.335	0.387	0.335	0.280	0.259	0.300	0.232	0.081	0.083	0.083	0.093	0.080	0.079	0.081	0.079	0.083	0.078	0.079	0.079	0.079	0.079	0.081	0.459	0.405	0.436	0.387	0.444	0.469	0.379	0.430	0.422	0.321	0.379	0.476	0.080	0.078	0.077	0.077	0.077	0.077	0.077	0.079	0.082	0.078	0.079	0.078	0.079	0.079	0.078	0.083	0.078	0.079	0.079	0.078	0.079	0.078	0.078	0.078	0.079	0.079	0.079	0.079	0.079	0.079	0.078	0.079	0.079	0.078	0.079	0.082
20:20:00	36.9	0.443	0.510	0.595	0.516	0.559	0.309	0.239	0.233	0.244	0.484	0.459	0.297	0.091	0.085	0.078	0.078	0.081	0.082	0.079	0.079	0.079	0.079	0.078	0.087	0.273	0.404	0.336	0.387	0.338	0.280	0.257	0.299	0.232	0.081	0.083	0.083	0.093	0.080	0.079	0.081	0.079	0.083	0.078	0.079	0.079	0.079	0.079	0.081	0.453	0.402	0.431	0.381	0.435	0.461	0.373	0.429	0.419	0.318	0.373	0.472	0.080	0.078	0.077	0.077	0.077	0.077	0.077	0.079	0.082	0.078	0.079	0.078	0.079	0.079	0.078	0.083	0.078	0.079	0.078	0.078	0.079	0.078	0.078	0.078	0.079	0.079	0.079	0.079	0.079	0.079	0.078	0.079	0.079	0.078	0.079	0.082
20:40:00	36.9	0.437	0.505	0.589	0.518	0.554	0.311	0.236	0.230	0.240	0.481	0.456	0.279	0.091	0.085	0.078	0.078	0.081	0.082	0.079	0.079	0.079	0.079	0.078	0.087	0.272	0.401	0.336	0.383	0.338	0.279	0.256	0.297	0.232	0.081	0.083	0.083	0.093	0.080	0.079	0.081	0.079	0.083	0.078	0.079	0.079	0.079	0.079	0.081	0.450	0.399	0.429	0.377	0.429	0.454	0.368	0.430	0.417	0.314	0.368	0.469	0.080	0.078	0.077	0.077	0.077	0.077	0.077	0.079	0.082	0.078	0.079	0.078	0.079	0.079	0.078	0.083	0.078	0.079	0.078	0.078	0.079	0.078	0.078	0.078	0.079	0.079	0.079	0.079	0.079	0.079	0.078	0.079	0.079	0.078	0.079	0.082
21:00:00	37.0	0.431	0.501	0.584	0.520	0.550	0.312	0.236	0.226	0.236	0.479	0.448	0.267	0.091	0.085	0.078	0.078	0.081	0.082	0.079	0.079	0.079	0.079	0.079	0.087	0.271	0.397	0.337	0.381	0.342	0.279	0.254	0.296	0.233	0.081	0.083	0.083	0.093	0.080	0.079	0.081	0.079	0.083	0.078	0.079	0.079	0.079	0.079	0.081	0.447	0.395	0.427	0.373	0.422	0.450	0.363	0.430	0.417	0.311	0.364	0.467	0.080	0.078	0.077	0.077	0.078	0.077	0.077	0.079	0.082	0.078	0.079	0.078	0.079	0.080	0.078	0.083	0.078	0.079	0.078	0.078	0.079	0.078	0.078	0.078	0.079	0.079	0.079	0.079	0.079	0.079	0.078	0.079	0.079	0.078	0.079	0.082
21:20:00	36.9	0.422	0.498	0.579	0.521	0.546	0.313	0.235	0.224	0.233	0.476	0.443	0.255	0.091	0.085	0.078	0.078	0.081	0.081	0.079	0.079	0.079	0.079	0.078	0.087	0.269	0.395	0.335	0.379	0.334	0.278	0.251	0.297	0.234	0.081	0.083	0.083	0.093	0.080	0.079	0.081	0.079	0.083	0.078	0.079	0.079	0.079	0.079	0.081	0.445	0.392	0.424	0.369	0.417	0.445	0.359	0.431	0.414	0.307	0.359	0.464	0.079	0.078	0.077	0.077	0.077	0.077	0.077	0.079	0.082	0.078	0.079	0.078	0.079	0.079	0.078	0.083	0.078	0.079	0.078	0.078	0.079	0.078	0.078	0.078	0.079	0.079	0.079	0.079	0.079	0.079	0.078	0.079	0.079	0.078	0.079	0.082
21:40:00	37.0	0.415	0.491	0.575	0.523	0.541	0.314	0.235	0.221	0.230	0.473	0.437	0.245	0.091	0.085	0.078	0.078	0.081	0.081	0.079	0.079	0.079	0.079	0.078	0.087	0.267	0.391	0.335	0.378	0.338	0.278	0.249	0.294	0.235	0.081	0.083	0.083	0.093	0.080	0.079	0.081	0.079	0.083	0.078	0.079	0.079	0.079	0.079	0.081	0.443	0.390	0.422	0.366	0.410	0.439	0.354	0.430	0.411	0.305	0.355	0.461	0.080	0.078	0.077	0.077	0.077	0.077	0.077	0.079	0.082	0.078	0.079	0.078	0.079	0.080	0.078	0.083	0.078	0.079	0.078	0.078	0.079	0.078	0.078	0.078	0.079	0.079	0.079	0.079	0.079	0.079	0.078	0.079	0.079	0.078	0.079	0.082
22:00:00	36.9	0.407	0.487	0.570	0.525	0.537	0.315	0.234	0.220	0.227	0.471	0.431	0.237	0.091	0.085	0.078	0.078	0.081	0.081	0.079	0.079	0.079	0.079	0.078	0.087	0.265	0.389	0.332	0.377	0.338	0.278	0.248	0.293	0.235	0.081	0.083	0.083	0.093	0.080	0.079	0.081	0.079	0.083	0.078	0.079	0.079	0.079	0.079	0.081	0.441	0.387	0.419	0.362	0.406	0.434	0.351	0.429	0.409	0.302	0.352	0.459	0.080	0.078	0.078	0.077	0.077	0.077	0.077	0.079	0.082	0.078	0.079	0.078	0.079	0.079	0.078	0.083	0.078	0.079	0.078	0.078	0.079	0.078	0.078	0.078	0.079	0.079	0.079	0.079	0.079	0.079	0.078	0.079	0.079	0.078	0.079	0.082
22:20:00	37.0	0.400	0.481	0.565	0.526	0.533	0.315	0.233	0.217	0.225	0.468	0.425	0.231	0.091	0.084	0.078	0.078	0.081	0.081	0.079	0.079	0.079	0.079	0.078	0.087	0.263	0.387	0.327	0.373	0.328	0.277	0.247	0.292	0.234	0.080	0.083	0.083	0.093	0.080	0.079	0.081	0.079	0.083	0.078	0.079	0.079	0.079	0.079	0.081	0.439	0.384	0.417	0.358	0.400	0.429	0.347	0.430	0.406	0.300	0.348	0.456	0.080	0.078	0.078	0.077	0.077	0.077	0.077	0.079	0.082	0.078	0.078	0.078	0.079	0.079	0.078	0.083	0.078	0.079	0.078	0.078	0.079	0.078	0.078	0.078	0.079	0.079	0.079	0.079	0.079	0.079	0.078	0.078	0.079	0.078	0.079	0.082
0:00:00																																																																																																	
0:00:00																																																																																																	
0:00:00																																																																																																	
0:00:00																																																																																																	
0:00:00																																																																																																	

