

Software Version	3.04.17



Experiment File Path:	C:\Users\Public\Documents\Experiments\Charly\pBGT-G54U-G55U_AMP+SB-AMP\pBGTx4-G54Ux4-G55Ux4_AMP+SB-AMP.xpt
Protocol File Path:	C:\Users\Public\Documents\Protocols\charly\GFP-OD_12h_kin.prt



Plate Number	Plate 2
Date	16/05/2019
Time	09:04:12 a. m.
Reader Type:	Synergy H1
Reader Serial Number:	180720D
Reading Type	Reader

Procedure Details

Plate Type	96 WELL PLATE
Eject plate on completion	
Set Temperature	Setpoint 37°C
	Preheat before moving to next step
Start Kinetic	Runtime 12:00:00 (HH:MM:SS), Interval 0:20:00, 37 Reads
    Shake	Linear: 0:30 (MM:SS)
	Frequency: 567 cpm (3 mm)
    Read	OD
	Absorbance Endpoint
	Full Plate
	Wavelengths:  630
	Read Speed: Normal,  Delay: 100 msec,  Measurements/Data Point: 8
    Read	GFP
	Fluorescence Endpoint
	Full Plate
	Filter Set 1
	    Excitation: 479,  Emission: 520
	    Optics: Bottom,  Gain: 0
	Light Source: Xenon Flash,  Lamp Energy: High
	Read Speed: Normal,  Delay: 100 msec,  Measurements/Data Point: 10
	Read Height: 7 mm
End Kinetic	

OD:630

Time	T° OD:630	A1	A2	A3	A4	A5	A6	A7	A8	A9	A10	A11	A12	B1	B2	B3	B4	B5	B6	B7	B8	B9	B10	B11	B12	C1	C2	C3	C4	C5	C6	C7	C8	C9	C10	C11	C12	D1	D2	D3	D4	D5	D6	D7	D8	D9	D10	D11	D12	E1	E2	E3	E4	E5	E6	E7	E8	E9	E10	E11	E12	F1	F2	F3	F4	F5	F6	F7	F8	F9	F10	F11	F12	G1	G2	G3	G4	G5	G6	G7	G8	G9	G10	G11	G12	H1	H2	H3	H4	H5	H6	H7	H8	H9	H10	H11	H12
0:00:32	37.0	0.115	0.101	0.096	0.120	0.108	0.088	0.094	0.088	0.104	0.088	0.088	0.095	0.088	0.087	0.086	0.087	0.088	0.094	0.086	0.089	0.093	0.085	0.087	0.086	0.087	0.088	0.086	0.088	0.092	0.087	0.091	0.087	0.094	0.088	0.087	0.087	0.088	0.087	0.097	0.087	0.088	0.091	0.098	0.087	0.093	0.086	0.092	0.087	0.090	0.087	0.085	0.087	0.091	0.086	0.087	0.086	0.101	0.088	0.087	0.087	0.100	0.092	0.115	0.097	0.086	0.092	0.087	0.088	0.087	0.131	0.086	0.089	0.088	0.089	0.104	0.094	0.101	0.090	0.105	0.087	0.093	0.087	0.114	0.085	0.087	0.085	0.087	0.087	0.104	0.113	0.111	0.113	0.112	0.121	0.087	0.088
0:20:32	37.0	0.115	0.102	0.095	0.120	0.106	0.087	0.093	0.087	0.106	0.087	0.087	0.094	0.091	0.087	0.086	0.087	0.087	0.087	0.086	0.086	0.094	0.085	0.086	0.086	0.086	0.088	0.086	0.087	0.087	0.087	0.086	0.086	0.087	0.090	0.087	0.088	0.088	0.087	0.092	0.086	0.088	0.091	0.094	0.086	0.095	0.086	0.091	0.089	0.089	0.087	0.085	0.087	0.091	0.086	0.087	0.086	0.101	0.087	0.087	0.086	0.103	0.092	0.116	0.098	0.086	0.091	0.086	0.087	0.086	0.130	0.086	0.088	0.088	0.088	0.103	0.089	0.102	0.089	0.101	0.087	0.089	0.087	0.111	0.085	0.086	0.085	0.086	0.086	0.103	0.110	0.109	0.111	0.110	0.121	0.087	0.087
0:40:32	37.0	0.114	0.101	0.095	0.120	0.106	0.089	0.095	0.090	0.106	0.088	0.089	0.094	0.091	0.087	0.086	0.087	0.088	0.087	0.086	0.086	0.093	0.085	0.086	0.086	0.086	0.087	0.086	0.090	0.089	0.088	0.089	0.090	0.091	0.090	0.087	0.091	0.087	0.087	0.091	0.086	0.088	0.091	0.093	0.086	0.094	0.086	0.091	0.089	0.090	0.087	0.085	0.090	0.093	0.088	0.087	0.086	0.101	0.087	0.087	0.086	0.102	0.091	0.115	0.097	0.086	0.091	0.086	0.087	0.088	0.127	0.086	0.088	0.087	0.088	0.102	0.089	0.102	0.093	0.100	0.091	0.089	0.089	0.110	0.085	0.086	0.085	0.086	0.086	0.103	0.109	0.110	0.110	0.109	0.122	0.086	0.087
1:00:32	37.0	0.115	0.100	0.095	0.120	0.106	0.090	0.096	0.091	0.107	0.089	0.090	0.094	0.092	0.087	0.086	0.087	0.089	0.087	0.086	0.086	0.094	0.085	0.086	0.086	0.086	0.087	0.086	0.091	0.087	0.090	0.086	0.096	0.092	0.090	0.087	0.096	0.087	0.087	0.091	0.086	0.089	0.091	0.094	0.089	0.094	0.086	0.091	0.089	0.090	0.087	0.085	0.090	0.094	0.086	0.087	0.086	0.105	0.087	0.087	0.086	0.102	0.091	0.114	0.097	0.088	0.091	0.086	0.087	0.091	0.127	0.086	0.090	0.087	0.087	0.102	0.089	0.107	0.094	0.101	0.092	0.091	0.093	0.109	0.085	0.086	0.085	0.086	0.086	0.103	0.108	0.110	0.110	0.109	0.122	0.087	0.087
1:20:32	37.0	0.115	0.100	0.096	0.119	0.105	0.090	0.097	0.091	0.107	0.089	0.091	0.094	0.092	0.087	0.086	0.087	0.091	0.087	0.086	0.086	0.095	0.085	0.086	0.086	0.086	0.088	0.086	0.091	0.087	0.089	0.086	0.097	0.093	0.090	0.087	0.097	0.087	0.087	0.091	0.086	0.088	0.091	0.094	0.086	0.095	0.086	0.091	0.089	0.092	0.087	0.085	0.087	0.095	0.086	0.087	0.086	0.112	0.087	0.087	0.086	0.102	0.091	0.113	0.097	0.086	0.091	0.086	0.088	0.091	0.128	0.086	0.089	0.087	0.087	0.102	0.089	0.104	0.093	0.099	0.093	0.092	0.093	0.108	0.085	0.086	0.085	0.086	0.086	0.102	0.109	0.110	0.110	0.109	0.122	0.086	0.087
1:40:32	37.0	0.114	0.100	0.095	0.119	0.106	0.091	0.097	0.092	0.107	0.089	0.091	0.094	0.095	0.087	0.086	0.087	0.093	0.087	0.086	0.086	0.096	0.085	0.086	0.086	0.086	0.088	0.086	0.091	0.087	0.089	0.086	0.097	0.088	0.090	0.087	0.096	0.087	0.087	0.090	0.086	0.088	0.091	0.094	0.086	0.093	0.086	0.091	0.089	0.095	0.087	0.085	0.087	0.096	0.086	0.087	0.086	0.117	0.087	0.087	0.086	0.102	0.091	0.113	0.097	0.086	0.091	0.086	0.089	0.091	0.127	0.086	0.090	0.087	0.088	0.102	0.089	0.103	0.089	0.100	0.093	0.092	0.092	0.109	0.085	0.086	0.085	0.086	0.086	0.102	0.109	0.110	0.110	0.109	0.121	0.086	0.087
2:00:32	37.0	0.114	0.099	0.096	0.119	0.106	0.091	0.096	0.092	0.108	0.089	0.091	0.094	0.098	0.087	0.086	0.087	0.096	0.087	0.086	0.086	0.098	0.085	0.086	0.086	0.086	0.088	0.086	0.091	0.087	0.090	0.086	0.097	0.087	0.090	0.087	0.096	0.087	0.087	0.091	0.086	0.088	0.091	0.095	0.086	0.094	0.086	0.091	0.089	0.101	0.087	0.085	0.087	0.098	0.086	0.087	0.086	0.139	0.087	0.087	0.086	0.101	0.100	0.113	0.097	0.086	0.091	0.086	0.089	0.090	0.127	0.086	0.090	0.087	0.087	0.102	0.089	0.103	0.089	0.099	0.093	0.092	0.087	0.108	0.085	0.086	0.085	0.086	0.086	0.102	0.109	0.110	0.110	0.108	0.121	0.087	0.087
2:20:32	37.0	0.114	0.100	0.096	0.119	0.106	0.091	0.097	0.092	0.108	0.089	0.091	0.094	0.107	0.087	0.086	0.087	0.102	0.087	0.086	0.086	0.102	0.085	0.086	0.086	0.086	0.088	0.086	0.091	0.087	0.089	0.086	0.097	0.087	0.090	0.087	0.096	0.087	0.087	0.091	0.086	0.088	0.091	0.094	0.086	0.093	0.086	0.091	0.089	0.113	0.087	0.085	0.087	0.102	0.086	0.087	0.086	0.172	0.087	0.087	0.086	0.102	0.099	0.113	0.097	0.086	0.091	0.086	0.089	0.086	0.127	0.086	0.089	0.087	0.088	0.102	0.089	0.103	0.089	0.100	0.093	0.091	0.087	0.108	0.085	0.086	0.085	0.087	0.086	0.102	0.109	0.110	0.110	0.108	0.121	0.087	0.087
2:40:32	37.0	0.115	0.099	0.096	0.118	0.106	0.091	0.097	0.092	0.108	0.089	0.091	0.094	0.122	0.087	0.086	0.087	0.114	0.087	0.086	0.086	0.108	0.085	0.086	0.086	0.086	0.087	0.086	0.091	0.087	0.090	0.086	0.097	0.087	0.090	0.087	0.096	0.087	0.087	0.091	0.086	0.088	0.091	0.095	0.086	0.093	0.086	0.091	0.089	0.136	0.087	0.085	0.087	0.110	0.086	0.087	0.086	0.210	0.087	0.087	0.086	0.102	0.099	0.113	0.096	0.086	0.091	0.086	0.089	0.086	0.126	0.086	0.089	0.087	0.087	0.102	0.089	0.103	0.089	0.100	0.093	0.092	0.087	0.108	0.085	0.086	0.085	0.087	0.086	0.102	0.109	0.110	0.110	0.108	0.121	0.087	0.087
3:00:32	37.0	0.115	0.099	0.096	0.118	0.105	0.091	0.097	0.091	0.108	0.089	0.091	0.094	0.144	0.087	0.086	0.087	0.134	0.087	0.086	0.086	0.123	0.085	0.086	0.086	0.087	0.087	0.086	0.091	0.087	0.090	0.086	0.097	0.087	0.089	0.087	0.095	0.087	0.087	0.091	0.086	0.088	0.091	0.094	0.086	0.093	0.086	0.090	0.089	0.167	0.087	0.085	0.087	0.125	0.086	0.087	0.086	0.266	0.087	0.087	0.086	0.101	0.099	0.113	0.096	0.086	0.091	0.086	0.088	0.086	0.126	0.086	0.089	0.087	0.087	0.102	0.089	0.103	0.089	0.100	0.087	0.092	0.087	0.108	0.085	0.086	0.085	0.087	0.086	0.102	0.109	0.110	0.110	0.108	0.121	0.087	0.087
3:20:32	37.0	0.114	0.099	0.096	0.118	0.106	0.091	0.097	0.092	0.108	0.089	0.091	0.094	0.172	0.087	0.086	0.087	0.160	0.087	0.086	0.086	0.149	0.085	0.087	0.086	0.086	0.088	0.086	0.091	0.087	0.089	0.086	0.096	0.087	0.089	0.087	0.095	0.087	0.087	0.091	0.086	0.087	0.091	0.094	0.086	0.092	0.086	0.090	0.089	0.202	0.087	0.085	0.087	0.147	0.086	0.087	0.086	0.343	0.087	0.087	0.086	0.102	0.099	0.112	0.096	0.086	0.091	0.086	0.088	0.087	0.126	0.086	0.089	0.087	0.087	0.102	0.089	0.103	0.089	0.100	0.087	0.092	0.087	0.108	0.085	0.086	0.085	0.087	0.086	0.102	0.109	0.111	0.110	0.108	0.121	0.087	0.087
3:40:32	37.0	0.115	0.099	0.096	0.118	0.106	0.091	0.097	0.091	0.108	0.089	0.091	0.094	0.201	0.087	0.086	0.087	0.192	0.087	0.086	0.086	0.186	0.085	0.086	0.086	0.087	0.087	0.086	0.091	0.087	0.089	0.086	0.096	0.087	0.089	0.087	0.094	0.087	0.087	0.091	0.086	0.087	0.091	0.095	0.086	0.092	0.086	0.090	0.089	0.238	0.087	0.085	0.087	0.179	0.086	0.087	0.086	0.438	0.087	0.087	0.087	0.101	0.099	0.112	0.096	0.086	0.091	0.086	0.088	0.086	0.126	0.086	0.089	0.087	0.087	0.102	0.090	0.103	0.089	0.099	0.087	0.092	0.087	0.107	0.085	0.086	0.085	0.087	0.087	0.102	0.109	0.110	0.110	0.108	0.121	0.087	0.087
4:00:32	37.0	0.114	0.099	0.096	0.117	0.105	0.091	0.097	0.091	0.108	0.089	0.091	0.094	0.231	0.087	0.086	0.087	0.227	0.087	0.086	0.086	0.223	0.085	0.086	0.086	0.086	0.087	0.086	0.091	0.087	0.089	0.086	0.096	0.087	0.089	0.087	0.094	0.087	0.087	0.091	0.086	0.087	0.091	0.094	0.086	0.092	0.086	0.090	0.089	0.278	0.087	0.085	0.087	0.220	0.086	0.087	0.086	0.520	0.087	0.087	0.086	0.102	0.099	0.112	0.096	0.086	0.091	0.086	0.088	0.086	0.126	0.086	0.088	0.087	0.087	0.102	0.089	0.103	0.089	0.099	0.087	0.092	0.087	0.107	0.085	0.086	0.085	0.087	0.087	0.102	0.109	0.111	0.109	0.108	0.121	0.087	0.087
4:20:32	37.0	0.114	0.098	0.096	0.117	0.105	0.091	0.097	0.091	0.108	0.089	0.091	0.093	0.267	0.087	0.086	0.087	0.268	0.087	0.086	0.086	0.273	0.085	0.086	0.086	0.087	0.087	0.086	0.091	0.087	0.089	0.086	0.096	0.087	0.089	0.087	0.094	0.087	0.087	0.091	0.086	0.087	0.091	0.094	0.086	0.092	0.086	0.090	0.089	0.320	0.087	0.085	0.087	0.266	0.086	0.087	0.086	0.594	0.087	0.087	0.086	0.101	0.099	0.112	0.096	0.086	0.091	0.086	0.088	0.086	0.126	0.086	0.088	0.087	0.088	0.102	0.090	0.102	0.089	0.099	0.087	0.092	0.087	0.107	0.085	0.086	0.085	0.087	0.086	0.102	0.109	0.111	0.109	0.108	0.120	0.087	0.087
4:40:32	37.0	0.114	0.098	0.096	0.117	0.105	0.090	0.097	0.091	0.108	0.089	0.090	0.093	0.311	0.087	0.086	0.087	0.320	0.087	0.086	0.086	0.335	0.085	0.086	0.086	0.086	0.087	0.086	0.091	0.087	0.089	0.086	0.096	0.087	0.089	0.087	0.093	0.087	0.087	0.091	0.086	0.087	0.091	0.094	0.086	0.092	0.086	0.090	0.089	0.367	0.087	0.085	0.087	0.314	0.086	0.087	0.086	0.648	0.087	0.087	0.087	0.102	0.099	0.112	0.096	0.086	0.091	0.086	0.088	0.086	0.126	0.086	0.088	0.087	0.087	0.102	0.090	0.103	0.089	0.100	0.087	0.091	0.087	0.107	0.085	0.086	0.085	0.087	0.086	0.102	0.109	0.111	0.109	0.108	0.120	0.087	0.087
5:00:32	37.0	0.114	0.099	0.096	0.117	0.106	0.091	0.097	0.091	0.108	0.089	0.090	0.093	0.358	0.087	0.086	0.087	0.375	0.087	0.086	0.086	0.402	0.085	0.086	0.086	0.086	0.087	0.086	0.092	0.087	0.089	0.086	0.096	0.087	0.089	0.087	0.093	0.087	0.087	0.091	0.086	0.088	0.091	0.095	0.086	0.093	0.086	0.090	0.089	0.418	0.087	0.085	0.087	0.363	0.086	0.087	0.086	0.686	0.087	0.087	0.087	0.102	0.099	0.112	0.096	0.086	0.091	0.086	0.088	0.086	0.126	0.086	0.088	0.087	0.087	0.102	0.090	0.102	0.089	0.099	0.087	0.091	0.087	0.107	0.085	0.086	0.085	0.087	0.087	0.103	0.109	0.111	0.109	0.107	0.120	0.087	0.087
5:20:32	36.9	0.114	0.098	0.096	0.117	0.105	0.090	0.097	0.091	0.108	0.089	0.090	0.093	0.403	0.087	0.086	0.087	0.427	0.087	0.086	0.086	0.468	0.085	0.086	0.086	0.087	0.087	0.086	0.092	0.087	0.089	0.086	0.096	0.087	0.088	0.087	0.093	0.087	0.087	0.091	0.086	0.087	0.091	0.094	0.086	0.095	0.086	0.090	0.089	0.459	0.087	0.085	0.087	0.407	0.086	0.087	0.086	0.714	0.087	0.087	0.087	0.102	0.099	0.112	0.096	0.086	0.091	0.086	0.088	0.086	0.126	0.086	0.088	0.087	0.087	0.102	0.090	0.102	0.089	0.100	0.087	0.090	0.087	0.107	0.085	0.086	0.085	0.087	0.086	0.103	0.110	0.111	0.109	0.108	0.120	0.087	0.087
5:40:32	37.0	0.114	0.098	0.096	0.117	0.105	0.091	0.097	0.091	0.108	0.089	0.090	0.093	0.446	0.087	0.086	0.087	0.476	0.087	0.086	0.086	0.525	0.085	0.086	0.086	0.086	0.087	0.086	0.091	0.087	0.089	0.086	0.096	0.087	0.089	0.087	0.093	0.087	0.087	0.091	0.086	0.087	0.091	0.095	0.086	0.097	0.086	0.090	0.089	0.499	0.087	0.085	0.087	0.453	0.086	0.087	0.086	0.735	0.087	0.087	0.086	0.102	0.099	0.112	0.096	0.086	0.091	0.086	0.088	0.086	0.126	0.086	0.088	0.087	0.087	0.102	0.090	0.103	0.089	0.100	0.087	0.090	0.087	0.108	0.085	0.086	0.085	0.087	0.086	0.102	0.109	0.111	0.109	0.107	0.120	0.086	0.087
6:00:32	37.0	0.115	0.098	0.097	0.117	0.105	0.091	0.097	0.091	0.109	0.089	0.090	0.093	0.479	0.087	0.086	0.087	0.519	0.087	0.086	0.086	0.573	0.085	0.086	0.086	0.087	0.088	0.086	0.092	0.087	0.089	0.086	0.096	0.087	0.089	0.087	0.093	0.087	0.087	0.091	0.086	0.087	0.091	0.094	0.086	0.101	0.086	0.091	0.089	0.538	0.087	0.085	0.087	0.494	0.086	0.087	0.086	0.752	0.087	0.087	0.087	0.102	0.099	0.112	0.096	0.086	0.091	0.086	0.088	0.086	0.126	0.086	0.088	0.087	0.088	0.102	0.090	0.103	0.089	0.100	0.087	0.091	0.087	0.109	0.085	0.087	0.086	0.087	0.087	0.103	0.109	0.111	0.109	0.107	0.119	0.087	0.087
6:20:32	37.0	0.114	0.098	0.097	0.117	0.106	0.091	0.097	0.091	0.109	0.089	0.090	0.094	0.509	0.087	0.086	0.087	0.553	0.087	0.086	0.086	0.607	0.085	0.087	0.086	0.087	0.087	0.086	0.092	0.087	0.089	0.086	0.096	0.087	0.090	0.087	0.093	0.087	0.087	0.091	0.086	0.087	0.091	0.095	0.086	0.110	0.086	0.091	0.089	0.568	0.087	0.085	0.087	0.534	0.086	0.087	0.086	0.761	0.087	0.087	0.087	0.102	0.099	0.112	0.096	0.086	0.091	0.086	0.088	0.086	0.126	0.086	0.089	0.087	0.087	0.102	0.090	0.102	0.089	0.100	0.087	0.091	0.087	0.110	0.085	0.087	0.086	0.087	0.087	0.103	0.110	0.111	0.109	0.108	0.120	0.087	0.087
6:40:32	37.0	0.115	0.098	0.097	0.116	0.105	0.090	0.097	0.090	0.109	0.088	0.090	0.093	0.530	0.087	0.086	0.087	0.581	0.087	0.086	0.086	0.635	0.085	0.086	0.086	0.086	0.087	0.086	0.092	0.087	0.089	0.086	0.096	0.087	0.090	0.087	0.094	0.087	0.087	0.091	0.086	0.087	0.091	0.095	0.086	0.120	0.086	0.092	0.089	0.587	0.087	0.085	0.087	0.572	0.086	0.087	0.086	0.757	0.087	0.087	0.086	0.102	0.098	0.112	0.096	0.086	0.091	0.086	0.088	0.086	0.126	0.086	0.089	0.087	0.087	0.102	0.090	0.102	0.089	0.099	0.087	0.090	0.087	0.112	0.085	0.086	0.085	0.087	0.087	0.102	0.109	0.111	0.109	0.107	0.119	0.087	0.087
7:00:32	37.0	0.114	0.098	0.097	0.116	0.105	0.090	0.096	0.091	0.109	0.088	0.090	0.093	0.548	0.087	0.086	0.087	0.605	0.087	0.086	0.086	0.655	0.085	0.087	0.086	0.087	0.087	0.086	0.092	0.087	0.089	0.086	0.096	0.087	0.092	0.087	0.094	0.087	0.087	0.091	0.086	0.087	0.091	0.095	0.086	0.134	0.086	0.095	0.089	0.598	0.087	0.085	0.087	0.603	0.086	0.087	0.086	0.750	0.087	0.087	0.087	0.102	0.099	0.112	0.096	0.086	0.091	0.086	0.088	0.086	0.127	0.086	0.090	0.087	0.087	0.102	0.090	0.102	0.089	0.100	0.087	0.090	0.087	0.116	0.085	0.087	0.086	0.087	0.087	0.103	0.109	0.111	0.109	0.107	0.119	0.087	0.087
7:20:32	37.0	0.114	0.098	0.097	0.116	0.105	0.090	0.097	0.090	0.109	0.088	0.090	0.093	0.559	0.087	0.086	0.087	0.625	0.087	0.086	0.086	0.669	0.085	0.086	0.086	0.086	0.087	0.086	0.092	0.087	0.089	0.086	0.096	0.087	0.094	0.087	0.095	0.087	0.087	0.092	0.086	0.087	0.091	0.095	0.086	0.150	0.086	0.100	0.089	0.608	0.087	0.085	0.087	0.629	0.086	0.087	0.086	0.739	0.087	0.087	0.086	0.102	0.099	0.111	0.096	0.086	0.091	0.086	0.088	0.086	0.127	0.086	0.091	0.087	0.087	0.102	0.090	0.103	0.089	0.099	0.087	0.090	0.087	0.124	0.085	0.086	0.086	0.087	0.087	0.103	0.109	0.111	0.109	0.107	0.119	0.087	0.087
7:40:32	37.0	0.114	0.098	0.097	0.116	0.105	0.090	0.096	0.090	0.109	0.088	0.090	0.093	0.570	0.087	0.086	0.087	0.638	0.087	0.086	0.086	0.674	0.085	0.086	0.086	0.087	0.088	0.086	0.092	0.087	0.089	0.086	0.096	0.087	0.099	0.087	0.097	0.087	0.087	0.091	0.087	0.087	0.091	0.095	0.086	0.165	0.086	0.108	0.089	0.615	0.087	0.085	0.087	0.647	0.086	0.087	0.086	0.729	0.087	0.087	0.087	0.102	0.098	0.111	0.096	0.086	0.091	0.087	0.088	0.087	0.127	0.086	0.093	0.087	0.088	0.102	0.090	0.102	0.089	0.100	0.087	0.090	0.087	0.135	0.085	0.087	0.086	0.087	0.087	0.103	0.109	0.111	0.109	0.107	0.119	0.087	0.087
8:00:32	37.0	0.114	0.098	0.097	0.116	0.105	0.091	0.096	0.090	0.109	0.088	0.090	0.093	0.577	0.087	0.086	0.087	0.649	0.087	0.086	0.086	0.679	0.085	0.086	0.086	0.087	0.088	0.086	0.092	0.087	0.089	0.086	0.096	0.087	0.106	0.087	0.100	0.087	0.087	0.092	0.086	0.087	0.091	0.095	0.086	0.180	0.086	0.119	0.089	0.622	0.087	0.085	0.087	0.665	0.086	0.087	0.086	0.719	0.087	0.087	0.087	0.102	0.099	0.111	0.096	0.086	0.091	0.086	0.088	0.087	0.129	0.086	0.098	0.087	0.087	0.102	0.090	0.102	0.089	0.099	0.087	0.091	0.087	0.149	0.085	0.087	0.086	0.087	0.087	0.103	0.109	0.112	0.109	0.107	0.119	0.087	0.087
8:20:32	37.0	0.114	0.098	0.097	0.116	0.105	0.091	0.096	0.090	0.109	0.088	0.090	0.093	0.577	0.087	0.086	0.087	0.654	0.087	0.086	0.086	0.672	0.085	0.086	0.086	0.087	0.087	0.086	0.092	0.087	0.089	0.086	0.095	0.087	0.115	0.087	0.106	0.087	0.087	0.092	0.086	0.087	0.091	0.095	0.087	0.194	0.086	0.131	0.089	0.625	0.087	0.085	0.087	0.676	0.086	0.087	0.086	0.712	0.087	0.087	0.087	0.102	0.099	0.111	0.096	0.086	0.091	0.086	0.088	0.087	0.133	0.086	0.105	0.087	0.088	0.102	0.090	0.102	0.089	0.100	0.087	0.091	0.087	0.165	0.085	0.087	0.086	0.087	0.087	0.103	0.109	0.112	0.109	0.107	0.119	0.087	0.087
8:40:32	37.0	0.114	0.098	0.097	0.116	0.105	0.090	0.096	0.090	0.109	0.088	0.090	0.093	0.577	0.087	0.086	0.087	0.659	0.087	0.086	0.086	0.663	0.085	0.086	0.086	0.087	0.088	0.086	0.092	0.087	0.089	0.086	0.095	0.087	0.124	0.087	0.112	0.087	0.087	0.092	0.086	0.087	0.091	0.095	0.086	0.208	0.086	0.146	0.089	0.625	0.087	0.085	0.087	0.683	0.086	0.087	0.086	0.705	0.087	0.087	0.087	0.102	0.098	0.111	0.096	0.086	0.091	0.087	0.088	0.086	0.138	0.086	0.114	0.087	0.087	0.102	0.090	0.102	0.089	0.100	0.087	0.091	0.087	0.180	0.085	0.087	0.086	0.087	0.087	0.103	0.109	0.112	0.109	0.107	0.118	0.087	0.087
9:00:32	37.0	0.114	0.098	0.096	0.116	0.105	0.090	0.096	0.090	0.109	0.088	0.090	0.093	0.577	0.087	0.086	0.087	0.658	0.087	0.086	0.086	0.651	0.085	0.086	0.086	0.087	0.087	0.086	0.092	0.087	0.089	0.086	0.095	0.087	0.134	0.087	0.122	0.087	0.087	0.091	0.086	0.087	0.091	0.095	0.086	0.222	0.086	0.161	0.089	0.623	0.087	0.085	0.087	0.692	0.086	0.087	0.086	0.699	0.087	0.087	0.087	0.102	0.098	0.111	0.096	0.086	0.091	0.086	0.088	0.086	0.147	0.086	0.125	0.087	0.088	0.102	0.090	0.102	0.089	0.099	0.087	0.091	0.087	0.194	0.085	0.086	0.086	0.087	0.087	0.103	0.109	0.112	0.109	0.107	0.118	0.087	0.087
9:20:32	36.9	0.115	0.098	0.097	0.116	0.105	0.090	0.096	0.090	0.108	0.088	0.090	0.093	0.575	0.087	0.086	0.087	0.660	0.087	0.086	0.086	0.636	0.085	0.086	0.086	0.087	0.088	0.086	0.092	0.087	0.089	0.086	0.096	0.087	0.143	0.087	0.134	0.087	0.087	0.092	0.087	0.087	0.091	0.095	0.086	0.237	0.086	0.176	0.089	0.621	0.087	0.085	0.087	0.696	0.086	0.087	0.086	0.696	0.087	0.087	0.087	0.102	0.099	0.111	0.096	0.086	0.091	0.086	0.088	0.087	0.158	0.086	0.137	0.087	0.087	0.102	0.090	0.102	0.089	0.100	0.087	0.091	0.087	0.207	0.085	0.087	0.086	0.087	0.087	0.103	0.109	0.112	0.109	0.107	0.118	0.087	0.087
9:40:32	37.0	0.114	0.098	0.097	0.116	0.105	0.090	0.096	0.090	0.109	0.088	0.090	0.093	0.574	0.087	0.086	0.087	0.662	0.087	0.086	0.086	0.620	0.085	0.086	0.086	0.087	0.087	0.086	0.092	0.087	0.089	0.086	0.095	0.087	0.149	0.087	0.147	0.087	0.087	0.092	0.086	0.087	0.091	0.095	0.086	0.251	0.086	0.190	0.089	0.614	0.087	0.085	0.087	0.703	0.086	0.087	0.086	0.690	0.087	0.087	0.087	0.102	0.098	0.111	0.096	0.086	0.091	0.086	0.088	0.086	0.169	0.086	0.149	0.087	0.087	0.102	0.090	0.102	0.089	0.100	0.087	0.092	0.087	0.220	0.085	0.087	0.086	0.087	0.087	0.103	0.109	0.112	0.109	0.106	0.118	0.087	0.087
10:00:32	37.0	0.114	0.098	0.097	0.116	0.105	0.090	0.096	0.090	0.109	0.088	0.090	0.093	0.574	0.087	0.086	0.087	0.667	0.087	0.086	0.086	0.609	0.085	0.087	0.086	0.087	0.088	0.086	0.092	0.087	0.089	0.086	0.095	0.087	0.154	0.087	0.161	0.087	0.087	0.092	0.086	0.087	0.091	0.096	0.087	0.265	0.086	0.203	0.089	0.608	0.087	0.085	0.087	0.713	0.086	0.087	0.086	0.688	0.087	0.087	0.087	0.102	0.098	0.111	0.096	0.086	0.091	0.086	0.088	0.087	0.180	0.086	0.158	0.087	0.087	0.102	0.090	0.102	0.089	0.100	0.087	0.092	0.087	0.234	0.085	0.087	0.086	0.087	0.087	0.103	0.109	0.112	0.109	0.106	0.118	0.087	0.087
10:20:32	37.0	0.114	0.098	0.097	0.115	0.105	0.090	0.097	0.090	0.108	0.088	0.090	0.093	0.573	0.087	0.086	0.087	0.668	0.087	0.086	0.086	0.599	0.085	0.086	0.086	0.087	0.088	0.086	0.092	0.087	0.089	0.086	0.095	0.087	0.160	0.087	0.174	0.087	0.087	0.092	0.086	0.087	0.091	0.096	0.086	0.278	0.086	0.216	0.088	0.602	0.087	0.085	0.087	0.717	0.086	0.087	0.086	0.684	0.087	0.087	0.087	0.102	0.098	0.111	0.096	0.086	0.091	0.086	0.088	0.086	0.189	0.086	0.167	0.087	0.087	0.102	0.090	0.102	0.089	0.100	0.087	0.094	0.087	0.248	0.085	0.087	0.086	0.087	0.087	0.103	0.109	0.112	0.108	0.106	0.118	0.087	0.087
10:40:32	37.0	0.114	0.098	0.097	0.115	0.105	0.090	0.096	0.090	0.109	0.088	0.090	0.093	0.571	0.087	0.086	0.087	0.669	0.087	0.086	0.086	0.592	0.085	0.086	0.086	0.087	0.088	0.086	0.092	0.087	0.089	0.086	0.095	0.087	0.164	0.087	0.186	0.087	0.087	0.091	0.086	0.087	0.091	0.095	0.087	0.290	0.086	0.226	0.089	0.595	0.087	0.085	0.087	0.720	0.086	0.087	0.086	0.682	0.087	0.087	0.087	0.102	0.098	0.111	0.096	0.086	0.091	0.086	0.088	0.086	0.195	0.086	0.174	0.087	0.087	0.102	0.091	0.103	0.089	0.100	0.087	0.097	0.087	0.261	0.085	0.087	0.086	0.087	0.087	0.103	0.109	0.112	0.108	0.106	0.117	0.087	0.087
11:00:32	37.0	0.114	0.098	0.097	0.115	0.105	0.090	0.096	0.090	0.109	0.088	0.090	0.093	0.569	0.087	0.086	0.087	0.669	0.087	0.086	0.086	0.588	0.085	0.087	0.086	0.087	0.088	0.086	0.092	0.087	0.089	0.086	0.095	0.087	0.168	0.087	0.198	0.087	0.087	0.092	0.086	0.087	0.091	0.096	0.087	0.303	0.086	0.236	0.089	0.588	0.087	0.085	0.087	0.720	0.086	0.087	0.086	0.680	0.088	0.087	0.087	0.102	0.098	0.111	0.096	0.086	0.092	0.086	0.088	0.087	0.201	0.086	0.181	0.087	0.088	0.102	0.090	0.102	0.089	0.100	0.087	0.101	0.087	0.274	0.085	0.087	0.086	0.087	0.087	0.103	0.109	0.112	0.109	0.107	0.118	0.087	0.087
11:20:32	37.0	0.114	0.098	0.097	0.115	0.105	0.090	0.097	0.090	0.109	0.088	0.090	0.093	0.563	0.087	0.086	0.087	0.671	0.087	0.086	0.086	0.583	0.085	0.086	0.086	0.087	0.088	0.086	0.092	0.087	0.089	0.086	0.095	0.087	0.174	0.087	0.208	0.087	0.087	0.092	0.087	0.087	0.091	0.095	0.087	0.316	0.086	0.247	0.089	0.581	0.087	0.085	0.087	0.725	0.086	0.087	0.086	0.681	0.087	0.087	0.087	0.103	0.098	0.111	0.096	0.086	0.091	0.086	0.088	0.087	0.207	0.086	0.188	0.087	0.088	0.102	0.090	0.103	0.089	0.101	0.087	0.108	0.087	0.287	0.085	0.087	0.086	0.087	0.087	0.103	0.109	0.112	0.109	0.107	0.117	0.087	0.087
11:40:32	37.0	0.114	0.098	0.097	0.115	0.105	0.090	0.096	0.090	0.109	0.088	0.090	0.093	0.559	0.087	0.086	0.087	0.672	0.087	0.086	0.086	0.579	0.085	0.087	0.086	0.087	0.088	0.086	0.092	0.087	0.089	0.086	0.095	0.087	0.178	0.087	0.217	0.087	0.087	0.092	0.087	0.087	0.091	0.095	0.087	0.327	0.086	0.256	0.089	0.576	0.087	0.085	0.087	0.725	0.086	0.087	0.086	0.683	0.087	0.087	0.087	0.103	0.098	0.111	0.096	0.086	0.091	0.087	0.088	0.087	0.210	0.086	0.194	0.087	0.087	0.102	0.090	0.102	0.089	0.100	0.087	0.116	0.087	0.299	0.085	0.087	0.086	0.087	0.087	0.103	0.109	0.112	0.108	0.106	0.117	0.087	0.087
12:00:32	37.0	0.114	0.098	0.097	0.115	0.105	0.090	0.096	0.090	0.109	0.088	0.090	0.093	0.556	0.087	0.086	0.087	0.672	0.087	0.086	0.086	0.573	0.085	0.086	0.086	0.087	0.088	0.086	0.092	0.087	0.089	0.086	0.095	0.087	0.181	0.087	0.225	0.087	0.087	0.092	0.087	0.087	0.091	0.096	0.087	0.340	0.086	0.266	0.089	0.569	0.087	0.085	0.087	0.729	0.086	0.087	0.086	0.685	0.087	0.087	0.087	0.102	0.098	0.111	0.096	0.086	0.091	0.087	0.088	0.087	0.216	0.086	0.200	0.087	0.087	0.102	0.090	0.102	0.089	0.101	0.087	0.127	0.087	0.310	0.085	0.087	0.086	0.087	0.087	0.103	0.109	0.112	0.108	0.106	0.117	0.087	0.087

GFP:479,520

Time	T° GFP:479,520	A1	A2	A3	A4	A5	A6	A7	A8	A9	A10	A11	A12	B1	B2	B3	B4	B5	B6	B7	B8	B9	B10	B11	B12	C1	C2	C3	C4	C5	C6	C7	C8	C9	C10	C11	C12	D1	D2	D3	D4	D5	D6	D7	D8	D9	D10	D11	D12	E1	E2	E3	E4	E5	E6	E7	E8	E9	E10	E11	E12	F1	F2	F3	F4	F5	F6	F7	F8	F9	F10	F11	F12	G1	G2	G3	G4	G5	G6	G7	G8	G9	G10	G11	G12	H1	H2	H3	H4	H5	H6	H7	H8	H9	H10	H11	H12
0:01:23	37.0	17447	17253	17106	17100	16859	17045	16908	16621	16880	16723	16715	16529	17954	2120	2116	2085	18375	2137	2197	2199	20527	2159	2067	2087	2082	17072	2095	17313	2213	15871	2129	15514	2121	21706	2120	21625	17307	2162	17409	2163	17152	2152	16219	2131	29771	2118	22466	2088	18071	2084	2123	2159	18429	2086	2129	2091	32625	2080	2086	2130	18633	18264	17871	17249	2144	16048	2203	16833	2138	26087	2061	28157	15114	15423	15806	15150	19366	2131	16057	2139	23985	2169	28875	2060	17818	17328	17298	16945	16772	16976	16869	16933	16916	17107	16782	17087
0:21:23	37.0	16930	16733	16508	16500	16215	16265	16276	16160	16221	16216	16166	16076	17435	1964	1999	2022	17773	2036	2096	2106	19378	2111	1956	1949	2051	16501	2051	16439	2044	14901	2096	14561	2080	17526	1975	22048	16957	1996	16831	2022	15095	2133	14982	2085	31094	1981	22118	1939	17067	2034	2044	2007	17655	2058	2045	2040	28334	2060	2045	1978	17995	17059	16954	16258	2079	14764	2026	14672	2064	24700	2055	21173	14781	14575	14311	14055	16935	2059	15203	2121	17866	2074	23514	2036	16969	16627	16479	16298	16476	16355	16264	16045	16331	16167	16465	16408
0:41:23	37.0	16848	16540	16511	16353	16330	16120	16260	16115	16379	16037	16199	16095	17341	1980	2009	1996	17389	2001	2110	2088	19566	2040	1936	1929	1989	16769	2004	16500	2061	15194	1990	15711	2071	20080	1978	20409	17180	1954	17091	2021	15810	2126	15395	2052	30721	2020	23675	1968	17299	1943	2016	1971	17436	2004	2048	1990	27743	2034	2005	2020	17911	17090	17408	16243	2017	15723	2107	16334	2048	22623	1984	22541	14782	14814	14697	14521	15184	2078	15067	1998	18686	1992	21985	1952	16760	16496	16419	16139	16314	16063	16052	16232	16231	16095	15909	16418
1:01:23	37.0	17060	16625	16543	16466	16243	16362	16185	15939	16256	16235	16084	16056	17114	2020	1954	2029	17631	1959	2113	2109	19321	2061	1969	1956	1989	16818	2044	16753	2044	15665	2062	15828	2084	21094	2000	21314	17223	1991	17139	2012	16842	2075	15700	1991	29682	2066	23950	1985	17211	2016	2041	1994	17560	1966	2091	2055	28167	2011	1959	1938	17983	17376	17390	16832	2006	16098	2054	15282	2059	23532	2080	23900	15235	15277	14648	14691	17908	2002	16430	2029	19294	2047	22315	1977	16830	16498	16409	16278	16108	16149	16197	16274	16323	16094	16182	16186
1:21:23	37.0	16780	16660	16515	16312	16303	16160	16350	15865	16191	16296	16313	15882	17503	1950	1986	1969	17990	1994	2149	2075	19608	2030	1983	1974	1920	16998	2016	16753	2002	16725	2034	16232	2020	21282	1962	22206	17270	2042	17167	2026	17041	2104	16685	2012	29209	1977	24714	1927	17182	1994	1987	2018	17901	1951	2052	2079	29719	2046	2069	1958	18114	17485	17740	16705	2035	16392	2004	15660	2022	23601	2046	23868	15295	15371	14923	15117	18324	2037	16838	1999	19981	2059	23145	1958	16900	16517	16564	16199	16233	16172	16363	16118	16174	16272	16086	16280
1:41:23	37.0	16773	16544	16466	16325	16184	16122	16521	16126	16356	15957	16308	16059	17309	2016	2006	1997	18136	2017	2048	2078	19628	2011	2020	1913	1938	17161	2012	17010	1966	15957	1982	16246	2023	22418	2036	22901	17247	2020	17117	2038	17149	2049	16575	2098	29372	2063	25641	2026	17392	2019	1995	2021	17845	1956	2045	2043	28258	2090	1954	2024	18201	17704	17565	17004	2061	16569	2033	16343	2011	24067	2000	24968	15376	15236	15094	14983	17183	2073	16690	2049	20358	2042	24156	2015	16923	16552	16565	16362	16397	16244	16015	16259	15962	16262	16040	16014
2:01:23	37.0	17065	16766	16422	16251	16343	16291	16099	16009	16292	16170	16024	16004	17272	2004	2011	2011	18105	1968	2079	2007	19829	2039	1980	1906	2003	17070	1985	16889	1989	16676	2002	16473	2056	23645	2001	22711	17349	1975	17342	2061	17259	2103	16598	2034	30197	2012	26495	2017	17348	1974	2018	2006	18041	1963	2026	2013	29641	2025	2044	1968	18124	17426	18023	16852	1980	16560	2047	16220	2030	24270	1983	26493	15667	15662	15328	15101	18055	2019	16512	2041	20816	2066	24813	1949	16801	16571	16502	16151	16395	16191	16318	16056	16028	16231	16015	16257
2:21:23	37.0	16703	16631	16520	16256	16358	16251	16410	16075	15987	15974	16098	15916	17698	1993	1966	2010	18080	1997	2083	2020	19969	2034	2022	1944	1951	17105	1980	17277	1942	16999	2059	16793	2030	24197	2026	23958	17307	1955	17694	1991	17473	2064	17060	2030	30911	2011	27514	1957	17390	1979	1976	2011	17985	1956	1964	2017	29576	2027	2027	1968	17901	17499	17722	17091	2047	16994	2024	16637	2091	24753	2033	27180	15780	15915	15283	15334	17689	2046	17037	2034	21213	2019	26085	1936	17199	16391	16273	16260	16348	16211	16002	16265	16065	16274	16215	16528
2:41:23	37.0	16861	16639	16559	16340	16438	16258	16280	16217	16325	16038	16205	16132	17808	1937	1966	1935	18278	2004	2042	2082	20228	2081	1969	2014	1985	17182	2039	17219	1999	17209	2037	16695	2036	24604	1971	23822	17592	1969	17542	1963	17944	2052	17081	2016	31497	2065	28600	1976	17856	1994	1999	2018	18464	1994	1974	2038	29437	1990	2027	1992	18496	17582	18423	16908	1998	17176	2026	16668	2037	25240	2061	28196	16112	16057	15673	15786	18093	1992	17148	2025	21871	2030	26932	1947	16782	16620	16546	16072	16443	16248	16296	16160	16219	16197	16110	16531
3:01:23	37.0	16815	16700	16533	16391	16203	16016	16572	16261	16265	16255	16129	16102	18276	2003	1989	1971	18641	1962	2094	2115	20470	2008	2016	1990	1953	17655	1961	17224	1991	17294	2050	17044	2022	25003	1989	24070	17525	2000	17470	2012	18095	2116	17365	2066	29859	2040	28419	1987	18057	2025	2044	2008	18851	1970	1994	2045	29146	2039	2019	1965	18151	17735	18158	17076	2019	17300	1995	16590	2043	25692	2035	28410	16175	16279	15826	15737	18097	2054	17495	2063	22137	2091	27100	1972	16946	16520	16487	16436	16187	16204	16352	16305	16237	16221	16143	16387
3:21:23	37.0	16713	16622	16619	16368	16060	16376	16428	16013	16173	16372	16047	16239	20242	1976	1979	1978	18990	1988	2126	2115	20549	2031	1958	1974	1983	17536	1986	17267	1975	17515	2043	17130	2068	24758	2026	24003	17650	1940	17596	2099	18107	2051	17629	2049	29132	1992	27574	2025	21147	2057	2037	2049	19212	1996	2012	2013	29030	1987	1968	2049	18319	17712	18113	17073	1997	17680	1985	16780	2101	25633	2059	27561	16138	16060	15963	15914	18317	1996	17205	2134	22488	2038	26239	2034	16985	16561	16498	16477	16235	16258	16254	16041	16359	16140	16087	16274
3:41:23	37.0	16795	16476	16740	16447	16170	16359	16460	16237	16398	16123	16256	16330	27823	1983	2037	2002	20828	1988	2053	2049	21346	2039	1962	1959	1981	17313	1980	17458	2085	17448	2007	17317	2033	23481	1949	24086	17756	1984	17635	2041	18232	2032	17640	2053	29473	2027	25929	1990	29552	2005	2002	1980	20590	1971	2014	2081	28718	1995	2043	1935	18522	17807	18274	17223	1990	17585	2077	16795	2092	25041	2016	25655	16772	16484	16278	16091	18295	2071	17568	2026	22444	2062	24369	1993	16954	16574	16440	16109	16203	16260	16462	16174	16200	16370	15986	16351
4:01:23	37.0	16911	16739	16561	16420	16114	16307	16263	16060	16391	16034	16101	16053	39683	2013	2000	1963	24640	1909	2057	2046	23892	2062	1985	1969	1926	17474	1932	17343	2004	17826	1996	17441	2023	22382	1993	23541	17651	1992	17526	1989	18129	2085	17800	2047	30119	2035	26040	1945	42061	2019	2001	2034	23738	2023	2018	2030	27832	2031	2003	2013	18428	17775	18220	17229	2002	17868	2086	17131	2072	23423	1999	25614	16722	16722	16265	16259	18445	2039	17568	2095	22218	2088	24684	1970	16896	16803	16417	16273	16431	16070	16131	16323	16243	16330	16089	16267
4:21:23	37.0	16982	16661	16623	16492	16527	16273	16287	15992	16191	16112	16496	16362	56067	2040	2053	1975	29432	1981	2046	2076	27366	2052	1974	1973	1947	17604	2029	17528	2065	17926	2012	17587	2001	23059	2015	22246	17816	1966	17718	2034	18524	2065	18162	2033	31263	2092	26687	1982	57348	2028	1967	2007	31555	1941	2073	2015	27619	2010	2043	1962	18627	18006	18190	17446	2055	17839	2045	17362	2059	23875	1995	25866	16783	16861	16470	16388	18598	2028	17896	2071	21969	2091	25100	1976	17088	16518	16598	16275	16684	16282	16287	16428	16446	16431	16317	16434
4:41:23	37.0	17076	16575	16463	16342	16219	16230	16166	16195	16294	16112	16093	16246	74215	1975	1942	2023	34482	2007	2054	2060	30716	2020	1979	1992	1945	17531	2037	17476	2030	18157	2004	17647	2030	23134	1985	21199	17807	1952	17702	2023	18544	2062	17883	2035	32001	2012	27195	1947	74877	1993	2034	1965	40953	1971	2044	2033	27160	2021	2030	2005	18694	17786	18500	17109	2003	17827	2028	17124	2045	24179	2014	26080	16883	17037	16645	16436	18716	2001	17944	2074	21375	2047	25558	1969	17239	16687	16517	16499	16443	16374	16351	16089	16230	16312	16337	16576
5:01:23	37.0	16843	16737	16540	16396	16234	16296	16187	16227	16384	16059	16278	16223	92954	1970	2056	2014	38831	2016	2077	2071	33901	2016	1962	1955	1887	17434	1939	17462	1965	18033	2022	18002	1986	24111	2024	21314	17861	1950	17756	2040	18640	2076	18060	2063	33125	2002	27991	1964	92292	1998	2036	2024	51027	1949	2018	2021	26838	2030	2050	1969	18678	17970	18413	17318	2066	18249	1987	17324	2052	24480	2033	26999	17000	17021	16581	16628	18626	2002	17933	2040	20607	2032	26163	1987	17142	16794	16480	16384	16363	16421	16311	16360	16379	16281	16160	16280
5:21:23	37.0	17026	16662	16766	16466	16199	16507	16419	16193	16215	16125	16147	16189	110152	1992	2003	1972	42510	1992	2173	2054	36585	2026	1946	1925	1982	17439	2034	17591	1973	18308	2019	18051	2082	24894	2015	21864	18013	1970	17673	1993	18787	2043	18218	2040	34769	2048	29001	1999	108383	1981	2044	1931	60015	1955	2036	2012	26801	1988	2033	2004	18709	18243	18775	17467	2002	18347	2034	17543	2000	25325	2011	27922	16983	17285	16846	16706	18592	1999	17969	2023	20664	2057	27224	2036	16959	16752	16622	16281	16455	16378	16329	16419	16149	16284	16086	16439
5:41:23	37.0	16941	16848	16543	16504	16402	16535	16163	16275	16369	16346	16175	16251	125758	1942	2054	1971	45396	2043	2064	2072	38750	2030	1948	2055	1938	17587	1981	17655	2003	18108	1949	17959	2057	25953	1954	22461	18114	1964	17866	1999	18804	2041	18437	2061	36420	2021	30153	1968	121592	2005	2004	2079	68928	2003	1991	2040	27114	2003	2053	1931	18789	18045	18817	17485	2015	18323	2052	17797	2096	25954	1977	28834	17091	17364	16914	17276	18765	1986	18108	2027	21184	2074	28397	1915	16878	16712	16554	16699	16399	16374	16186	16168	16353	16396	16081	16585
6:01:23	37.0	16981	16595	16420	16694	16247	16300	16222	16165	16356	16191	16091	15984	135740	2003	1967	1964	47471	1953	2047	2098	40186	2020	1990	1967	1983	17609	1991	17559	1960	18422	1999	18402	2061	27495	1981	23288	17649	1998	18023	2058	18808	2028	18416	2033	38802	2064	31551	1992	132738	2032	1978	2060	77133	2011	2010	2004	27031	1966	2008	1965	18770	17977	18565	17525	2040	18596	2056	17846	2050	27514	2049	30112	17513	17866	17017	17204	18888	2041	18288	2063	21682	1998	29943	1978	17390	16621	16378	16642	16449	16329	16135	16256	16424	16226	16188	16319
6:21:23	37.0	16983	16554	16465	16441	16324	16100	16489	16210	16566	16238	16318	16253	143385	2010	1994	1981	48441	1970	2080	2071	41087	1998	2008	1964	1976	17733	1962	17667	2089	18591	1968	18300	2013	29623	1957	24742	17986	1999	17799	2030	18994	2072	18452	2075	41725	2030	33858	1944	141600	1978	2058	2022	83544	1998	2012	1970	27312	2071	2015	1937	18792	18248	18504	17525	1996	18487	1958	17618	2033	29527	2006	31967	17630	17459	17205	16714	18891	2026	18265	2065	22215	2058	31620	1998	17008	16691	16625	16140	16386	16288	16242	16295	16330	16228	16261	16555
6:41:23	37.0	17040	16893	16662	16456	16302	16439	16273	15958	16400	16247	16401	16154	147910	1958	1973	1980	49590	1990	2084	2059	42402	2036	1934	1962	2005	17688	2022	17821	2032	18567	1979	18438	2040	32339	2010	26652	18107	1971	18012	2046	19200	2083	18341	2094	44422	2043	36494	1959	144933	1960	2019	2017	89593	1968	2016	2059	27638	2015	1997	1955	18617	18204	18881	17686	2041	18907	2064	18039	2078	31236	2019	34034	17733	17859	17224	17699	19032	2014	18549	2084	23386	2002	33836	1967	17104	16714	16740	16330	16481	16291	16399	16323	16096	16309	16365	16459
7:01:23	37.0	17122	16984	16541	16287	16436	16443	16442	15984	16377	16373	16236	16326	152707	1974	1941	1984	50882	1961	2098	2106	43479	2016	1991	1942	1940	17676	1988	17850	1962	18902	2065	18417	2012	34766	2028	29403	18074	1973	18182	2002	18954	2098	18488	2015	49205	1971	39361	1956	148078	2000	2011	2046	94372	1961	1965	2070	27287	1980	2054	1957	18718	18220	18782	17632	2012	18856	2061	18261	2055	33449	2035	36970	17733	17931	17455	17370	19042	2077	18465	2051	25232	2004	36677	1926	17170	16447	16478	16598	16416	16234	16533	16335	16437	16412	16538	16565
7:21:23	37.0	17081	17069	16781	16546	16453	16449	16345	16364	16603	16186	16342	16499	154753	1992	1977	1971	52248	2033	2086	2101	44477	1988	1979	1953	1958	17721	1993	17620	1995	19096	2022	18658	2070	37880	2019	32043	18019	2008	18089	2026	19187	2048	18700	2052	56559	2009	42819	1996	150573	1992	2050	2022	97323	1915	2007	2054	27644	2016	2016	1976	18915	18292	18732	17592	1985	19101	2046	18238	2037	36693	2052	39795	17887	17921	17576	17534	19216	2036	18533	2069	27095	2092	39278	1955	17204	16786	16710	16252	16440	16368	16119	16593	16426	16491	16251	16387
7:41:23	37.0	17269	16774	16563	16420	16484	16457	16642	16117	16429	16243	16529	16413	158509	1976	2033	1965	53570	2030	2105	2097	46231	1995	2051	1995	1989	17915	1984	17794	1998	19133	1997	18715	2083	41704	1999	36105	18133	1989	18253	1997	19248	2051	18779	2056	69086	2046	46545	1937	153345	2035	2020	2005	101809	2016	1989	2001	27830	2014	2043	1916	18957	18509	18725	17814	2009	18870	2006	18552	2068	39873	2078	43103	18075	18328	17867	17867	19240	2062	18727	2061	29705	2022	42930	2006	17274	16912	16814	16771	16709	16520	16357	16475	16294	16346	16440	16531
8:01:23	37.0	16639	16935	16708	16612	16665	16560	16373	16148	16565	16153	16277	16405	160523	1933	1991	2001	54937	2019	2151	2117	46823	2010	1959	1940	2032	17922	2024	17751	1993	19011	2049	18895	1986	46230	1906	40160	17926	2029	18066	2007	19374	2055	19235	2026	86599	2033	51396	1956	156151	2037	2013	2041	104205	2067	2022	2048	27773	2034	2024	1942	18989	18456	19093	17878	1951	19212	2055	18398	2039	43488	2019	47513	18247	18402	17781	18010	19273	2066	18827	2012	32837	2058	47938	1995	17114	16956	16946	16518	16412	16320	16345	16536	16433	16414	16373	16461
8:21:23	37.0	16944	16821	16668	16424	16388	16530	16544	16337	16587	16478	16278	16190	163118	2031	1975	2003	55294	2042	2077	2052	47698	2012	1974	1979	1970	17764	2043	17870	2010	19029	2040	18983	2012	51964	1993	45438	18210	1907	17968	1975	19508	2050	19006	2031	106774	2055	57396	1982	158766	2066	1971	1942	108385	1934	1990	2029	27316	2072	2007	2002	19104	18456	18743	17839	2075	19111	2046	18583	2100	48503	2034	51850	18390	18525	18236	17935	19293	2034	18771	2067	36053	2037	55152	1984	16968	17007	16546	16703	16402	16420	16295	16446	16730	16409	16456	16651
8:41:23	37.0	17138	16667	16611	16398	16454	16164	16542	16158	16631	16411	16322	16381	162870	1994	1980	1967	56170	1940	2101	2082	48124	2011	1967	1954	1932	17847	2013	17885	2011	19405	2012	19001	2085	59664	2022	51233	18277	1908	18378	1994	19333	2015	19082	2003	127619	2006	66327	1957	159399	2085	1972	2022	112240	1984	2012	1994	27613	2099	1976	2032	19073	18274	19052	17869	2014	19385	2049	18754	2042	52967	2062	56977	18492	18474	18351	18207	19446	2027	19058	2015	40524	2090	66439	2003	17148	16744	16721	16689	16584	16375	16207	16356	16458	16503	16277	16454
9:01:23	37.0	16970	16795	16489	16765	16467	16502	16442	16292	16557	16223	16316	16070	162622	1994	2035	1962	56840	1971	2042	2119	48020	1975	1995	1985	1990	18083	2021	18019	2004	19349	2053	19213	2022	70759	1977	58524	18243	2009	18214	2050	19280	2024	19374	2154	149620	2031	80620	1997	158959	1980	1993	1981	117116	2002	1998	2037	26936	2078	2038	1983	19107	18571	18989	17826	2013	19380	2070	18872	2003	59058	2055	62821	18682	18736	18325	18332	19326	2055	19156	1966	44130	2046	84387	1966	17338	16691	16686	16506	16459	16435	16426	16255	16583	16497	16637	16678
9:21:23	37.0	17106	16984	16711	16573	16608	16613	16401	16153	16627	16381	16155	16225	164042	1975	1984	1959	57624	2022	2084	2099	47174	2015	1985	1942	1944	18275	1993	18110	1991	19523	1986	18935	2011	87727	2072	67701	18560	1993	18368	2020	19254	2051	19198	2050	171033	2062	100293	2004	158345	2047	1965	2011	121610	1979	2017	2076	26680	2054	2034	1964	18952	18565	18765	18014	2019	19491	2092	18956	2050	65850	2038	72239	18710	19102	18394	18495	19652	2027	18954	2113	48679	2041	103508	1869	17014	16967	16843	16726	16727	16496	16271	16294	16608	16524	16574	16367
9:41:23	37.0	17164	16703	16843	16797	16641	16367	16481	16427	16354	16401	16366	16465	163057	2024	1995	1951	59056	1992	2112	2053	46876	2004	1972	1976	2033	18199	1989	18037	2017	19608	1996	19297	2062	108879	1949	78266	18504	2044	18256	1984	19734	2087	19383	2090	193844	2058	122974	1978	156575	1985	2013	2031	126266	1958	1952	1990	26890	2044	2013	1961	19234	18604	19054	17831	2064	19751	2042	18734	2064	75993	1981	85283	18778	19405	18747	18642	19548	1992	19267	2016	54291	2090	124602	2051	17100	16771	16707	16528	16778	16326	16285	16513	16369	16584	16441	16705
10:01:23	37.0	16874	16760	16683	16389	16422	16412	16515	16243	16537	16389	16243	16164	164295	2034	1940	1986	58622	2015	2044	2121	45578	2039	1991	1973	1953	18322	1988	18078	1997	19736	2019	19295	2053	132200	1989	91212	18301	1926	18171	2054	19511	2083	19442	2104	216820	2025	147030	2001	154822	1995	1985	1986	131438	1952	2003	2007	26666	2051	2037	2002	19265	18391	19144	18063	1993	19664	2071	19057	2042	89025	2050	103520	18709	19294	19055	18662	19770	1981	19329	2065	60812	2010	146331	1981	17367	16796	16827	16628	16423	16399	16498	16235	16380	16539	16537	16656
10:21:23	37.0	17264	16756	16861	16514	16540	16280	16298	16428	16624	16390	16421	16364	164591	1997	1999	2055	59093	2028	2044	2141	44583	1975	2013	1947	1963	17924	2034	18316	2011	19826	2013	19364	2009	157347	2000	107043	18216	1970	18439	2040	19401	2081	19432	2040	249446	2031	171700	2013	152675	1992	2009	1978	136807	2036	1989	2019	26303	2009	2119	2011	19421	18605	18908	17868	2025	19624	2039	19183	2074	108303	2057	123900	19111	19325	18977	18712	19450	2019	19276	2057	66876	2101	167515	1959	17064	16946	16563	16576	16583	16329	16522	16473	16718	16797	16495	16613
10:41:23	37.0	17070	17028	16650	16811	16479	16515	16352	16407	16588	16260	16236	16296	163044	1927	2075	2002	59247	2022	2048	2066	44265	2013	2034	1929	2016	18207	2010	18150	2049	19861	2009	19175	2063	183550	1961	125591	18505	1974	18382	2056	19768	2026	19456	2066	276504	2116	196843	1976	150968	1996	2052	2004	142021	2003	2046	2092	26228	2026	2034	1952	19105	18673	19068	18282	2023	19664	2017	18910	2038	131577	2023	147169	19305	19437	18797	18840	20078	2023	19259	2105	74233	2013	191147	1962	17158	16636	16738	16516	16434	16541	16302	16546	16436	16485	16479	16456
11:01:23	37.0	17166	16898	16595	16490	16400	16491	16748	16485	16520	16562	16285	16520	162902	1977	1983	1929	59957	1970	2091	2090	44393	2054	1946	1959	1950	18131	2046	18229	2048	19836	2073	19454	2063	208243	1995	142874	18557	2045	18435	2038	19755	2084	19924	2058	299183	2067	236840	2000	148834	1983	2028	2022	144790	1966	1978	2031	26209	2047	2027	1993	19468	18582	19165	18225	2029	19688	1967	19185	2058	157400	2047	172803	19310	19709	18983	18969	19899	2050	19274	2062	81997	2060	215525	1950	17582	17126	16961	16685	16601	16611	16351	16353	16491	16546	16431	16833
11:21:23	37.0	16986	16821	16626	16544	16554	16389	16302	16348	16368	16170	16452	16208	161082	2020	2016	1971	60438	2017	2021	2026	43827	2054	1995	1981	1925	18293	1971	18441	2043	19912	2011	19445	2045	243612	1970	161342	18321	1952	18396	1978	20073	2085	19751	2026	322643	1965	262423	2058	147568	2016	2039	2060	150052	1931	2050	2047	26022	1962	2024	1947	19158	18720	18942	17948	2038	20060	2006	19483	2096	184395	2012	197388	19368	19671	19108	19288	19978	1971	19600	2059	91295	2053	249783	1984	17197	16776	16977	16535	16639	16585	16298	16295	16370	16615	16495	16413
11:41:23	37.0	17118	16672	16603	16758	16528	16524	16382	16234	16481	16310	16261	16109	160158	2066	1941	1921	60756	2002	2090	2098	43341	1991	1981	1943	1967	18335	1988	18150	1988	19804	2057	19728	2018	273266	1976	179874	18605	1955	18700	1937	20071	2031	19860	2093	346745	2035	293067	2020	146064	1996	2002	2001	153858	2032	2016	2010	25851	2011	2069	1978	19321	18706	19098	18131	2002	20080	2064	19341	2087	212815	2055	221584	19309	19871	19282	19443	19921	2027	19888	2074	101041	2060	275109	1963	17056	16866	16619	16365	16714	16505	16362	16519	16542	16629	16441	16970
12:01:23	37.0	16966	16930	16639	16866	16553	16437	16290	16214	16527	16324	16476	16282	159373	1996	2017	2006	61459	2006	2110	2125	43365	2054	2032	1978	1972	18167	2003	18101	2015	20015	2000	19551	2022	296820	1967	197858	18475	2005	18398	2040	19831	2060	19852	2117	371182	2021	319545	2026	144659	1996	2007	2062	156813	1980	2059	2037	25260	2017	2012	1950	19330	18698	19190	18069	2000	19974	2057	19083	2062	251701	2018	259707	19712	20039	19355	19606	19891	2085	19787	2090	112984	2032	298862	1972	17228	16934	16802	16809	16607	16463	16542	16484	16557	16476	16467	16746

GFP/OD

Time	A1	A2	A3	A4	A5	A6	A7	A8	A9	A10	A11	A12	B1	B2	B3	B4	B5	B6	B7	B8	B9	B10	B11	B12	C1	C2	C3	C4	C5	C6	C7	C8	C9	C10	C11	C12	D1	D2	D3	D4	D5	D6	D7	D8	D9	D10	D11	D12	E1	E2	E3	E4	E5	E6	E7	E8	E9	E10	E11	E12	F1	F2	F3	F4	F5	F6	F7	F8	F9	F10	F11	F12	G1	G2	G3	G4	G5	G6	G7	G8	G9	G10	G11	G12	H1	H2	H3	H4	H5	H6	H7	H8	H9	H10	H11	H12
0:01:23	152243	170484	177817	142027	156391	192817	179872	188661	162934	190034	190376	174541	202870	24424	24548	23856	209044	22710	25487	24764	219775	25281	23841	24296	23986	194221	24304	197412	23976	182635	23473	178117	22516	246379	24312	247426	195559	24822	179289	24948	194027	23596	164995	24579	318747	24542	242876	23863	200122	23954	24918	24816	202294	24284	24471	24173	323020	23744	23949	24567	187078	198738	155942	177825	24844	174245	25409	191502	24631	198986	23827	316016	170780	174074	152420	161859	191553	23783	153509	24474	257626	24845	253289	24150	205751	202904	199286	195444	160651	150363	152385	149982	150632	140914	192234	195057
0:21:23	147731	164371	173768	137157	152828	186098	175577	185109	152453	185538	184966	170840	192439	22679	23271	23295	203352	23510	24400	24432	206368	24806	22613	22769	23711	187725	23877	188305	23494	172067	24344	168530	23991	194086	22727	249694	192474	22995	183145	23430	172121	23517	158876	24160	329037	23035	243590	21811	190693	23460	24019	23149	194011	24042	23587	23666	281091	23570	23533	22867	174539	185626	145778	166749	24146	161886	23476	168838	23861	190146	23812	240602	168540	166192	138538	157215	166029	23057	151274	24379	200742	23922	211647	23981	196628	195612	190729	188853	159806	149361	148801	144680	148464	133062	189908	187735
0:41:23	147273	163116	174351	136503	154494	180920	172063	179654	154519	182032	181400	171406	190770	22837	23415	23022	198505	23106	24563	24223	209711	24000	22407	22561	22994	192085	23329	182724	23209	173250	22260	173987	22733	223359	22762	224521	196568	22537	187401	23391	179863	23440	164829	23750	325779	23488	259594	22187	192854	22411	23718	21998	188294	22670	23649	23113	275228	23299	23099	23407	174912	188009	151506	167109	23426	172591	24415	188180	23326	177854	23016	257024	168937	168532	143525	163341	148863	22392	151275	22004	209719	22407	200410	22965	194206	193843	190255	187010	158542	147910	146326	147029	148500	132251	183919	188064
1:01:23	148996	165918	173771	137561	153816	181196	168418	174962	152495	182211	177920	170990	186630	23299	22774	23403	198101	22621	24627	24495	205106	24247	22789	22850	23021	192206	23795	183293	23548	174056	23977	165738	22652	233858	23041	223183	197738	22964	188964	23287	190090	22878	167556	22446	315430	24051	263767	22379	190387	23253	24012	22156	186017	22994	24145	23895	268769	23036	22543	22431	176477	191366	152812	173705	22692	177291	23801	175052	22676	185437	24130	266741	174114	174594	142907	164697	167678	21275	162673	21959	211325	22106	205290	23259	195244	194094	189699	188185	156845	148976	147648	147677	150028	132135	186859	185619
1:21:23	146422	166767	172932	136961	154531	178564	169430	173768	151886	182896	180055	169137	189426	22517	23120	22684	197475	23025	25017	24072	206183	23882	22951	23061	22197	194041	23469	183897	23038	187500	23624	168033	21814	236467	22578	229876	198050	23525	189272	23449	193868	23197	176935	23314	309090	22988	270987	21700	186761	22999	23376	23276	188233	22792	23695	24146	266299	23436	23809	22636	178287	192354	156575	172572	23635	179934	23221	177149	22123	184961	23735	267578	175401	176071	146304	169663	176192	21856	170081	21587	217421	22164	213318	23035	195602	193862	191491	187488	158371	148776	149161	146394	148522	133706	185965	186483
1:41:23	146745	166104	172600	137185	153258	177947	171025	176048	152575	178890	179802	170840	183164	23279	23380	23007	194592	23291	23842	24107	204885	23659	23380	22348	22405	195902	23423	186718	22650	178291	23020	167657	23041	249089	23429	238056	198014	23299	189347	23615	195765	22591	176142	24311	315489	23988	280843	22841	183654	23287	23471	23310	185499	22877	23587	23728	240698	23940	22486	23399	178792	194978	155168	175843	23965	181877	23557	184043	22026	190103	23175	278661	176533	173729	147980	168159	166341	23266	167570	22080	220086	22220	222431	23734	196551	194501	191503	189375	160127	149439	146122	148078	146845	133844	185434	183436
2:01:23	149300	169012	171599	136678	154763	179416	167002	174771	151132	181481	176670	170618	175707	23141	23438	23195	188006	22725	24203	23310	203374	23960	22890	22266	23156	194863	23108	185593	22888	185702	23252	169650	23741	262722	23026	237563	199185	22753	190571	23882	196796	23186	174532	23569	322618	23395	290515	22714	171423	22768	23741	23137	183904	22932	23395	23380	214014	23169	23548	22778	179091	174609	159214	174271	23023	182178	23747	182658	22606	191706	22978	295022	179667	179199	150570	169294	175291	22660	166620	21923	227001	23774	228691	22902	194681	194495	190775	186933	160107	148951	148345	146230	147996	133699	184931	186220
2:21:23	146005	167146	172623	136950	154905	179371	169525	175491	148440	179282	177096	169499	165402	22987	22860	23130	177255	23033	24221	23407	195391	23901	23376	22684	22555	195263	23023	189649	22348	189933	23886	173124	23414	269454	23314	250345	198703	22497	194440	23017	199009	22731	180912	23523	331308	23357	302020	22038	153758	22826	23247	23168	176324	22850	22627	23426	172254	23192	23326	22751	176191	176936	156971	177109	23775	186747	23426	187565	24173	195213	23530	303687	180756	181264	149540	171521	171905	22912	170883	21824	232090	23260	240415	22750	199063	192383	187910	188194	159648	148998	145473	147998	148065	134053	187240	189108
2:41:23	147129	167901	172490	138475	155663	179053	168008	177041	150600	180202	178077	171983	145967	22341	22887	22267	160474	23114	23744	24153	186605	24454	22763	23528	22948	196366	23709	188805	22977	191851	23631	172469	23483	274598	22655	248924	201743	22658	191926	22720	204840	22599	179989	23333	337951	23984	314631	22252	131584	22972	23518	23276	167702	23267	22768	23670	139910	22795	23272	23029	181868	178136	163615	175394	23206	188747	23449	188126	23549	200317	23854	315391	184983	183929	153657	176380	175490	22307	171996	21774	238246	23414	249140	22879	194236	194842	191062	186019	160576	149338	148011	147177	149760	133528	186028	189359
3:01:23	146856	168687	172578	138789	153729	176582	171022	177716	150881	182640	177242	172030	126653	23103	23155	22681	139008	22656	24377	24508	166830	23624	23333	23221	22552	201771	22802	188860	22885	193013	23782	176074	23349	279363	22888	253102	200975	23041	192189	23287	206564	23304	183951	23912	320720	23721	314369	22376	108255	23356	24047	23134	151050	23014	22999	23724	109778	23330	23207	22717	179358	180051	161404	177137	23449	190319	23117	187670	23646	204391	23581	318498	185493	186259	155309	176226	175019	23027	175829	23740	241407	24118	251158	23173	196362	193669	190161	190012	158076	148797	148116	148768	150343	134058	186409	187709
3:21:23	146093	167899	173295	138830	152083	180154	169886	174814	149335	183955	176729	173124	117960	22765	23038	22762	118910	22930	24721	24536	137544	23866	22610	23034	22925	200183	23120	189124	22727	196137	23701	177697	23825	277245	23287	253732	202408	22325	192516	24266	206937	22563	187144	23715	315623	23136	305022	22830	104844	23698	23937	23606	130783	23318	23206	23353	84586	22709	22647	23688	179774	179271	161868	177106	23194	194072	22975	189605	24261	203437	23859	309327	185281	183543	156807	178009	178528	22377	172915	24557	244435	23479	243630	23901	196586	193923	190288	190486	158545	149568	147095	146493	151192	133499	185548	186201
3:41:23	146553	167099	174012	139500	153125	180165	169866	177648	151553	180954	179228	174280	138699	22846	23686	23038	108310	22930	23872	23770	114949	23960	22682	22886	22875	197863	23023	190798	23993	195168	23310	180198	23449	263831	22402	256780	203624	22831	194004	23623	208366	22354	186469	23734	319664	23542	287143	22435	124116	23126	23553	22811	114835	22999	23230	24142	65626	22852	23483	22344	182663	180415	162725	178662	23086	193242	24039	189989	24185	198896	23333	288583	192119	188389	159745	179587	177794	23191	177275	23287	244488	23728	226899	23420	196227	194075	189401	186016	158232	149174	149248	147708	150000	135626	184383	187082
4:01:23	147953	169939	172331	139745	152739	179791	168354	175904	151628	180360	177324	171141	171937	23245	23283	22615	108738	22018	23974	23735	107139	24259	23001	23002	22266	199931	22491	189748	23088	199843	23155	181677	23360	252334	22934	251238	202652	22949	192171	23021	207189	22988	188960	23720	327380	23663	289333	21953	151517	23287	23569	23433	108047	23661	23276	23577	53502	23238	23049	23272	181378	180457	162533	179096	23252	196568	24200	194009	23954	185897	23190	290079	192207	191546	159617	182072	179776	22884	177455	24136	242555	24083	229832	23149	195782	196987	189354	187910	160302	147702	145718	149205	150538	135406	185785	186334
4:21:23	148574	169491	173156	140717	156654	179416	168254	175351	149501	181441	181874	174995	210383	23529	23900	22727	109698	22849	23846	24084	100278	24113	22821	23049	22483	201189	23593	191563	23763	200291	23341	182627	23080	259673	23188	235907	204312	22650	194703	23542	211703	22717	192394	23530	338344	24297	296522	22345	179213	23364	23114	23149	118583	22675	23910	23376	46497	22998	23510	22682	183880	182802	161977	181163	23840	196033	23642	196625	23831	188884	23117	292933	192466	190520	161788	182902	181621	22710	181134	23832	239836	24090	233488	23247	197778	193419	191442	188150	162771	149376	147260	150302	152844	136470	188418	188247
4:41:23	149266	168616	170778	139556	153880	179337	166488	178163	150591	181851	177823	174126	238710	22780	22608	23280	107756	23149	23912	23898	91608	23765	22905	23298	22486	200584	23714	190995	23360	203326	23275	183823	23414	260518	22842	226970	204209	22463	193888	23414	212174	22709	189439	23581	345957	23423	302167	21950	204191	22961	23929	22664	130258	23026	23576	23640	41907	23124	23360	23152	183635	180385	165179	178033	23264	196117	23472	194370	23669	191897	23364	295357	194057	195155	163668	183438	182240	22458	179980	23867	234632	23583	237970	23165	199525	195398	190507	190740	160576	150773	147706	147335	150696	135594	188649	189874
5:01:23	147616	169919	171933	140257	153731	179471	167394	178515	151144	181253	179867	173508	259866	22696	23935	23176	103605	23253	24179	23998	84289	23690	22682	22839	21815	199246	22547	190633	22586	201711	23457	187912	22907	272133	23291	229429	204828	22465	195121	23611	212785	22838	190909	23877	356183	23279	311011	22142	220900	23045	23981	23345	140570	22769	23276	23473	39111	23227	23590	22737	183839	182252	164549	179834	23995	200538	22998	196640	23723	194904	23530	306459	194954	194748	162878	185580	182072	22419	180776	23475	227200	23437	244058	23376	198403	196651	190300	189192	159328	150513	147477	149817	152363	135562	186605	186483
5:21:23	148829	169329	174646	140615	153691	182398	169443	178337	149585	181998	178420	173516	273398	22976	23318	22693	99532	22976	25297	23828	78156	23807	22523	22462	22887	199303	23679	192041	22704	204787	23422	188621	23986	281288	23188	235350	206571	22670	193783	23067	214954	22500	193809	23611	367926	23814	321876	22562	235923	22823	24019	22247	147312	22839	23483	23368	37526	22746	23395	23141	183963	185020	167335	181381	23252	201394	23542	199352	23148	201152	23302	317295	194983	197769	165481	186036	181740	22410	180593	23253	228331	23698	253482	23925	196285	196159	191719	188220	160068	149571	147640	150220	149528	135474	185751	188305
5:41:23	148086	171394	171608	141665	155913	182506	167319	179438	151565	184492	178927	173994	282222	22425	23912	22681	95310	23591	24056	24037	73739	23882	22572	24007	22405	201455	23062	193162	23049	203232	22636	187856	23753	292593	22486	241776	207968	22627	195685	23137	215149	22503	194483	23854	377019	23527	334661	22212	243867	23099	23604	23979	152058	23427	22991	23693	36875	22944	23652	22324	184568	183198	168460	181946	23430	201352	23778	202469	24259	206640	22935	327659	196448	198900	166313	192813	181655	22265	181807	23353	234077	23894	263913	22503	195347	195920	191155	193052	159990	150496	146083	148194	152263	136861	185908	189977
6:01:23	148047	168992	169804	143296	154292	179912	167583	178225	150331	182743	177801	171135	283382	23076	22872	22575	91519	22500	23830	24311	70157	23737	23006	22979	22898	200787	23151	191483	22555	206293	23163	192088	23744	309280	22796	250948	202165	22992	197404	23792	214949	22310	195499	23503	383040	24000	348245	22458	246633	23410	23243	23705	156171	23493	23183	23248	35931	22494	23080	22691	184562	182138	165907	182173	23666	204352	23796	202336	23699	218365	23715	340249	201068	202104	167325	191368	183379	22856	182697	23740	239316	23018	275718	23243	200808	194398	188904	191949	160322	149807	144969	149138	153209	135782	186498	186930
6:21:23	148453	168574	170622	141124	154583	177508	170870	178721	152121	182860	180309	173643	281699	23130	23186	22770	87565	22696	24186	23970	67677	23451	23187	22917	22791	202663	22787	192661	24039	208186	22804	190625	23191	330614	22494	265757	206025	22977	194951	23468	217074	22794	195053	23988	381050	23577	370843	21917	249120	22762	24183	23268	156391	23314	23153	22854	35890	23669	23134	22367	185143	184696	165806	182173	23182	202931	22636	199977	23503	235088	23244	360801	202179	199531	168842	185711	185024	22688	183384	23736	244659	23710	287978	23451	196397	194988	191532	186159	159242	148613	146193	149222	151344	135572	187339	189416
6:41:23	148821	172202	172484	141618	154668	181847	168283	176527	150735	183790	181829	172955	279234	22584	22969	22785	85412	22953	24261	23886	66733	23925	22358	22921	23179	202149	23512	194552	23383	208150	22958	192665	23529	358525	23130	284440	207649	22707	197284	23681	219931	22941	193470	24236	368647	23783	394530	22111	246863	22581	23725	23237	156604	23018	23226	23914	36500	23055	22980	22601	182341	185000	169336	184229	23705	207541	23889	205222	24051	248299	23395	383266	203594	204570	169361	197094	186405	22578	186986	23954	258409	23091	302648	23114	197734	195714	193080	188568	160790	149733	147341	150028	150149	136935	188972	188534
7:01:23	149930	173306	170702	140284	155939	181691	170915	176424	150662	185215	180200	174610	278510	22742	22570	22831	84144	22618	24395	24432	66350	23690	22991	22660	22402	202011	23089	194656	22578	211432	23928	192445	23180	379128	23337	311472	207033	22704	199146	23145	216865	23106	195640	23295	366109	22919	415200	22052	247663	23015	23659	23544	156478	22909	22664	24014	36392	22654	23609	22598	183690	184975	168448	183667	23368	206981	23854	207511	23757	262757	23581	412612	203127	204926	171127	193215	185957	23259	185020	23575	278807	23061	315365	22606	198268	192138	190058	191442	159689	149347	148411	150000	153330	137800	190750	189531
7:21:23	149571	174173	173357	142638	156249	182159	169203	181218	152461	183307	181780	176838	276641	22976	22988	22655	83624	23449	24284	24345	66473	23361	22879	22815	22636	202526	23174	192148	22984	213841	23457	195167	23875	402123	23207	336940	206403	23107	197478	23422	219280	22580	197466	23750	377060	23360	430342	22528	247531	22949	24089	23295	154628	22371	23176	23856	37402	23066	23199	22844	185441	185706	168151	183250	23055	209671	23681	207250	23549	289605	23778	436828	205362	205281	172652	195039	187108	22825	186825	23782	299723	24074	316503	22946	198890	196327	192734	187451	160234	150027	144825	152369	153658	138696	187439	187709
7:41:23	151350	170815	171105	142042	156395	181845	172994	178483	151280	184161	183656	175916	278135	22791	23640	22586	84018	23414	24477	24299	68572	23443	23711	23279	22941	204509	23043	194046	22966	214736	23167	195969	23998	422533	23003	372601	207471	22862	199705	23060	219977	22563	198091	23769	418703	23791	432574	21862	249341	23418	23737	23046	157283	23524	22915	23240	38176	23017	23456	22125	185853	188100	168239	185563	23306	206908	23164	210818	23880	312975	24051	460995	207045	207330	175339	198302	188627	23091	187645	23717	328595	23268	317530	23572	199469	197570	193933	193437	162697	151838	146831	151425	152423	137593	189401	189142
8:01:23	145956	172806	173140	143207	158112	182580	170198	178826	152252	182933	180655	175455	278251	22295	23124	23000	84636	23234	25012	24531	68969	23619	22647	22637	23437	204589	23508	193366	22934	212889	23770	197853	22880	435721	21933	400399	205338	23322	196583	23202	221670	22632	202901	23422	480305	23640	432626	22052	250926	23414	23627	23514	156605	24119	23322	23759	38611	23246	23264	22399	187084	187371	171700	186229	22633	210427	23757	208831	23545	337116	23368	486814	209255	210309	174324	200111	188766	23110	189980	23126	362439	23655	321732	23415	197393	198084	195006	190300	159805	150138	146461	151846	153579	138398	188629	188341
8:21:23	148501	171293	171835	141586	155336	182450	171975	180919	151896	186403	180867	173526	282504	23372	22938	23023	84509	23525	24123	23750	71021	23615	22821	23092	22748	203017	23728	194662	23103	213091	23638	199192	23126	451468	22882	429471	208591	21920	195730	22832	222949	22527	200274	23453	551234	23840	437136	22345	254026	23747	23134	22348	160333	22567	22926	23511	38354	23680	23069	23118	186745	187371	168250	185630	24072	209550	23653	210692	24249	366060	23514	493810	210653	210511	178960	199499	188592	22777	187335	23731	397936	23414	335067	23259	195709	198448	190403	192653	159243	150919	145751	151019	156648	138356	189804	190515
8:41:23	149939	170071	171601	141484	156110	178608	171954	179135	152578	185645	181154	175385	282075	22972	23023	22609	85287	22350	24430	24125	72563	23603	22740	22827	22284	203733	23380	195038	23115	217789	23287	199381	24021	482328	23241	455810	209119	21906	199761	23052	220949	22143	201075	23156	612669	23298	453363	22063	254875	23993	23146	23268	164334	23151	23180	23159	39190	23989	22713	23464	186260	185900	171331	186330	23364	212322	23661	213114	23607	384935	23866	498923	212064	211131	180265	201851	189902	22699	191538	23161	445809	24051	369106	23482	197785	195607	192417	192491	161010	150092	145354	150331	153813	139266	187523	188261
9:01:23	148990	171378	171048	144775	156382	182544	170560	180821	151621	183934	180887	172425	281987	22972	23690	22578	86370	22734	23717	24582	73809	23235	23090	23162	22953	206663	23500	196499	23061	217404	23789	202029	23268	530030	22724	480493	209209	23092	199060	23727	220343	22291	203937	24902	673661	23616	500435	22540	255315	22785	23420	22823	169267	23388	23045	23631	38513	23776	23452	22898	186410	188730	170764	186075	23380	212267	23931	214455	23156	400393	23812	503373	214243	213394	179657	203012	189100	23012	192910	22598	484413	23571	435658	23075	200439	194988	192235	190381	159951	150366	147055	149678	155272	139569	191892	190824
9:21:23	149397	173306	172813	142748	157721	183976	170312	179080	153386	185726	179500	173715	285290	22753	23070	22517	87269	23295	24261	24350	74138	23678	22948	22660	22422	208619	23174	197277	22911	218868	23013	198272	23142	613905	23816	506365	212600	22908	200087	23326	220297	22588	202297	23699	722573	23977	570495	22593	255189	23556	23090	23142	174853	23092	23264	24084	38344	23474	23379	22679	185078	188477	168750	187842	23422	213483	24185	215654	23672	417565	23588	526140	214318	218309	180333	205500	192667	22673	190492	24287	532593	23487	499074	21911	196014	198444	193820	192918	162556	151201	145537	149899	155651	139915	190506	187480
9:41:23	150561	170265	174178	145177	158034	181251	171142	182522	150037	185952	182249	176285	284220	23345	23198	22451	89208	22949	24558	23789	75667	23549	22798	23057	23476	207989	23101	196696	23211	219821	23129	202487	23728	730241	22454	532422	211716	23521	199084	22936	226048	22985	203603	24162	771672	23930	646211	22325	254842	22842	23655	23372	179559	22874	22514	23113	38965	23387	23138	22644	187832	189257	171503	185740	23944	216806	23607	212886	23861	449929	22928	571602	215344	222025	183614	206903	191647	22307	193250	23199	591405	24078	565345	24045	196326	195923	192477	190415	162893	149917	145532	152053	153700	140662	188760	191352
10:01:23	147888	171195	172345	141651	155954	181750	172031	180478	152134	185816	180679	172877	286428	23406	22558	22828	87863	23188	23767	24577	74890	23960	22991	22995	22526	209155	23089	197143	22954	221504	23368	202679	23625	856773	22888	566534	209394	22113	197941	23746	223238	22941	203368	24296	818189	23547	723573	22559	254767	22957	23325	22854	184448	22777	23049	23283	38787	23440	23414	23091	188319	187091	172468	188352	23121	215142	23942	216803	23580	494858	23727	653535	214553	220755	186997	206896	193444	22209	192520	23736	658139	23130	624545	23224	200311	195986	193636	191567	159447	150312	147435	149494	153803	140161	190518	190572
10:21:23	150909	171154	173646	143226	157824	180688	168716	182940	153641	185828	182862	175768	287294	23033	23244	23621	88436	23364	23767	24809	74404	23235	23272	22719	22667	204612	23651	199521	23142	222265	23326	203832	23145	986502	23015	615543	208660	22644	200642	23584	221726	22919	203264	23584	897611	23589	796382	22746	253613	22923	23608	22762	190752	23785	22915	23422	38427	22960	24356	23222	189473	189268	170189	186708	23519	214470	23572	217741	23977	574247	23835	743251	218912	220857	186415	206991	190313	22609	192183	23671	711447	24177	676009	22993	196817	197967	190598	191188	161156	149670	147782	151965	156977	142832	190035	190516
10:41:23	149213	173755	171296	145676	156644	182890	169627	182706	152044	184563	180802	175038	285341	22226	24100	23011	88494	23295	23814	23912	74721	23655	23514	22535	23279	207842	23345	197712	23579	222907	23306	202482	23740	1122630	22566	675584	211970	22690	200896	23769	226178	22288	204585	23857	952149	24576	872531	22277	253642	22969	24113	23061	197388	23400	23544	24269	38480	23154	23379	22540	187488	189959	171784	190835	23496	215378	23318	214642	23561	673373	23441	844828	221134	222137	184465	207947	195692	22654	192783	24195	768458	23165	732083	23028	197901	194346	192612	190276	159553	151752	145294	152638	154329	140417	190069	188499
11:01:23	150579	171902	171082	143142	155745	182827	173915	183779	151005	187991	181347	176874	286195	22776	23031	22172	89608	22670	24286	24190	75524	24108	22471	22832	22491	206739	23763	198573	23540	222128	23993	204995	23740	1238068	22931	720858	212323	23506	200817	23561	225771	22926	208628	23764	987729	24007	1001861	22548	252947	22793	23803	23215	200986	22914	22762	23561	38537	23368	23299	22987	190863	189034	172813	190042	23511	214700	22740	218259	23737	785037	23692	954186	220938	224989	185562	209602	194897	22956	192933	23674	811851	23678	786301	22860	202558	199837	194954	192002	160396	152115	145861	150580	154410	140697	189297	192597
11:21:23	148609	171818	171756	143362	157357	181898	168933	182455	149616	183541	183207	173719	286012	23272	23442	22655	90072	23237	23473	23449	75239	24136	23064	23116	22203	208824	22892	200664	23510	223229	23275	205116	23533	1401680	22670	775683	209622	22437	199957	22841	229668	22963	207687	23395	1022640	22822	1064165	23202	253946	23199	23932	23678	206911	22532	23618	23747	38211	22423	23264	22457	186543	190244	170649	187349	23643	219235	23191	221398	24203	891659	23287	1049378	222110	224555	187517	213127	194150	22072	194638	23639	848467	23625	871539	23259	198351	195753	195588	190495	161075	151738	145129	150046	153565	141766	190035	187792
11:41:23	150158	169949	171342	145976	156812	183193	170646	180981	150649	185131	181080	172289	286303	23802	22544	22080	90384	23065	24274	24282	74842	23396	22875	22646	22661	209065	23089	197497	22877	221521	23808	208101	23195	1534340	22713	828531	212629	22445	202381	22367	229383	22343	208613	24169	1059087	23635	1143007	22773	253451	22943	23498	23000	212130	23683	23226	23318	37860	22983	23754	22814	188130	190683	172520	189259	23225	219694	23806	220034	24099	1012922	23785	1142775	220927	227097	189597	215316	195113	22673	199679	23839	870293	23651	921021	22986	196498	196803	191023	188537	161801	151006	145569	152530	155763	141765	188760	194165
12:01:23	148304	173463	171359	146661	157498	182633	169511	180758	151624	185289	183679	175075	286797	23022	23453	23057	91498	23084	24535	24623	75733	24165	23491	23081	22771	207386	23291	197179	23188	224635	23175	206452	23268	1639890	22635	878978	211627	23046	199978	23557	226899	22662	207657	24446	1091391	23473	1199493	22867	254278	22969	23584	23728	215048	23104	23721	23659	36887	23051	23126	22517	188770	190601	173351	188612	23202	218295	23753	216852	23811	1163666	23356	1297886	225796	229017	189569	216641	195010	23348	196886	24023	890339	23383	964382	23118	198708	197596	193126	193652	160765	151037	147302	152066	155465	140700	189712	191821

