

Actual Temperature:	30.0



Actual Temperature:	30.0

Results

Well	A1	A2	A3	A4	A5	A6	A7	A8	A9	A10	A11	A12	B1	B2	B3	B4	B5	B6	B7	B8	B9	B10	B11	B12	C1	C2	C3	C4	C5	C6	C7	C8	C9	C10	C11	C12	D1	D2	D3	D4	D5	D6	D7	D8	D9	D10	D11	D12	E1	E2	E3	E4	E5	E6	E7	E8	E9	E10	E11	E12	F1	F2	F3	F4	F5	F6	F7	F8	F9	F10	F11	F12	G1	G2	G3	G4	G5	G6	G7	G8	G9	G10	G11	G12	H1	H2	H3	H4	H5	H6	H7	H8	H9	H10	H11	H12	
OD:630	0.088	0.089	0.089	0.088	0.088	0.088	0.089	0.089	0.089	0.089	0.089	0.089	0.884	0.089	0.089	0.089	0.088	0.088	0.096	0.088	0.089	0.089	0.088	0.088	1.059	0.089	0.089	0.089	0.088	0.089	0.088	0.088	0.088	0.089	0.088	0.087	1.001	0.089	0.089	0.093	0.088	0.088	0.087	0.088	0.088	0.089	0.088	0.088	1.174	0.088	0.089	0.088	0.087	0.088	0.091	0.088	0.089	0.089	0.089	0.089	1.102	0.088	0.089	0.088	0.088	0.088	0.089	0.089	0.089	0.089	0.093	0.095	0.787	0.090	0.088	0.089	0.091	0.089	0.088	0.088	0.088	0.089	0.089	0.088	0.797	0.089	0.089	0.089	0.090	0.089	0.089	0.088	0.088	0.090	0.089	0.088	
EGFP:479,520	24219	24009	23726	23810	23508	21872	23730	23751	23560	24007	23843	24472	124061	23827	23533	23398	23707	22092	23570	23328	23439	23423	23220	24246	173429	23758	23538	23683	23515	21860	23253	23354	23392	23594	23562	24207	150795	23666	23698	23592	22882	21952	23355	23690	23357	23495	23651	24142	224491	23353	23600	23602	22033	21598	22924	23303	23485	23372	23447	24584	207349	23615	23156	23812	21098	21789	23232	23499	23482	23340	23384	24110	106248	23563	23184	23431	21640	21485	22965	23347	23058	23249	23292	24331	138730	23855	23336	23406	21867	21440	22977	23014	23144	23446	23490	24215	
GFP/OD	274592	269764	265987	270876	266531	247982	266330	266267	264126	270959	268502	274658	140388	267719	265310	264086	269398	251617	246033	263593	262769	263180	263265	276781	163829	266345	265366	266400	268130	246727	263043	265085	264615	265698	268666	276651	150690	266209	266869	252591	258554	248889	267526	269511	265722	264583	268761	274966	191186	266283	265766	267900	252383	244875	251912	264206	264173	262312	263154	276847	188174	269270	259016	270284	240023	247041	261622	264927	262369	261659	251171	255132	134987	262394	262559	263863	238326	241948	260374	264405	261429	261519	262297	277118	174022	268335	261614	262694	243237	240359	259334	262118	262106	260801	264825	273616	

