

Actual Temperature:	30.0



Actual Temperature:	30.0

Results

Well	A1	A2	A3	A4	A5	A6	A7	A8	A9	A10	A11	A12	B1	B2	B3	B4	B5	B6	B7	B8	B9	B10	B11	B12	C1	C2	C3	C4	C5	C6	C7	C8	C9	C10	C11	C12	D1	D2	D3	D4	D5	D6	D7	D8	D9	D10	D11	D12	E1	E2	E3	E4	E5	E6	E7	E8	E9	E10	E11	E12	F1	F2	F3	F4	F5	F6	F7	F8	F9	F10	F11	F12	G1	G2	G3	G4	G5	G6	G7	G8	G9	G10	G11	G12	H1	H2	H3	H4	H5	H6	H7	H8	H9	H10	H11	H12	
OD:630	0.088	0.089	0.089	0.088	0.088	0.090	0.089	0.089	0.089	0.101	0.092	0.101	0.831	0.089	0.089	0.088	0.088	0.088	0.089	0.089	0.089	0.089	0.088	0.087	0.795	0.089	0.088	0.089	0.088	0.088	0.088	0.088	0.088	0.089	0.087	0.087	0.773	0.089	0.089	0.089	0.089	0.091	0.088	0.088	0.088	0.089	0.088	0.088	0.829	0.088	0.089	0.088	0.088	0.088	0.088	0.089	0.089	0.089	0.089	0.090	0.861	0.088	0.089	0.088	0.089	0.089	0.089	0.088	0.090	0.089	0.089	0.089	0.804	0.089	0.089	0.089	0.089	0.090	0.089	0.089	0.089	0.089	0.089	0.088	0.788	0.094	0.089	0.089	0.090	0.092	0.090	0.088	0.088	0.089	0.090	0.089	
EGFP:479,520	23338	23737	23425	23488	23433	23478	23672	23191	23295	22793	23114	22641	123579	23434	23100	22977	22925	23042	23012	22818	22811	22870	23264	23193	113329	23280	23013	23111	22816	22909	22838	22668	23271	22864	22894	23468	118649	23319	23218	22924	22911	22972	22952	22757	22927	22850	23189	23839	134373	23242	23122	23086	23149	22885	22956	23047	23122	22906	23127	23843	124391	22874	22996	23200	22792	22836	22759	23206	22930	23000	22967	23829	133702	23102	22704	22776	22530	22785	22828	22851	22832	22886	22859	23593	117759	23023	22927	22935	22764	22677	22777	22686	23033	23235	23489	23427	
GFP/OD	266416	267912	264092	267213	265079	261739	264787	261454	260862	225227	251513	224390	148765	263008	260722	259627	259921	261841	257693	257249	255729	255531	263465	265670	142552	260112	260328	260847	259863	258859	258641	257299	263247	257188	261646	269747	153531	262306	260291	257863	256562	253554	261115	257141	260238	255879	263811	271824	162012	265017	259798	262043	263057	260946	260272	260124	260090	257371	260439	265512	144473	259932	257514	263337	257246	257452	256295	262215	255915	258427	258346	268647	166234	258701	255676	255336	253146	254013	256207	257912	257698	256570	257132	268102	149497	245186	256741	257697	253779	247026	254208	258089	262036	260190	259834	263225	

