

Actual Temperature:	30.0



Actual Temperature:	30.0

Results

Well	A1	A2	A3	A4	A5	A6	A7	A8	A9	A10	A11	A12	B1	B2	B3	B4	B5	B6	B7	B8	B9	B10	B11	B12	C1	C2	C3	C4	C5	C6	C7	C8	C9	C10	C11	C12	D1	D2	D3	D4	D5	D6	D7	D8	D9	D10	D11	D12	E1	E2	E3	E4	E5	E6	E7	E8	E9	E10	E11	E12	F1	F2	F3	F4	F5	F6	F7	F8	F9	F10	F11	F12	G1	G2	G3	G4	G5	G6	G7	G8	G9	G10	G11	G12	H1	H2	H3	H4	H5	H6	H7	H8	H9	H10	H11	H12	
OD:630	0.088	0.090	0.089	0.574	0.088	0.994	0.090	0.089	0.091	0.511	0.088	0.832	0.772	0.101	0.665	0.088	0.088	0.089	0.530	0.828	0.089	0.786	0.089	0.088	0.826	0.576	0.560	0.089	0.088	0.089	0.089	0.529	0.088	0.521	0.088	0.713	0.885	0.097	0.092	0.926	0.089	0.089	0.092	0.087	0.088	0.089	0.088	0.088	1.080	0.095	0.898	0.089	0.731	1.393	0.088	0.089	0.484	0.089	0.089	0.089	0.790	0.091	0.090	0.088	0.089	1.041	0.089	0.088	0.090	0.525	0.753	0.089	0.771	0.090	0.093	0.089	0.089	0.090	0.903	0.089	0.089	0.089	0.090	0.787	0.748	0.089	0.088	0.089	0.578	0.089	0.088	0.094	0.089	0.089	0.761	0.090	
EGFP:479,520	24614	24620	24305	177302	24202	218109	24321	23976	24119	267672	24412	226889	166072	24159	178821	23909	24098	24139	219029	176462	24146	174795	24228	24885	126375	179890	165335	24185	24102	24282	24390	187813	24220	251814	24401	203597	196692	24519	24054	181049	24274	24143	24400	24452	24341	24901	24300	24770	208869	24148	152698	24219	147819	143261	24297	24410	269803	24657	24491	25148	126347	24255	23946	23938	24148	181277	24297	24483	24454	182701	259101	24771	101505	24166	23893	23818	24210	24132	171015	24340	24198	24409	24613	263562	183990	24970	24439	24554	220271	24968	24924	24480	24728	24411	264242	25401	
GFP/OD	279070	272949	274323	309158	274088	219536	269634	267888	263884	523513	275842	272867	214980	240388	268985	270770	272602	270011	412873	213144	270695	222414	272838	281823	152941	312526	295083	272047	274198	272525	275282	354967	275227	483235	276969	285510	222301	253295	260325	195538	272742	272494	266085	279771	276602	279473	275198	282763	193415	255264	170023	272736	202132	102829	275164	275508	557214	276114	274255	281928	159973	266246	265771	270792	272244	174087	274233	277900	272620	347869	344229	278639	131637	267028	257191	267018	272635	269330	189364	273483	272500	273951	273478	335065	246140	281194	276772	276509	380828	279910	282585	261538	278782	273359	347230	281920	

