

Actual Temperature:	30.0



Actual Temperature:	30.0

Results

Well	A1	A2	A3	A4	A5	A6	A7	A8	A9	A10	A11	A12	B1	B2	B3	B4	B5	B6	B7	B8	B9	B10	B11	B12	C1	C2	C3	C4	C5	C6	C7	C8	C9	C10	C11	C12	D1	D2	D3	D4	D5	D6	D7	D8	D9	D10	D11	D12	E1	E2	E3	E4	E5	E6	E7	E8	E9	E10	E11	E12	F1	F2	F3	F4	F5	F6	F7	F8	F9	F10	F11	F12	G1	G2	G3	G4	G5	G6	G7	G8	G9	G10	G11	G12	H1	H2	H3	H4	H5	H6	H7	H8	H9	H10	H11	H12	
OD:630	0.088	0.090	0.097	0.091	0.088	0.089	0.089	0.090	0.097	0.089	0.089	0.089	0.833	0.090	0.090	0.089	0.089	0.089	0.090	0.093	0.091	0.089	0.090	0.090	0.791	0.090	0.089	0.090	0.089	0.089	0.089	0.089	0.088	0.089	0.088	0.088	0.804	0.089	0.090	0.090	0.090	0.093	0.089	0.088	0.089	0.089	0.088	0.088	0.785	0.088	0.089	0.089	0.090	0.088	0.088	0.090	0.089	0.089	0.089	0.089	0.778	0.089	0.090	0.088	0.089	0.089	0.088	0.090	0.090	0.089	0.089	0.088	0.845	0.088	0.090	0.089	0.089	0.090	0.089	0.089	0.088	0.089	0.089	0.088	0.790	0.089	0.088	0.089	0.089	0.089	0.088	0.091	0.092	0.092	0.090	0.089	
EGFP:479,520	24316	23786	23258	23727	23426	23302	23310	23198	22753	23421	23383	24401	139245	23658	23572	23376	23554	23234	23310	23178	23195	23172	23584	24057	136387	23601	23400	23040	23432	23347	23468	23530	23207	23102	23447	24351	133652	23811	23559	23287	23541	23319	23389	23325	23394	24028	23620	24639	105943	23470	23276	23489	23017	23468	23556	23385	23367	23592	23649	24537	140516	23630	23513	23578	23221	23324	23473	23547	23520	23504	23490	24341	127369	23615	23112	23162	23400	23303	23571	23458	23302	23527	23166	24478	124899	23718	22673	23512	23674	23304	23463	23285	23492	23600	24075	24805	
GFP/OD	274757	263411	239034	260164	265000	261820	260738	258906	235295	261980	261555	274786	167141	263746	263080	262652	264949	259598	259288	248158	255733	260067	262921	267895	172424	263404	262038	254867	264470	262621	263685	264977	263716	259282	266443	277031	166234	266045	262350	259321	261567	251282	263984	264156	263743	269675	268409	279989	134994	266402	261822	263035	254613	266379	267075	258398	262551	264484	266018	276007	180612	266704	262129	267022	260325	261773	265232	262801	261915	263203	263046	275040	150661	267138	257946	259083	263811	258635	263363	264167	263299	264052	259418	278793	158120	267698	256482	263292	265404	260963	265419	255318	254518	255688	268096	278708	

