

Actual Temperature:	30.0



Actual Temperature:	30.0

Results

Well	A1	A2	A3	A4	A5	A6	A7	A8	A9	A10	A11	A12	B1	B2	B3	B4	B5	B6	B7	B8	B9	B10	B11	B12	C1	C2	C3	C4	C5	C6	C7	C8	C9	C10	C11	C12	D1	D2	D3	D4	D5	D6	D7	D8	D9	D10	D11	D12	E1	E2	E3	E4	E5	E6	E7	E8	E9	E10	E11	E12	F1	F2	F3	F4	F5	F6	F7	F8	F9	F10	F11	F12	G1	G2	G3	G4	G5	G6	G7	G8	G9	G10	G11	G12	H1	H2	H3	H4	H5	H6	H7	H8	H9	H10	H11	H12	
OD:630	0.088	0.089	0.089	0.088	0.094	0.089	0.089	0.089	0.089	0.089	0.089	0.087	0.857	0.090	0.089	0.089	0.089	0.089	0.092	0.095	0.095	0.096	0.089	0.089	0.808	0.089	0.089	0.089	0.876	0.089	0.088	0.088	0.088	0.089	0.088	0.087	0.807	0.090	0.091	0.089	0.090	0.090	0.088	0.089	0.088	0.089	0.088	0.088	0.835	0.088	0.089	0.089	0.090	0.088	0.088	0.089	0.089	0.089	0.089	0.088	0.810	0.088	0.090	0.088	0.089	0.089	0.089	0.089	0.089	0.089	0.095	0.090	0.842	0.089	0.089	0.089	0.089	0.089	0.089	0.088	0.089	0.089	0.089	0.088	0.810	0.089	0.089	0.089	0.089	0.089	0.090	0.088	0.088	0.089	0.089	0.088	
EGFP:479,520	23967	23786	23158	22919	22753	23096	22999	22894	23334	23004	23566	23956	132520	23710	23309	22971	22940	22922	23223	22841	22981	23255	23523	23784	92378	23325	23003	23072	112627	22874	22859	22795	23059	23300	23062	23558	118225	23418	23561	23177	23002	23146	23025	23128	23150	23340	23493	23880	111476	23544	23521	23152	23351	23170	23344	23231	23192	23444	23782	24081	104491	23695	23106	23277	23302	23154	23401	22949	23380	23364	23256	23723	99806	23581	23199	22896	22954	23188	23295	23088	23111	23259	23083	23889	98813	23715	23214	22912	23088	23151	23339	23233	23405	23572	23836	23919	
GFP/OD	271120	266958	259910	260739	241796	258345	257836	256659	262180	258182	265383	274096	154669	263152	260436	257811	258333	257840	253526	241193	241905	243253	264303	266338	114287	261785	259628	259236	128584	258172	258294	257571	261144	261798	263265	270161	146445	261070	259482	260123	256433	257464	260759	261038	261878	261953	266966	271982	133568	267850	263098	259843	260614	263595	264671	261610	259709	262531	266914	272410	129049	268043	257305	263912	261233	260743	262637	258144	261229	262812	244286	262713	118563	265253	260956	256107	257621	259084	262331	260881	260552	259877	259360	272395	121976	266760	259664	257149	259125	260124	258461	263413	264762	265450	266324	271190	

