

Actual Temperature:	30.1



Actual Temperature:	30.0

Results

Well	A1	A2	A3	A4	A5	A6	A7	A8	A9	A10	A11	A12	B1	B2	B3	B4	B5	B6	B7	B8	B9	B10	B11	B12	C1	C2	C3	C4	C5	C6	C7	C8	C9	C10	C11	C12	D1	D2	D3	D4	D5	D6	D7	D8	D9	D10	D11	D12	E1	E2	E3	E4	E5	E6	E7	E8	E9	E10	E11	E12	F1	F2	F3	F4	F5	F6	F7	F8	F9	F10	F11	F12	G1	G2	G3	G4	G5	G6	G7	G8	G9	G10	G11	G12	H1	H2	H3	H4	H5	H6	H7	H8	H9	H10	H11	H12	
OD:630	0.088	0.089	0.088	0.088	0.088	0.089	0.089	0.090	0.089	0.088	0.088	0.088	0.830	0.089	0.089	0.089	0.088	0.089	0.089	0.089	0.089	0.089	0.088	0.087	1.017	0.089	0.089	0.089	0.089	0.088	0.088	0.088	0.088	0.089	0.088	0.087	0.745	0.091	0.090	0.090	0.089	0.088	0.088	0.088	0.088	0.090	0.088	0.089	1.129	0.088	0.094	0.089	0.089	0.088	0.088	0.089	0.089	0.090	0.089	0.089	0.829	0.089	0.089	0.090	0.088	0.089	0.089	0.089	0.089	0.089	0.089	0.089	0.804	0.090	0.088	0.089	0.090	0.091	0.089	0.088	0.088	0.089	0.089	0.088	0.787	0.088	0.089	0.089	0.089	0.089	0.088	0.088	0.088	0.088	0.089	0.088	
EGFP:479,520	23675	23155	22957	22850	22885	22694	22593	22962	22074	23089	23042	24179	122693	23293	23130	22962	22711	23024	22859	22726	21847	22953	23199	24000	146295	23392	22722	23006	22950	22900	22900	22844	21657	23115	23162	23954	120973	23191	22845	22938	22973	22901	22875	22882	21727	22970	23162	24230	209219	22819	22942	22702	22488	22766	22631	22865	21841	22663	23027	23985	125548	22926	22749	22558	22675	22626	22650	22929	21434	23096	22727	23915	123278	22939	22555	22383	22609	22611	22424	22462	21432	22700	22899	23721	115118	23159	22973	23144	23033	22800	22770	22646	21683	22783	23329	23652	
GFP/OD	269034	260755	259695	258484	258880	256140	253569	256272	248581	261188	261841	276016	147752	260840	259015	258581	257494	259279	256554	255348	245196	256745	263625	274286	143821	263423	256167	257626	258446	259343	259343	258709	246944	259137	264105	273760	162445	254846	254967	254584	256682	259943	260239	260912	246338	256362	262608	271333	185396	257842	245107	255079	252674	259590	256297	257779	245681	252935	258150	269798	151537	258467	256761	250923	256795	253939	254209	258792	240831	258634	255647	269313	153274	255730	255147	250930	251211	249570	251672	254383	243269	253631	257003	270788	146330	262872	258997	259171	258798	255319	258750	257341	246118	259192	262714	267557	

