

Actual Temperature:	30.0



Actual Temperature:	30.0

Results

Well	A1	A2	A3	A4	A5	A6	A7	A8	A9	A10	A11	A12	B1	B2	B3	B4	B5	B6	B7	B8	B9	B10	B11	B12	C1	C2	C3	C4	C5	C6	C7	C8	C9	C10	C11	C12	D1	D2	D3	D4	D5	D6	D7	D8	D9	D10	D11	D12	E1	E2	E3	E4	E5	E6	E7	E8	E9	E10	E11	E12	F1	F2	F3	F4	F5	F6	F7	F8	F9	F10	F11	F12	G1	G2	G3	G4	G5	G6	G7	G8	G9	G10	G11	G12	H1	H2	H3	H4	H5	H6	H7	H8	H9	H10	H11	H12	
OD:630	0.101	0.100	0.102	0.103	0.100	0.101	0.102	0.108	0.111	0.100	0.101	0.096	0.797	0.106	0.099	0.104	0.100	0.105	0.109	0.101	0.102	0.099	0.116	0.108	0.604	0.103	0.101	0.102	0.098	0.100	0.101	0.100	0.096	0.102	0.097	0.098	0.994	0.101	0.098	0.099	0.103	0.109	0.103	0.103	0.101	0.102	0.099	0.101	0.832	0.096	0.098	0.100	0.100	0.098	0.105	0.100	0.108	0.100	0.105	0.100	0.895	0.095	0.098	0.099	0.099	0.102	0.100	0.101	0.107	0.100	0.100	0.111	0.844	0.099	0.095	0.098	0.109	0.136	0.111	0.105	0.100	0.109	0.107	0.106	0.858	0.096	0.097	0.098	0.103	0.102	0.101	0.123	0.104	0.105	0.105	0.105	
EGFP:479,520	27119	45861	48559	54104	47701	48536	49473	48032	46440	44286	45743	44978	886238	45699	46041	45355	48282	50621	52172	49183	48431	45815	117903	57149	709577	43879	44756	46153	48120	48298	50432	49106	48377	44929	43474	44409	1294539	43737	44626	45292	49642	58789	51468	52976	48571	49882	44454	63635	957571	42758	43882	44925	46060	47395	48647	48993	47080	45319	43405	44622	1153644	43060	43075	46222	45749	46687	46204	48053	47393	46954	45428	42556	1046896	43228	42979	45619	45010	44271	59647	52510	46089	45372	44817	65709	1057044	42013	42103	43539	44901	46862	47971	46729	47207	49629	51923	45554	
GFP/OD	268771	457695	475602	526816	478445	481986	484554	446394	418002	442418	454250	467547	1112526	431123	466002	435269	483303	480731	479082	485998	475280	463246	1014656	530631	1175575	425184	442253	452480	490020	482016	498340	493528	502879	442215	447263	454545	1302484	434330	454903	457495	481494	539349	501637	513831	481378	487605	449484	631927	1151065	444932	445955	451054	460140	483622	463746	492392	435120	454098	413381	447563	1288412	451836	439541	465010	462578	459518	462503	478139	444587	469071	454280	382698	1240398	435766	452411	463608	413695	326723	539304	501050	460430	417406	418459	621656	1231842	437635	434499	442920	435932	461695	474960	380529	452174	473559	496396	433435	

