

Actual Temperature:	30.1



Actual Temperature:	30.1

Results

Well	A1	A2	A3	A4	A5	A6	A7	A8	A9	A10	A11	A12	B1	B2	B3	B4	B5	B6	B7	B8	B9	B10	B11	B12	C1	C2	C3	C4	C5	C6	C7	C8	C9	C10	C11	C12	D1	D2	D3	D4	D5	D6	D7	D8	D9	D10	D11	D12	E1	E2	E3	E4	E5	E6	E7	E8	E9	E10	E11	E12	F1	F2	F3	F4	F5	F6	F7	F8	F9	F10	F11	F12	G1	G2	G3	G4	G5	G6	G7	G8	G9	G10	G11	G12	H1	H2	H3	H4	H5	H6	H7	H8	H9	H10	H11	H12	
OD:630	0.088	0.089	0.089	0.088	0.089	0.093	0.089	0.089	0.089	0.089	0.088	0.087	1.059	0.089	0.089	0.089	0.089	0.089	0.090	0.088	0.089	0.089	0.088	0.088	1.193	0.089	0.088	0.089	0.089	0.088	0.089	0.088	0.088	0.089	0.087	0.087	0.795	0.088	0.089	0.088	0.089	0.088	0.087	0.088	0.088	0.089	0.088	0.088	1.099	0.088	0.089	0.092	0.088	0.087	0.088	0.088	0.089	0.089	0.089	0.089	0.942	0.088	0.089	0.088	0.089	0.089	0.089	0.089	0.090	0.089	0.089	0.089	0.773	0.088	0.095	0.089	0.089	0.089	0.088	0.088	0.088	0.089	0.089	0.088	0.790	0.089	0.089	0.089	0.089	0.089	0.089	0.088	0.088	0.090	0.089	0.088	
EGFP:479,520	23812	23613	22811	22946	22980	23622	23238	23023	23320	23449	23352	23687	265534	22975	22736	23184	22926	22979	22837	23043	22885	23084	23115	23885	228236	23171	23124	22859	22942	23029	22971	22734	23133	23268	23013	23732	169820	23221	23018	23282	23159	23401	22971	22934	22767	23065	23273	23840	262085	22904	22986	22751	23304	23408	23222	23264	23311	23167	23290	24085	145399	23392	23172	23074	23097	23142	22857	23222	23197	23233	23343	23732	133167	23357	22793	22831	22802	22925	22997	22801	22957	22774	23163	23429	114137	23396	22943	22681	22877	22663	22967	22940	22699	22846	23186	23813	
GFP/OD	270899	265017	256303	261047	258202	253727	259642	257240	260850	263176	264762	271329	250646	258436	256325	259329	258467	259064	254027	260667	257424	259663	261778	272660	191281	260935	261880	258002	256335	260215	258101	258048	262875	262322	263006	272156	213503	262384	259797	263073	260506	265017	262826	260910	258422	259741	265371	272146	238519	261163	257691	248103	264818	268133	264789	263465	261921	260890	261685	271227	154384	265818	258905	263101	258645	259731	255671	261804	258606	261339	260816	267856	172251	265420	240179	256817	256202	258164	260442	258222	260875	256175	260845	266239	144514	262581	257497	254557	256469	254640	259221	260682	256776	254978	260517	269378	

