

Actual Temperature:	30.1



Actual Temperature:	30.0

Results

Well	A1	A2	A3	A4	A5	A6	A7	A8	A9	A10	A11	A12	B1	B2	B3	B4	B5	B6	B7	B8	B9	B10	B11	B12	C1	C2	C3	C4	C5	C6	C7	C8	C9	C10	C11	C12	D1	D2	D3	D4	D5	D6	D7	D8	D9	D10	D11	D12	E1	E2	E3	E4	E5	E6	E7	E8	E9	E10	E11	E12	F1	F2	F3	F4	F5	F6	F7	F8	F9	F10	F11	F12	G1	G2	G3	G4	G5	G6	G7	G8	G9	G10	G11	G12	H1	H2	H3	H4	H5	H6	H7	H8	H9	H10	H11	H12	
OD:630	0.100	0.548	0.984	0.700	0.576	0.655	0.696	0.615	0.559	0.652	0.906	0.759	0.776	0.861	0.767	0.990	0.848	0.649	0.723	0.652	0.654	0.794	0.756	0.696	0.776	0.909	0.889	0.866	0.872	0.952	0.914	0.911	0.956	0.951	0.958	0.787	0.779	0.880	0.808	0.905	0.984	0.961	0.811	0.725	0.841	0.942	0.829	0.714	0.817	0.934	0.841	0.922	0.768	0.905	0.867	0.851	0.819	0.954	0.989	0.750	0.764	0.879	0.849	0.879	0.894	0.957	1.006	0.970	0.986	0.907	0.952	0.846	0.779	0.668	0.867	0.892	0.883	0.847	0.736	0.955	0.734	0.798	0.871	0.874	0.757	0.609	0.925	0.867	0.630	0.683	0.654	0.648	0.849	0.900	0.875	0.644	
EGFP:479,520	25212	370838	416896	360379	337084	336221	380530	379868	411192	389013	391979	343659	156573	466550	385278	433280	369947	335115	369736	332025	343484	392502	400181	343912	160598	443795	381003	400227	376738	414251	372000	369204	383421	372209	374698	328602	155177	487574	400091	432010	429908	417621	392031	352547	414582	428759	433971	366146	144096	434045	397163	408467	390826	375935	388911	365509	402537	416107	426108	363546	168170	458482	418219	399335	425299	460837	466541	430123	456992	472161	442722	351084	180945	402237	444244	442390	424296	433728	398634	460227	389517	423490	397254	372107	152342	361912	445567	447108	348495	375949	359106	342792	398665	423514	472503	319058	
GFP/OD	253133	676835	423890	514974	585317	513158	547053	617672	735322	596189	432839	452838	201743	541807	502449	437789	436516	516595	511745	509085	524964	494335	529200	493914	207036	488009	428768	462369	431890	435366	407047	405451	401236	391222	391289	417272	199124	553873	495040	477570	437032	434479	483273	486004	492729	455303	523550	512594	176394	464766	472082	442879	508756	415490	448416	429354	491438	436262	430891	484534	220233	521832	492834	454099	475886	481392	463574	443563	463481	520288	465142	414797	232279	602332	512688	496120	480734	512318	541622	481964	531039	530822	455985	425947	201351	594077	481850	515993	552816	550277	548672	529082	469404	470623	540189	495586	

