

Actual Temperature:	30.1



Actual Temperature:	30.1

Results

Well	A1	A2	A3	A4	A5	A6	A7	A8	A9	A10	A11	A12	B1	B2	B3	B4	B5	B6	B7	B8	B9	B10	B11	B12	C1	C2	C3	C4	C5	C6	C7	C8	C9	C10	C11	C12	D1	D2	D3	D4	D5	D6	D7	D8	D9	D10	D11	D12	E1	E2	E3	E4	E5	E6	E7	E8	E9	E10	E11	E12	F1	F2	F3	F4	F5	F6	F7	F8	F9	F10	F11	F12	G1	G2	G3	G4	G5	G6	G7	G8	G9	G10	G11	G12	H1	H2	H3	H4	H5	H6	H7	H8	H9	H10	H11	H12	
OD:630	0.088	0.089	0.090	0.089	0.089	0.091	0.090	0.089	0.091	0.091	0.089	0.088	0.836	0.089	0.090	0.090	0.089	0.089	0.095	0.089	0.089	0.098	0.105	0.091	0.869	0.089	0.089	0.090	0.089	0.089	0.089	0.088	0.089	0.092	0.103	0.091	0.863	0.089	0.091	0.091	0.091	0.102	0.091	0.091	0.106	0.101	0.093	0.089	0.862	0.094	0.093	0.090	0.090	0.089	0.091	0.089	0.090	0.095	0.094	0.092	0.896	0.090	0.092	0.096	0.093	0.092	0.094	0.091	0.090	0.089	0.155	0.090	0.882	0.090	0.090	0.093	0.090	0.105	0.089	0.089	0.089	0.090	0.090	0.088	0.876	0.090	0.091	0.092	0.089	0.089	0.089	0.089	0.089	0.089	0.089	0.090	
EGFP:479,520	24456	24417	24030	23959	24080	24055	23758	23764	23560	22731	23625	24110	76178	23953	23522	23357	23989	23545	23845	23602	23659	22979	23607	23914	64135	23745	23674	23898	23652	23783	23616	23786	23556	22837	23128	23636	65245	24004	23635	23585	23780	22990	23806	23738	23397	22450	23425	23558	73831	23825	23555	23823	23821	23650	23562	23530	23668	22644	23420	23735	68891	24003	23769	23645	23244	23389	23559	23701	23774	22866	21909	23883	73268	23729	23418	23517	23352	22197	23707	23512	23538	22817	23628	23796	72104	23795	23566	23233	23409	23204	23339	23239	23257	22709	23650	24182	
GFP/OD	276652	273427	268192	270113	269050	263472	263392	266114	260044	250617	264558	273977	91089	267631	262230	260681	268333	263662	252061	266388	264642	235200	225688	262791	73829	265901	264514	266421	264860	266925	263866	268768	265869	246886	223892	259167	75611	269708	260297	260033	259891	224731	262470	260285	220935	223161	250803	263218	85611	252919	252736	264406	264678	266629	259493	264382	263563	239366	250214	256872	76879	265227	258359	247592	250744	253402	250628	261312	263862	257210	141166	266254	83033	264833	261070	253689	260334	210798	266371	263587	265068	252680	263411	268881	82348	265273	258967	252258	261846	260135	262827	261995	261903	254300	265432	268391	

