

Actual Temperature:	30.0



Actual Temperature:	30.0

Results

Well	A1	A2	A3	A4	A5	A6	A7	A8	A9	A10	A11	A12	B1	B2	B3	B4	B5	B6	B7	B8	B9	B10	B11	B12	C1	C2	C3	C4	C5	C6	C7	C8	C9	C10	C11	C12	D1	D2	D3	D4	D5	D6	D7	D8	D9	D10	D11	D12	E1	E2	E3	E4	E5	E6	E7	E8	E9	E10	E11	E12	F1	F2	F3	F4	F5	F6	F7	F8	F9	F10	F11	F12	G1	G2	G3	G4	G5	G6	G7	G8	G9	G10	G11	G12	H1	H2	H3	H4	H5	H6	H7	H8	H9	H10	H11	H12	
OD:630	0.091	0.089	0.088	0.088	0.088	0.088	0.089	0.090	0.090	0.089	0.089	0.089	0.776	0.089	0.089	0.089	0.089	0.089	0.089	0.089	0.089	0.089	0.089	0.088	0.785	0.089	0.089	0.089	0.089	0.089	0.089	0.089	0.089	0.089	0.088	0.088	0.934	0.089	0.089	0.089	0.092	0.089	0.089	0.087	0.088	0.090	0.088	0.089	0.940	0.088	0.088	0.095	0.088	0.087	0.088	0.089	0.089	0.091	0.091	0.089	1.045	0.088	0.089	0.088	0.088	0.089	0.089	0.088	0.090	0.089	0.088	0.088	0.736	0.090	0.090	0.089	0.088	0.090	0.089	0.089	0.089	0.089	0.089	0.088	0.816	0.089	0.088	0.090	0.089	0.089	0.089	0.089	0.088	0.089	0.089	0.088	
EGFP:479,520	24387	24117	23652	23561	23369	23344	23545	23246	23252	23575	23528	23318	138926	23559	23079	23098	23495	23173	23173	23152	23088	23125	23203	23369	115252	23415	23169	23342	23237	23183	23158	23097	23138	22934	23129	23336	176359	23657	23462	23263	23250	23419	23225	23485	23429	23457	23548	23573	182512	23623	23407	23211	23349	23178	23170	23479	23551	23439	23369	23657	224054	23461	23474	23560	23237	23371	23367	23262	23380	23629	23439	23602	136965	23644	23485	23233	23498	23693	23544	23635	23427	23232	23317	24262	146049	24316	23965	23990	24082	24153	23953	23822	23826	24032	24123	24846	
GFP/OD	267989	270978	267254	266829	264955	264072	263957	258002	259509	264590	263767	263183	178959	264114	258443	260700	264583	259206	259787	260721	258544	259831	260415	266769	146743	262500	259742	261682	261384	260776	260788	259809	259686	257975	264030	265182	188821	265511	263027	261089	252717	262251	261543	268400	264734	259480	267895	263975	194244	268749	264486	245619	265934	265195	262401	264701	264916	257289	256239	266708	214385	265096	262573	266818	262565	263484	263736	264041	260938	264899	264847	267596	185993	263590	262109	260752	266116	264431	264242	265861	262340	261327	261989	276963	179004	273521	270791	265670	270889	271382	270350	266764	270136	270022	271350	280746	

