

Actual Temperature:	30.0



Actual Temperature:	30.0

Results

Well	A1	A2	A3	A4	A5	A6	A7	A8	A9	A10	A11	A12	B1	B2	B3	B4	B5	B6	B7	B8	B9	B10	B11	B12	C1	C2	C3	C4	C5	C6	C7	C8	C9	C10	C11	C12	D1	D2	D3	D4	D5	D6	D7	D8	D9	D10	D11	D12	E1	E2	E3	E4	E5	E6	E7	E8	E9	E10	E11	E12	F1	F2	F3	F4	F5	F6	F7	F8	F9	F10	F11	F12	G1	G2	G3	G4	G5	G6	G7	G8	G9	G10	G11	G12	H1	H2	H3	H4	H5	H6	H7	H8	H9	H10	H11	H12	
OD:630	0.088	0.089	0.089	0.088	0.088	0.089	0.090	0.089	0.089	0.089	0.611	0.087	0.834	0.089	0.089	0.089	0.088	0.089	0.090	0.089	0.089	0.090	0.089	0.088	0.780	0.089	0.089	0.089	0.088	0.089	0.089	0.088	0.089	0.089	0.088	0.088	0.690	0.089	0.090	0.089	0.089	0.088	0.088	0.089	0.088	0.089	0.088	0.089	0.773	0.088	0.090	0.088	0.088	0.088	0.090	0.089	0.089	0.089	0.089	0.089	0.783	0.089	0.090	0.088	0.089	0.089	0.089	0.089	0.090	0.089	0.090	0.089	0.817	0.089	0.088	0.090	0.089	0.089	0.089	0.089	0.088	0.089	0.089	0.088	0.799	0.089	0.089	0.090	0.089	0.089	0.088	0.088	0.088	0.088	0.089	0.088	
EGFP:479,520	24373	23935	23727	23653	23455	23501	23298	23199	23404	23226	228203	24260	164274	23282	22913	23136	23130	23189	22862	23009	23179	23281	23434	24042	143349	23387	23088	23353	22816	23117	23121	23113	23197	23082	23300	24186	135830	22956	23171	23136	23181	23195	22919	23199	23101	22861	23350	24105	124731	23168	23114	23043	23407	23053	23125	23329	23170	23141	23308	24143	123305	23527	23173	22997	23301	22995	23224	23210	23303	23261	23442	24133	124605	23365	22785	23116	22676	23164	22779	23281	23184	23222	23116	24183	175955	23687	23100	23339	23126	23359	23252	23281	23301	23530	23305	24303	
GFP/OD	277281	269235	265998	268784	265930	265248	260022	259787	262083	260966	373674	277257	197018	261009	258029	260834	262245	261727	254588	258528	260146	259833	263896	274452	183851	261600	259125	261805	258978	259450	260665	261459	259765	259057	265678	275781	196770	257933	258605	260541	260461	262090	261334	261840	262213	256577	265643	271759	161443	262676	255686	260963	264486	262563	257230	263307	260045	260304	261888	272187	157498	263460	257764	260737	261515	258371	260944	260202	259788	260774	260756	270549	152515	262528	257458	257416	254215	259105	255944	261879	262262	260921	259730	275119	220247	265549	258101	259322	259260	261872	262734	264557	263288	266176	261560	274921	

