

Actual Temperature:	30.1



Actual Temperature:	30.1

Results

Well	A1	A2	A3	A4	A5	A6	A7	A8	A9	A10	A11	A12	B1	B2	B3	B4	B5	B6	B7	B8	B9	B10	B11	B12	C1	C2	C3	C4	C5	C6	C7	C8	C9	C10	C11	C12	D1	D2	D3	D4	D5	D6	D7	D8	D9	D10	D11	D12	E1	E2	E3	E4	E5	E6	E7	E8	E9	E10	E11	E12	F1	F2	F3	F4	F5	F6	F7	F8	F9	F10	F11	F12	G1	G2	G3	G4	G5	G6	G7	G8	G9	G10	G11	G12	H1	H2	H3	H4	H5	H6	H7	H8	H9	H10	H11	H12	
OD:630	0.088	0.090	0.090	0.087	0.088	0.090	0.091	0.089	0.089	0.089	0.089	0.087	0.792	0.089	0.089	0.089	0.088	0.090	0.090	0.088	0.089	0.094	0.089	0.087	0.835	0.089	0.088	0.089	0.088	0.088	0.088	0.088	0.088	0.088	0.087	0.088	0.780	0.091	0.090	0.089	0.090	0.091	0.089	0.089	0.088	0.090	0.088	0.091	1.035	0.088	0.089	0.089	0.088	0.088	0.088	0.089	0.090	0.089	0.089	0.089	0.800	0.088	0.090	0.089	0.089	0.089	0.089	0.089	0.090	0.089	0.089	0.089	0.749	0.093	0.089	0.089	0.089	0.090	0.089	0.089	0.090	0.090	0.089	0.088	0.741	0.089	0.090	0.089	0.089	0.089	0.088	0.088	0.089	0.088	0.089	0.089	
EGFP:479,520	23285	23082	22751	22887	22946	22958	22894	23502	23435	23096	23139	23462	123949	22946	22561	22628	22469	22691	22910	22760	22636	22705	22596	23500	117890	22354	22483	22446	22676	22659	22623	22493	22710	22485	22181	23071	118110	22929	22436	22820	22468	22553	22859	22892	22623	22930	23056	22903	202208	22845	22809	22535	22437	22445	22683	23018	22674	22757	22860	23151	121804	22626	22705	22457	22283	22499	22614	22588	22563	22644	22527	22965	123584	22427	22293	22677	22397	22292	22590	22481	22353	22653	22558	22739	100480	22718	22745	22745	22562	22596	22292	22144	22567	22398	22615	23124	
GFP/OD	264002	255050	252508	263372	259277	255373	251031	262592	264205	259798	259989	269678	156580	256667	252926	253393	254174	252965	255122	257466	253199	240774	254746	268879	141270	251169	254333	253341	257975	256324	255627	254734	258362	254068	253787	262768	151423	250864	249566	255543	250200	247563	258002	257503	255627	255345	261703	250854	195389	260194	254849	253773	254100	255347	257469	258629	252776	254553	255991	261003	152217	255950	252278	253465	249809	252514	253805	254369	251258	254141	252545	258615	165065	240633	250202	253374	250526	248241	252402	253164	248643	252261	252045	258104	135619	255546	252722	255849	253221	253888	251887	251066	254707	253946	252964	260405	

