

Actual Temperature:	30.0



Actual Temperature:	30.0

Results

Well	A1	A2	A3	A4	A5	A6	A7	A8	A9	A10	A11	A12	B1	B2	B3	B4	B5	B6	B7	B8	B9	B10	B11	B12	C1	C2	C3	C4	C5	C6	C7	C8	C9	C10	C11	C12	D1	D2	D3	D4	D5	D6	D7	D8	D9	D10	D11	D12	E1	E2	E3	E4	E5	E6	E7	E8	E9	E10	E11	E12	F1	F2	F3	F4	F5	F6	F7	F8	F9	F10	F11	F12	G1	G2	G3	G4	G5	G6	G7	G8	G9	G10	G11	G12	H1	H2	H3	H4	H5	H6	H7	H8	H9	H10	H11	H12	
OD:630	0.088	0.089	0.089	0.088	0.088	0.089	0.089	0.093	0.089	0.089	0.089	0.089	0.789	0.090	0.090	0.089	0.089	0.089	0.090	0.089	0.093	0.089	0.091	0.088	0.701	0.089	0.089	0.089	0.088	0.089	0.089	0.089	0.088	0.089	0.088	0.088	0.776	0.089	0.090	0.089	0.092	0.092	0.089	0.089	0.089	0.089	0.088	0.088	0.758	0.088	0.089	0.090	0.088	0.088	0.088	0.089	0.089	0.089	0.089	0.089	0.765	0.088	0.090	0.088	0.089	0.089	0.089	0.089	0.089	0.089	0.089	0.088	0.755	0.088	0.090	0.089	0.089	0.091	0.089	0.090	0.090	0.089	0.089	0.088	0.798	0.088	0.088	0.089	0.089	0.089	0.088	0.088	0.088	0.089	0.089	0.089	
EGFP:479,520	24873	24673	24561	24558	24248	24049	24036	23701	24222	23930	24299	24760	140516	24260	23910	23628	23915	23976	24080	23761	24020	23887	24083	24513	130627	23917	24031	24072	24184	23991	23993	23756	23921	24162	24323	24667	152573	24374	24040	24225	24091	23865	24076	23957	24188	24106	24235	24995	135860	24266	24151	24132	24085	24068	24168	23847	23814	23936	23964	24932	164196	23849	24168	24125	24119	24035	24274	23846	23771	24378	24382	24486	146354	24198	23907	23566	23830	23767	23704	23785	23731	23752	24047	24887	132595	24713	24446	24554	24635	24512	24509	24387	24252	24511	24722	25015	
GFP/OD	282327	275984	276588	278120	274921	268704	269764	254849	271547	267374	273022	279458	178049	270457	266555	265782	268105	268188	268151	267880	257449	267492	264648	277610	186424	268429	269708	271081	275131	268957	270801	267222	271830	271789	277027	281266	196589	272640	266815	270670	262715	259121	271738	268878	273002	270247	274773	285331	179188	276693	271055	269330	273693	273190	273085	267944	266078	268341	269561	280450	214719	271320	269732	272599	271305	268848	272742	269142	265598	273603	273035	277305	193769	274665	266522	263897	268658	261751	265442	264866	262802	266577	269585	282807	166180	279243	276538	275578	276798	274798	276938	277125	274655	275095	277775	282336	

