

Actual Temperature:	30.0



Actual Temperature:	30.0

Results

Well	A1	A2	A3	A4	A5	A6	A7	A8	A9	A10	A11	A12	B1	B2	B3	B4	B5	B6	B7	B8	B9	B10	B11	B12	C1	C2	C3	C4	C5	C6	C7	C8	C9	C10	C11	C12	D1	D2	D3	D4	D5	D6	D7	D8	D9	D10	D11	D12	E1	E2	E3	E4	E5	E6	E7	E8	E9	E10	E11	E12	F1	F2	F3	F4	F5	F6	F7	F8	F9	F10	F11	F12	G1	G2	G3	G4	G5	G6	G7	G8	G9	G10	G11	G12	H1	H2	H3	H4	H5	H6	H7	H8	H9	H10	H11	H12	
OD:630	0.088	1.006	0.996	1.002	0.995	0.981	1.016	1.041	0.964	1.000	1.005	0.965	0.981	1.012	1.040	0.996	1.006	0.983	0.982	0.984	0.999	0.984	1.008	0.960	1.044	0.960	1.037	0.977	1.065	1.004	0.984	0.972	1.048	0.989	0.999	1.032	1.000	1.023	1.027	0.995	1.031	1.044	0.982	0.989	0.980	1.008	1.024	0.980	0.996	1.008	0.989	1.010	1.026	1.044	1.044	1.051	1.062	1.087	1.036	1.027	0.967	1.016	1.001	1.009	1.025	1.019	1.011	1.072	1.056	1.035	1.032	1.012	1.028	0.998	0.993	1.011	1.019	0.996	1.006	1.004	0.977	0.969	0.998	0.942	1.043	1.010	1.049	1.033	1.015	1.064	1.084	1.096	1.061	1.039	1.004	0.779	
EGFP:479,520	4967	1893151	1862411	1877155	1841004	1805549	1867240	1956316	1772116	1885770	1889874	1869745	1816041	1946607	1973209	1873164	1889884	1844975	1837447	1825364	1872998	1839056	1918281	1770529	1960697	1764465	1914788	1774355	1982887	1863134	1814153	1799836	2008297	1834602	1893768	1945416	1885476	1969570	1937017	1883187	1922402	1958765	1825993	1865354	1857327	1920808	1999087	1874628	1850314	1913144	1845689	1921345	1927005	2005471	1955299	2037561	2100819	2186570	2043972	1958127	1802041	1946369	1877130	1940872	1952151	1939135	1911922	2107985	2045140	2004067	1998712	1919939	1952155	1902053	1876541	1949782	1964617	1799181	1914343	1913875	1838618	1843587	1912016	1754991	1939933	1901485	1996430	1948423	1934658	2107411	2131403	2170841	2078269	2019853	1900821	1518694	
GFP/OD	56507	1882608	1870266	1874156	1851186	1839956	1838196	1879627	1837532	1885770	1879910	1938162	1851592	1923335	1896769	1880120	1878239	1877646	1871699	1854856	1874310	1868580	1903434	1844301	1878062	1837410	1845935	1816498	1862565	1855896	1843839	1851112	1915766	1855007	1895474	1885093	1885665	1924536	1886276	1893031	1864961	1876212	1859653	1886483	1895038	1904997	1952233	1912300	1857932	1897584	1865840	1901945	1877989	1920949	1872174	1938135	1979104	2011009	1973327	1906833	1863152	1915529	1874880	1922798	1905095	1902605	1890933	1966404	1936869	1936858	1936549	1898111	1898614	1905483	1889769	1927996	1928175	1806225	1903304	1907010	1881709	1903352	1916232	1862850	1860669	1881727	1902630	1886727	1905879	1979905	1966602	1980694	1958783	1944223	1892871	1950545	

