

Actual Temperature:	30.0



Actual Temperature:	30.0

Results

Well	A1	A2	A3	A4	A5	A6	A7	A8	A9	A10	A11	A12	B1	B2	B3	B4	B5	B6	B7	B8	B9	B10	B11	B12	C1	C2	C3	C4	C5	C6	C7	C8	C9	C10	C11	C12	D1	D2	D3	D4	D5	D6	D7	D8	D9	D10	D11	D12	E1	E2	E3	E4	E5	E6	E7	E8	E9	E10	E11	E12	F1	F2	F3	F4	F5	F6	F7	F8	F9	F10	F11	F12	G1	G2	G3	G4	G5	G6	G7	G8	G9	G10	G11	G12	H1	H2	H3	H4	H5	H6	H7	H8	H9	H10	H11	H12	
OD:630	0.090	0.089	0.089	0.088	0.088	0.091	0.089	0.092	0.089	0.089	0.088	0.086	0.873	0.089	0.089	0.089	0.088	0.088	0.089	0.089	0.089	0.089	0.089	0.087	0.839	0.089	0.089	0.089	0.088	0.089	0.089	0.089	0.088	0.089	0.088	0.087	0.808	0.089	0.090	0.089	0.089	0.089	0.088	0.088	0.088	0.089	0.088	0.087	0.828	0.088	0.089	0.089	0.089	0.088	0.088	0.089	0.089	0.089	0.089	0.088	0.811	0.088	0.096	0.088	0.089	0.089	0.089	0.089	0.089	0.089	0.089	0.088	0.827	0.089	0.089	0.089	0.089	0.089	0.089	0.088	0.088	0.089	0.089	0.087	0.240	0.091	0.089	0.089	0.089	0.091	0.089	0.088	0.088	0.089	0.089	0.088	
EGFP:479,520	23670	24246	24212	24068	23808	24084	23988	23963	24149	24147	24091	21341	191654	23615	23178	23284	23023	23180	23343	23278	23111	23378	23556	22196	163629	23506	23209	23189	23317	23185	23143	23129	23318	23087	23499	22176	182903	23359	23380	23458	23277	23496	23476	23440	23383	23268	23552	22495	155782	23591	23511	23303	23387	23326	23265	23430	23133	23326	23297	22311	182862	23730	23105	23053	23310	23243	23301	23379	23367	23382	23585	22226	179071	23680	23295	23213	23015	23518	23435	23060	23383	23448	23493	22518	93873	23929	23617	22905	23060	23190	23112	23315	23575	23822	24034	22268	
GFP/OD	261836	272427	272351	273811	270238	263790	268022	260467	269821	271926	273141	246717	219460	264150	260720	261031	261328	261921	260816	262731	258512	261207	265869	254834	195029	263225	259899	260551	265267	261387	260619	260169	264077	258823	267948	254604	226253	261872	260938	263277	260369	263408	266470	265459	265113	261145	267636	257675	188097	268385	263576	262717	263664	265672	263776	264149	259048	261502	261177	253534	225505	270273	239678	261669	262796	261745	262399	263871	261376	263015	264406	252568	216505	267269	261742	259653	258016	263065	264205	260565	264215	262576	263670	258234	390649	263535	264172	257071	258520	253443	259394	265245	266988	268266	270653	253911	

