

Actual Temperature:	30.0



Actual Temperature:	30.0

Results

Well	A1	A2	A3	A4	A5	A6	A7	A8	A9	A10	A11	A12	B1	B2	B3	B4	B5	B6	B7	B8	B9	B10	B11	B12	C1	C2	C3	C4	C5	C6	C7	C8	C9	C10	C11	C12	D1	D2	D3	D4	D5	D6	D7	D8	D9	D10	D11	D12	E1	E2	E3	E4	E5	E6	E7	E8	E9	E10	E11	E12	F1	F2	F3	F4	F5	F6	F7	F8	F9	F10	F11	F12	G1	G2	G3	G4	G5	G6	G7	G8	G9	G10	G11	G12	H1	H2	H3	H4	H5	H6	H7	H8	H9	H10	H11	H12	
OD:630	0.091	0.720	0.672	0.765	0.089	0.634	1.172	0.936	1.186	0.481	0.848	0.773	0.798	0.688	0.519	0.732	0.489	0.746	0.698	0.554	0.774	0.549	0.702	0.719	0.682	0.516	0.556	0.572	0.089	1.043	0.661	0.574	1.291	0.763	1.332	0.772	0.793	0.794	0.811	0.868	0.089	1.316	0.883	0.536	0.640	0.088	0.954	0.726	0.785	0.784	0.447	1.075	0.676	0.647	0.435	0.774	0.796	0.096	0.515	0.671	0.660	0.514	0.786	0.583	0.503	0.871	0.793	0.734	0.813	0.958	0.645	0.668	0.716	0.883	0.507	0.828	0.711	0.690	0.851	0.577	0.790	0.850	0.767	0.676	0.723	0.674	0.632	0.689	0.473	0.714	0.716	0.088	0.665	0.089	0.679	0.784	
EGFP:479,520	24988	232710	233981	188140	24641	226929	155009	261138	133131	192222	166602	234623	156729	188759	180982	145389	197221	177870	165696	176347	158624	179429	179333	285080	138198	207231	159731	176983	25057	296631	164841	177614	141932	202553	280450	243601	139885	153289	207015	142234	24851	140076	211703	233549	170318	25220	168981	198974	114374	217008	164700	182511	177996	185946	165009	172002	182307	25219	190275	255968	146164	178368	145787	141753	167595	149587	170714	154192	147687	259882	255247	227507	81006	309409	163836	154963	162907	183778	201728	176495	233026	152708	190751	239257	187861	226213	210564	215925	209063	233342	202387	25499	229474	25519	270903	289361	
GFP/OD	275198	323433	348393	245935	275318	357819	132260	279113	112262	399547	196557	303680	196501	274479	348915	198646	403232	238336	237353	318546	204941	326531	255533	396605	202607	401377	287234	309357	281856	284320	249344	309540	109923	265608	210564	315341	176333	193132	255227	163845	278911	106449	239646	435644	266122	284972	177203	274069	145699	276796	368209	169809	263386	287486	379418	222196	229029	262698	369179	381586	221293	347155	185385	243102	333191	171722	215249	210042	181590	271191	395487	340426	113089	350327	323403	187063	229092	266229	237076	305725	294895	179635	248665	354140	259692	335379	333329	313207	442368	327039	282821	289432	344814	287376	399091	368989	

