

Actual Temperature:	30.1



Actual Temperature:	30.1

Results

Well	A1	A2	A3	A4	A5	A6	A7	A8	A9	A10	A11	A12	B1	B2	B3	B4	B5	B6	B7	B8	B9	B10	B11	B12	C1	C2	C3	C4	C5	C6	C7	C8	C9	C10	C11	C12	D1	D2	D3	D4	D5	D6	D7	D8	D9	D10	D11	D12	E1	E2	E3	E4	E5	E6	E7	E8	E9	E10	E11	E12	F1	F2	F3	F4	F5	F6	F7	F8	F9	F10	F11	F12	G1	G2	G3	G4	G5	G6	G7	G8	G9	G10	G11	G12	H1	H2	H3	H4	H5	H6	H7	H8	H9	H10	H11	H12	
OD:630	0.088	0.089	0.089	0.088	0.091	0.089	0.089	0.101	0.090	0.089	0.099	0.100	0.723	0.089	0.089	0.089	0.089	0.088	0.090	0.089	0.089	0.089	0.088	0.088	0.693	0.089	0.089	0.089	0.088	0.089	0.088	0.088	0.088	0.089	0.088	0.088	0.950	0.089	0.089	0.088	0.089	0.088	0.087	0.088	0.088	0.089	0.088	0.088	0.886	0.088	0.089	0.088	0.088	0.087	0.088	0.088	0.089	0.089	0.089	0.089	0.986	0.088	0.090	0.088	0.089	0.089	0.089	0.089	0.090	0.089	0.089	0.089	1.092	0.088	0.088	0.089	0.089	0.089	0.088	0.088	0.088	0.089	0.089	0.088	0.778	0.089	0.089	0.089	0.089	0.089	0.088	0.088	0.088	0.088	0.089	0.090	
EGFP:479,520	23532	23414	23316	23541	23190	23285	23434	22731	23282	23324	23531	23397	96010	22897	23022	23064	23153	22951	23195	22814	23002	23115	23409	24328	88904	23033	23000	23366	23018	23232	23326	23021	23368	23086	23046	24195	181385	23030	23264	23272	23432	23206	23671	23182	23450	23487	23159	23934	145872	23025	23446	23491	23391	23342	23253	23701	23401	23465	23249	23961	185849	23175	23300	23650	23317	23141	23280	23464	23428	23455	23650	23412	188502	23302	23048	23122	23131	23132	23599	23179	22883	23058	22758	23362	99132	23018	22990	23048	22689	23091	22851	23021	23307	23085	23096	23685	
GFP/OD	268018	263375	262568	266602	253443	261924	263303	226179	259844	262954	237208	234204	132867	257849	257805	260023	259563	260215	256298	256914	258159	259428	265408	276455	128344	258798	259594	261951	260385	262212	263571	260713	265244	258812	263082	275569	190972	259932	261687	263258	264470	264005	272080	262834	266477	264196	263470	272908	164585	262543	264628	266338	266716	267683	265143	268414	262637	264245	261519	270440	188526	262755	258889	269362	262283	260304	260694	264234	261182	262948	264838	264244	172558	264795	261315	260383	260778	260789	267562	263398	260330	259370	255996	266082	127354	259212	257447	259550	255507	259158	258788	262198	264252	261143	258345	264047	

