

Actual Temperature:	30.0



Actual Temperature:	30.0

Results

Well	A1	A2	A3	A4	A5	A6	A7	A8	A9	A10	A11	A12	B1	B2	B3	B4	B5	B6	B7	B8	B9	B10	B11	B12	C1	C2	C3	C4	C5	C6	C7	C8	C9	C10	C11	C12	D1	D2	D3	D4	D5	D6	D7	D8	D9	D10	D11	D12	E1	E2	E3	E4	E5	E6	E7	E8	E9	E10	E11	E12	F1	F2	F3	F4	F5	F6	F7	F8	F9	F10	F11	F12	G1	G2	G3	G4	G5	G6	G7	G8	G9	G10	G11	G12	H1	H2	H3	H4	H5	H6	H7	H8	H9	H10	H11	H12	
OD:630	0.089	0.604	0.510	0.529	0.778	0.954	0.888	0.857	0.714	0.737	0.585	0.784	0.570	0.447	0.648	0.587	0.568	0.572	0.645	0.695	0.627	0.681	0.748	0.709	0.688	0.750	0.956	0.782	0.618	0.935	0.670	0.722	0.778	0.932	0.817	0.685	0.873	0.853	0.702	0.845	0.853	0.849	0.638	0.725	0.710	0.809	0.800	0.687	0.649	0.524	0.611	0.601	0.496	0.542	0.562	0.812	0.745	0.702	0.631	0.730	0.715	0.774	0.770	0.886	0.806	0.902	0.868	0.866	0.720	0.694	0.816	0.905	0.752	0.522	0.545	0.562	0.449	0.542	0.532	0.535	0.794	0.752	0.527	0.686	0.706	0.686	0.612	0.605	0.594	0.583	0.463	0.417	0.597	0.640	0.646	0.774	
EGFP:479,520	25070	293538	290874	294419	318416	296358	315741	305327	266939	259229	270497	292560	136672	241230	236600	255589	221277	279796	275840	274971	237675	213031	284943	298050	121355	305607	364917	298291	218836	296161	300882	310592	281860	292583	312053	272582	89308	298575	212981	341980	299468	261293	274251	240269	296402	218848	242019	263684	149036	304621	263036	291053	218659	231941	212683	342304	306520	252305	274553	276166	138108	294371	293679	234549	350549	286931	306328	285013	306210	212499	306669	274112	112010	297625	227908	206783	224263	275924	259349	238933	299798	235038	277966	340097	173004	239994	228733	257801	289113	225025	274183	223507	282242	239166	271356	309547	
GFP/OD	280739	486071	569783	556452	409486	310583	355364	356399	373917	351926	462151	373068	239649	539906	365180	435564	389915	488897	427526	395471	379007	312591	381195	420381	176414	407367	381712	381203	354161	316750	449078	430064	362195	313762	381903	397872	102324	350152	303392	404519	350912	307657	429726	331314	417703	270383	302524	383708	229463	581227	430712	484120	440401	427620	378507	421661	411381	359255	435384	378310	193077	380177	381203	264758	434978	318246	352912	329114	425174	306327	375866	302752	149009	570272	418333	368203	499472	508897	487865	446187	377579	312551	527750	495407	244909	349896	373991	426117	486722	385713	592828	535988	472609	373463	420121	399777	

