

Actual Temperature:	30.0



Actual Temperature:	30.0

Results

Well	A1	A2	A3	A4	A5	A6	A7	A8	A9	A10	A11	A12	B1	B2	B3	B4	B5	B6	B7	B8	B9	B10	B11	B12	C1	C2	C3	C4	C5	C6	C7	C8	C9	C10	C11	C12	D1	D2	D3	D4	D5	D6	D7	D8	D9	D10	D11	D12	E1	E2	E3	E4	E5	E6	E7	E8	E9	E10	E11	E12	F1	F2	F3	F4	F5	F6	F7	F8	F9	F10	F11	F12	G1	G2	G3	G4	G5	G6	G7	G8	G9	G10	G11	G12	H1	H2	H3	H4	H5	H6	H7	H8	H9	H10	H11	H12	
OD:630	0.088	0.090	0.091	0.089	0.089	0.089	0.090	0.090	0.090	0.089	0.089	0.089	0.782	0.090	0.090	0.088	0.089	0.089	0.090	0.088	0.089	0.090	0.089	0.088	0.821	0.089	0.095	0.089	0.088	0.089	0.089	0.089	0.089	0.090	0.089	0.089	0.781	0.090	0.091	0.092	0.089	0.088	0.087	0.088	0.088	0.090	0.090	0.089	0.791	0.088	0.091	0.089	0.088	0.088	0.088	0.089	0.089	0.089	0.090	0.089	0.779	0.088	0.090	0.089	0.090	0.089	0.089	0.088	0.089	0.089	0.089	0.089	0.764	0.089	0.090	0.089	0.090	0.092	0.089	0.088	0.088	0.088	0.089	0.088	0.790	0.089	0.088	0.089	0.090	0.090	0.088	0.092	0.088	0.089	0.091	0.090	
EGFP:479,520	24091	24092	23763	23533	23450	23700	23797	22808	23286	23164	23796	24123	121086	23759	23501	23160	23173	23428	23564	22725	22908	22877	23406	23972	111226	23529	23167	23394	23323	23404	23308	22975	23125	23219	23397	23701	110874	23295	23405	23413	23222	23187	23260	22975	23025	23425	23033	23978	105034	23492	23390	23283	23239	23203	23367	23080	23199	23504	23223	23959	131312	23540	23357	23242	23205	23505	23185	23023	23183	23340	23341	23829	112832	23608	23444	22878	23202	22769	23179	22822	23257	23071	23281	24120	129689	23941	23340	23524	23126	23261	23312	22704	23315	23145	23554	24021	
GFP/OD	274698	268584	260274	265011	264374	264804	265000	253141	259888	259978	267672	270741	154822	263989	261704	261695	261251	262058	261242	257070	256242	254472	264176	271791	135509	263188	244378	261678	264433	261790	262477	258436	261005	257989	262593	266004	141946	258833	257481	254489	260629	262891	266133	261377	261054	261148	255922	270327	132820	266048	256751	260728	264681	264271	265233	259910	260663	263203	257747	268900	168565	267196	258088	262325	257547	263805	261682	261032	259318	261953	261964	268647	147763	266156	261652	257056	257514	247758	260438	258753	263984	260689	261879	273160	164246	269000	263729	263722	257815	257312	264308	246783	264642	260056	259691	268092	

