G:\pBGT-AMNIS\190517\lb3\pBGT-AMP+SB\data\D03_16.daf
All

Object Number	Area_M01	Area_M02	Aspect Ratio_M01	Aspect Ratio_M02	Gradient RMS_M01_Ch01	Gradient RMS_M02_Ch02	Intensity_MC_Ch02	Intensity_MC_Ch04
0	14.4444444444444	0	0.879122990167457	0	69.7733322061725	0	129.638392857143	-39.8526785714284
1	11.3333333333333	18.1111111111111	0.683420192693792	0.831421709245669	62.1847748226433	43.8780495960254	107694.886029412	4019.00367647058
2	10.7777777777778	0	0.858640137412136	0	76.9416493118195	0	-14.6346153846153	-4.5192307692307
3	11.2222222222222	0	0.932969586975613	0	76.9037109119883	0	47.9772727272725	-8.45454545454578
4	10.4444444444444	0	0.923331017053212	0	76.9650017363687	0	32.3359375	-44.55078125
5	11.2222222222222	0	0.841736436533238	0	77.1504946447193	0	4.2056451612903	19.5161290322577
6	11	0	0.916178009278082	0	76.965645175758	0	113.556451612903	-0.556451612903345
7	12.1111111111111	0	0.77875034372997	0	76.6250917156879	0	70.1153846153847	78.8461538461534
8	14.3333333333333	0	0.474110730193545	0	77.2969865692648	0	70.4615384615385	27.1538461538461
9	11.4444444444444	0	0.848498976576519	0	77.099714031473	0	43.2890625	-27.5546875
10	9.44444444444444	2	0.939570097089905	0.790569415042094	77.1998682344247	79.245249742164	39.9278846153845	-37.6153846153844
11	15.2222222222222	0	0.971447951998744	0	75.9300059485432	0	90.0576923076918	39.0336538461537
12	12.1111111111111	0	0.917863568759003	0	76.4389211366574	0	47.6009615384616	-79.8701923076922
13	9.33333333333333	0	0.917066155429148	0	77.2175953466729	0	105.625	5.10576923076897
14	12.8888888888889	14.2222222222222	0.851364364002979	0.811394968817822	60.1295086673267	37.963693491912	46801.6999999999	1670.1
15	9.33333333333333	0	0.931970543982531	0	77.2389775958811	0	43.0432692307692	-70.7932692307688
16	10.3333333333333	0	0.85175132880099	0	76.5981772393887	0	102.823529411765	-35.1764705882351
17	9.33333333333333	0	0.915180595612306	0	77.3876485216164	0	28.403846153846	46.6057692307691
18	8.55555555555555	0	0.876479463913162	0	77.1414161092875	0	15.9791666666668	-40.8333333333336
19	18.3333333333333	0	0.995722320441357	0	70.3434867382411	0	118.801470588236	54.5294117647055
20	11.4444444444444	0	0.763396405854871	0	74.5056799136471	0	-9.9166666666667	-16.2499999999995
21	11.4444444444444	0	0.940470677028758	0	76.728405844463	0	22.5645161290322	24.7580645161289
22	12.7777777777778	0	0.986107901440687	0	77.0576112083925	0	21.548076923077	-14.418269230769
23	11.1111111111111	0	0.894627900158481	0	76.9562353982202	0	41.6854838709675	-35.290322580645
24	13.7777777777778	0	0.9605695031001	0	76.3983385297114	0	-39.625	-60.7500000000004
25	10.4444444444444	0	0.890050308641165	0	77.2261956094535	0	55.0817307692307	-13.1009615384617
26	9.22222222222222	0	0.877516675354492	0	77.226336864814	0	90.9807692307694	32.4759615384615
27	8	0	0.946230889134365	0	77.1542985797706	0	61.1009615384612	-33.4375
28	10.7777777777778	0	0.915231774560192	0	77.2811615159773	0	52.0967741935487	-34.161290322581
29	11.8888888888889	0	0.864213570454568	0	77.2813299514214	0	51.27734375	37.484375
30	10.6666666666667	0	0.803489753778503	0	76.6363753536548	0	108.192307692308	-44.3846153846151
31	11	0	0.806127316554602	0	77.0722840724686	0	105.25	-10.6250000000001
32	11.7777777777778	0	0.904589058139829	0	76.9714169578189	0	-14.5241935483872	-1.52016129032212
33	10	0	0.893239963220304	0	77.0236242667299	0	-4.00961538461545	-32.0576923076927
34	10.3333333333333	0	0.904651813666078	0	77.1008691729027	0	-22.9444444444444	6.84722222222241
35	13	0	0.89074117326643	0	77.1567313090111	0	23.375	-77.25
36	10.1111111111111	0	0.897501035872171	0	76.9932897109911	0	63.2307692307691	2.84615384615351
37	10.6666666666667	0	0.866669244936275	0	76.280915661887	0	68.3365384615387	3.14423076923062
38	8.77777777777778	0	0.973167693174383	0	77.1734685963779	0	48.5000000000002	-28.9999999999998
39	11.4444444444444	0	0.966974992106196	0	77.0132214788648	0	-10.5685483870968	-0.145161290322704
40	10.1111111111111	0	0.903572234902959	0	77.2097740971031	0	54.8653846153846	-8.98557692307711
41	12	0	0.964316211704487	0	77.2641340530675	0	7.03999999999989	-34.6700000000003
42	9.77777777777778	0	0.905653338992231	0	77.170292807735	0	50.2840909090907	4.08333333333304
43	10.5555555555556	0	0.862058266083424	0	71.4341075431928	0	-45.1666666666667	11.4583333333332
44	13.8888888888889	0	0.970017065051781	0	76.5334084408259	0	23.1899999999999	-52.085
45	10.4444444444444	0	0.878870249888143	0	75.4333028415774	0	38.6975806451613	-24.391129032258
46	21.5555555555556	23	0.612080761764887	0.718917237688684	65.4573165743266	42.1713863108	148332.852941177	5443.82352941178
47	12.8888888888889	0	0.90792669903391	0	77.2192677376923	0	110.046875	-0.875
48	16.3333333333333	15	0.56457054906415	0.596789447692906	71.3554042168746	43.8835770297479	66596.9791666667	2353.43749999999
49	10	0	0.860131396663612	0	76.7194780269525	0	71.2421875	-31.828125
50	8.55555555555555	0	0.931567066579037	0	77.08946436457	0	75.0524193548383	-18.0927419354834
51	9.22222222222222	0	0.850323995376158	0	77.075036200298	0	55.2121212121211	35.2424242424245
52	8.77777777777778	0	0.967592656711757	0	77.1685547257271	0	44.69140625	-32.9765625
53	11.1111111111111	0	0.853068096146414	0	77.0091143883932	0	101.350961538461	21.221153846154
54	10.7777777777778	0	0.900294641122518	0	75.5516049469881	0	87.9615384615383	70.0769230769228
55	11.7777777777778	0	0.853243139670661	0	77.0990771501816	0	58.8515625	-21.578125
56	7.66666666666667	0	0.904145029888885	0	77.2565923480719	0	65.25	8.06249999999963
57	12.5555555555556	0	0.928992491629623	0	76.8059601277426	0	52.4807692307691	-12.399038461538
58	11.7777777777778	0	0.967724076730879	0	77.0905389892253	0	24.9193548387096	53.6733870967744
59	9.66666666666667	0	0.904773940098734	0	76.9934086068224	0	88.6953125	66.28515625
60	13.5555555555556	0	0.893501850470571	0	76.2412949309059	0	67.4717741935485	63.8306451612903
61	13.2222222222222	0	0.986505072532629	0	77.0600974913708	0	22.2580645161291	-36.9677419354836
62	11	0	0.903772739146854	0	76.9823089849628	0	71.9677419354842	40.0645161290322
63	11.4444444444444	0	0.896683201745516	0	76.8703993059724	0	-6.23076923076924	-31.1923076923079
64	9.66666666666667	0	0.958796004253322	0	77.1199498726567	0	25.4396551724138	-57.1034482758618
65	12.7777777777778	0	0.908759908343073	0	76.8658294021895	0	38.796875	22.81640625
66	10.1111111111111	0	0.886376688147281	0	77.13486862776	0	21.98828125	-26.1796875
67	10.6666666666667	0	0.984737871867278	0	74.5270821414115	0	72.0967741935485	19.6451612903224
68	11	0	0.882167300301749	0	76.8235922066169	0	27.4230769230768	-57.5769230769231
69	9.55555555555555	0	0.921779096754005	0	76.9888856674246	0	91.3076923076919	-40.25
70	11.5555555555556	0	0.964393163991375	0	76.9997746520903	0	55.1451612903228	-15.1854838709679
71	10	0	0.943767505532278	0	77.2042733415019	0	-18.1875	-11.21875
72	12.4444444444444	0	0.979295384854368	0	77.3958751369332	0	62.5604838709676	25.3830645161288
73	12.4444444444444	0	0.924104658332161	0	76.8746819033178	0	81.5	47.645161290323
74	9.66666666666667	0	0.908980349817191	0	77.3577594291509	0	56.1730769230768	2.05288461538449
75	14.1111111111111	0	0.946405540940751	0	76.8006301458359	0	36.401515151515	-26.8409090909096
76	14	0	0.943176652642691	0	76.5719108888101	0	14.8557692307694	14.6826923076925
77	10	0	0.983570045077317	0	77.2250932450236	0	53.0384615384618	-10.903846153846
78	11.4444444444444	0	0.886601208914015	0	76.5624649387541	0	57.9134615384616	-8.33173076923119
79	11.5555555555556	0	0.92749825606709	0	74.1769933175972	0	43.3846153846152	9.8125
80	12.4444444444444	0	0.949290114449941	0	76.9597200546308	0	85.7862903225804	44.3588709677418
81	25.1111111111111	0	0.861307129613328	0	59.9101011259089	0	125.75	-16.75
82	10.4444444444444	0	0.837919657916359	0	76.7610454023915	0	55	-15.8571428571431
83	10.4444444444444	0	0.842518207697356	0	77.131401812563	0	67.625	35.8028846153847
84	44.4444444444444	36.5555555555556	0.493677737554573	0.465922152007637	56.9904588937801	25.9254230763299	119888.108870967	4062.52016129035
85	11.1111111111111	0	0.838922615996278	0	76.887322957332	0	124.76893939394	-12.2272727272732
86	9.33333333333333	0	0.809966436257566	0	76.1816795183443	0	6.29435483870974	21.9072580645159
87	13.5555555555556	0	0.971786805363941	0	75.5688484274145	0	-38.1774193548387	-43.173387096774
88	16.4444444444444	0	0.61290032056496	0	77.2320825164601	0	40.0643939393937	-9.75
89	9.55555555555555	0	0.974461993159893	0	76.7009255491122	0	78.721153846154	36.0817307692309
90	11	0	0.842507572223037	0	77.1615014540846	0	63.9556451612904	-13.6169354838713
91	9.11111111111111	0	0.918101219185106	0	76.7718082399185	0	56.8064516129029	50.104838709677
92	12.3333333333333	0	0.953533856675671	0	73.3431987560269	0	78.5	-77.85546875
93	9.66666666666667	0	0.955362020487416	0	77.0024023711284	0	27.625	-3.11538461538455
94	10.8888888888889	0	0.89457173123045	0	77.1703759496265	0	50.1778846153844	-13.6586538461539
95	13.7777777777778	0	0.915045103784184	0	77.1935948637932	0	75.24609375	3.24609375
96	13.6666666666667	0	0.921924211554525	0	77.0541948674012	0	43	12.6923076923079
97	10.2222222222222	0	0.91083861346006	0	77.1422425568573	0	60.1791666666663	-17.4833333333333
98	10.3333333333333	0	0.905871419689514	0	77.3373501069876	0	21.375	2.30769230769207
99	11.2222222222222	0	0.989716952374764	0	76.2516588321862	0	27.4615384615385	-1
100	9.66666666666667	0	0.965501724534846	0	77.3308435067994	0	34.0096153846152	10.0384615384613
101	8.55555555555555	0	0.885081895062825	0	76.6033261670245	0	9.3749999999999	-2.37500000000019
102	27.1111111111111	27.7777777777778	0.735493469425541	0.670695581637846	57.7912207326417	28.2391031147601	94773.3103448275	3200.14655172414
103	9.55555555555555	0	0.932836260916625	0	77.1533114593523	0	64.2016129032259	16.4919354838708
104	9.66666666666667	0	0.960925718332278	0	77.4219675485866	0	82.7661290322579	9.10483870967734
105	15.4444444444444	0	0.978978359976041	0	77.0949935789536	0	53.6693548387095	-32.9274193548388
106	10	0	0.957049520827944	0	77.2500305609407	0	-6.03846153846154	-7.03846153846133
107	10.4444444444444	0	0.881927055010226	0	77.1491060247394	0	41.1153846153845	25.6634615384615
108	14.1111111111111	0	0.945525487650509	0	77.0945493171623	0	42.384615384615	21.6153846153847
109	10.3333333333333	0	0.925857888969031	0	76.8575746026474	0	46.6290322580647	-9.00806451612876
110	12.3333333333333	0	0.928114491658115	0	76.3873523744938	0	43.0000000000002	-35.9999999999997
111	8.11111111111111	0	0.926353973103543	0	76.233569998836	0	14.616935483871	-26.6693548387099
112	9.33333333333333	0	0.945824206264321	0	77.3286291010313	0	29.8076923076925	24.653846153846
113	11.3333333333333	0	0.956017562110509	0	77.1400501425005	0	49.1682692307689	-8.1875
114	16.3333333333333	0	0.922635740039962	0	76.2298201077734	0	108.1796875	8.35546875
115	11.3333333333333	0	0.906870045221344	0	77.0473187814162	0	53.889423076923	1.42307692307706
116	10.2222222222222	0	0.886629200738336	0	77.0854332566752	0	78.0645161290321	36.5887096774191
117	10.7777777777778	0	0.873701129456469	0	76.5055969949042	0	58.0769230769231	44.6346153846157
118	10.5555555555556	0	0.850789932825613	0	77.1153016851112	0	-41.0282258064515	-71.2419354838711
119	11.7777777777778	0	0.880726009011046	0	76.5537503927884	0	57.4112903225808	-27.092741935484
120	9.66666666666667	0	0.960350879714199	0	77.0135932424619	0	31.1249999999999	20.625
121	9.88888888888889	0	0.961050670377744	0	76.9733534188166	0	67.4759615384613	12.2836538461541
122	11.2222222222222	0	0.933379126346357	0	75.443891720942	0	12.6826923076923	-65.5
123	12.8888888888889	0	0.870117371938094	0	70.7734213411115	0	100.662162162162	4.71621621621648
124	16.5555555555556	2.66666666666667	0.870442933325412	0.912870929175277	69.6997441079898	36.5903472201738	483.199999999998	266.466666666665
125	11.3333333333333	0	0.941213730761963	0	76.8561594488704	0	34.5201612903225	5.27016129032302
126	14.5555555555556	2.66666666666667	0.530834356727468	0.625807351133365	75.7560767416128	52.0881759907213	378.78	-0.799999999999557
127	11.2222222222222	1.66666666666667	0.938858875242585	0.871779788708134	58.5801265366757	53.6915774889619	134.724137931034	-33.655172413793
128	10.2222222222222	0	0.900553381179364	0	76.8760591244086	0	34.9951923076924	-7.27403846153856
129	12.6666666666667	0	0.856126332064865	0	77.2974241033492	0	38.6088709677418	-22.1854838709678
130	11.4444444444444	0	0.914897517749293	0	77.1169514498753	0	71.0666666666664	-22.9791666666664
131	11.2222222222222	0	0.960951429452229	0	76.777340258744	0	23.1129032258065	3.01612903225794
132	9.66666666666667	0	0.991003067876281	0	77.2232179359006	0	38.1923076923078	-23.0865384615383
133	10.2222222222222	0	0.840943815522212	0	75.8945822788325	0	-1.34615384615388	15.5192307692311
134	10.6666666666667	0	0.803257965076315	0	76.7661939385321	0	104.653225806451	-52.7258064516128
135	10.5555555555556	0	0.894994574358688	0	77.4060978664159	0	81.4285714285712	-46
136	8.66666666666667	0	0.915174529485562	0	77.4523279862141	0	24.3365384615385	-27.298076923077
137	17.6666666666667	17	0.529235004874845	0.60541385923433	70.4647043237573	44.4989675592111	91713.9396551727	3283.93965517239
138	16.1111111111111	16.7777777777778	0.548278081943693	0.604444763622437	69.8935036816537	43.9208511752917	90329.0708333334	3248.88333333334
139	15	0	0.957962630700457	0	76.0822808745165	0	98.4666666666667	-12.833333333333
140	10.1111111111111	0	0.957593154360249	0	77.0863952554449	0	17.108870967742	-12.9637096774193
141	10.4444444444444	0	0.884676837437339	0	77.0410923254965	0	86.53125	-25.7890625
142	9.66666666666667	0	0.870050606346959	0	77.1578496784311	0	88.4666666666671	11.1333333333332
143	11	0	0.857194121973578	0	77.0726651742995	0	15.9999999999997	-22.625
144	11.8888888888889	0	0.900106887888817	0	77.0906388007523	0	92.5846774193548	-27.487903225806
145	11.5555555555556	0	0.897061012411069	0	77.0035311569869	0	1.11057692307697	-4.09134615384569
146	9.66666666666667	0	0.919579560698091	0	77.0175433288711	0	90.140625	-5.546875
147	15.4444444444444	3	0.895032548762675	0.795457421743734	60.7811344806902	44.6833990200743	403.470588235293	497.742647058823
148	11.4444444444444	0	0.929002234664306	0	77.4985369301221	0	123.862903225807	10.9153225806449
149	13.4444444444444	0	0.956925052527448	0	76.4457104770469	0	21.9827586206898	-7.89655172413779
150	18.7777777777778	14.4444444444444	0.86155074727198	0.857644750831027	62.2587064929992	36.1666139239264	47172.6077586207	1708.98706896551
151	10.2222222222222	0	0.93205538270302	0	77.1250060378045	0	52.8653846153846	50.7403846153847
152	10	0	0.935761534185964	0	76.9466446980641	0	34.25	-16.8461538461539
153	9.88888888888889	0	0.925759605387006	0	77.0330887300234	0	-26.5161290322581	-49.7741935483873
154	56.3333333333333	2.22222222222222	0.708300642717399	0.790569415042095	70.2534688038348	50.2339627452197	711.487179487174	90.147435897437
155	17.6666666666667	0	0.957386983237414	0	70.5046190913175	0	101.645161290323	-13.7096774193551
156	12.8888888888889	0	0.93472475630257	0	76.277771464309	0	-13.71875	-29.15625
157	18.5555555555556	4.11111111111111	0.965997641720293	0.838339592399574	69.1583744369887	45.4680419891878	657.635416666665	326.541666666667
158	10.4444444444444	0	0.890077565201216	0	76.6222387641216	0	40.375	3.25
159	9.77777777777778	0	0.900129317640954	0	77.2899925874268	0	66.4615384615384	22.25
160	12.8888888888889	0	0.946422719361925	0	76.7504263286645	0	30.1346153846152	-16.2692307692307
161	8.88888888888889	0	0.952867307056371	0	75.632856271452	0	23.3828125	8.8671875
162	12	0	0.917115947606689	0	76.0248404506412	0	38.3958333333335	-29.5416666666663
163	9.66666666666667	0	0.968571670769246	0	77.2881986414214	0	29.3701923076924	-60.3461538461536
164	9.66666666666667	0	0.945937325420794	0	77.0819032482287	0	48.5625	-12.76953125
165	9.33333333333333	0	0.951641493440255	0	77.0636547098316	0	33.7734375	29.421875
166	10.4444444444444	0	0.911681703407709	0	72.7145530762857	0	50.7644230769229	-53.1009615384619
167	10.4444444444444	0	0.893941105225199	0	76.8499194056973	0	54.703125	18.171875
168	11.7777777777778	0	0.863179887260884	0	76.8984380234678	0	-17.3104838709676	6.85080645161256
169	10	0	0.941030703681296	0	77.3844518371975	0	105.546875	-51.953125
170	9.22222222222222	0	0.931404150621354	0	77.2226822221451	0	50.2954545454545	-21.7159090909093
171	9.55555555555555	0	0.918298072057124	0	76.8974988874491	0	97.2083333333332	-10.3333333333336
172	12.2222222222222	5.66666666666667	0.488753221342842	0.576991010931675	72.3033406179999	30.208996084045	663.250000000001	350.500000000001
173	9.22222222222222	0	0.911397550214249	0	77.3047823869573	0	37.2115384615388	9.31730769230745


