

Actual Temperature:	30.1



Actual Temperature:	30.0

Results

Well	A1	A2	A3	A4	A5	A6	A7	A8	A9	A10	A11	A12	B1	B2	B3	B4	B5	B6	B7	B8	B9	B10	B11	B12	C1	C2	C3	C4	C5	C6	C7	C8	C9	C10	C11	C12	D1	D2	D3	D4	D5	D6	D7	D8	D9	D10	D11	D12	E1	E2	E3	E4	E5	E6	E7	E8	E9	E10	E11	E12	F1	F2	F3	F4	F5	F6	F7	F8	F9	F10	F11	F12	G1	G2	G3	G4	G5	G6	G7	G8	G9	G10	G11	G12	H1	H2	H3	H4	H5	H6	H7	H8	H9	H10	H11	H12	
OD:630	0.098	0.097	0.088	0.089	0.088	0.088	0.088	0.088	0.088	0.088	0.087	0.088	0.991	0.088	0.090	0.087	0.089	0.088	0.088	0.088	0.088	0.087	0.087	0.089	0.602	0.087	0.093	0.087	0.087	0.088	0.088	0.089	0.087	0.086	0.086	0.086	0.494	0.088	0.088	0.089	0.090	0.088	0.087	0.087	0.088	0.086	0.086	0.086	1.192	0.086	0.087	0.088	0.089	0.089	0.089	0.088	0.088	0.087	0.087	0.088	0.507	0.086	0.086	0.087	0.088	0.089	0.088	0.087	0.088	0.088	0.087	0.088	0.478	0.088	0.087	0.088	0.088	0.088	0.088	0.087	0.087	0.090	0.088	0.087	0.505	0.094	0.091	0.088	0.088	0.090	0.087	0.087	0.087	0.089	0.094	0.088	
EGFP:479,520	13257	13294	13538	13531	13684	13299	13423	13267	13084	13230	13172	13613	429008	12949	13423	13729	13531	13217	13449	13059	13118	13065	13025	13125	310819	13011	13334	13685	13567	13428	13382	13315	13199	12998	12753	13030	235549	12880	13585	13482	13620	13619	13644	13328	13231	13048	12875	13121	487563	12925	13449	13430	13360	13551	13289	13229	13501	13063	12876	13187	213650	13163	13067	13182	13307	13315	13318	13129	13235	12859	12779	13224	206987	13050	13013	13242	13309	13244	12907	12843	12787	12713	12706	13282	186098	13169	13122	13155	13168	13010	12896	12978	12668	12931	13158	13866	
GFP/OD	135414	137052	153318	151353	156032	150612	152016	151105	148513	151027	151402	154693	432729	147483	149477	156903	152376	150193	152483	148061	148899	150172	149198	147971	516396	148697	143840	156400	155229	152245	152415	149944	152062	150440	147775	151160	476723	146530	153676	151824	150831	154061	156110	153195	151039	151369	149709	151863	408995	149422	154942	153311	149441	152773	149651	150501	154121	149977	147491	150537	421234	153058	151238	151692	151388	149775	150486	150217	150398	145959	147564	150787	432575	148803	149232	149796	150896	151015	147340	147961	146977	141570	144880	152491	368584	139502	144834	148981	149977	145039	147551	149172	146113	145784	140277	157747	

