

Actual Temperature:	30.1



Actual Temperature:	30.1

Results

Well	A1	A2	A3	A4	A5	A6	A7	A8	A9	A10	A11	A12	B1	B2	B3	B4	B5	B6	B7	B8	B9	B10	B11	B12	C1	C2	C3	C4	C5	C6	C7	C8	C9	C10	C11	C12	D1	D2	D3	D4	D5	D6	D7	D8	D9	D10	D11	D12	E1	E2	E3	E4	E5	E6	E7	E8	E9	E10	E11	E12	F1	F2	F3	F4	F5	F6	F7	F8	F9	F10	F11	F12	G1	G2	G3	G4	G5	G6	G7	G8	G9	G10	G11	G12	H1	H2	H3	H4	H5	H6	H7	H8	H9	H10	H11	H12	
OD:630	0.090	0.717	0.088	0.089	0.089	0.088	0.088	0.089	0.092	0.089	0.097	0.090	0.530	0.087	0.084	0.839	0.087	0.104	0.088	0.092	0.088	0.089	0.088	0.093	0.501	0.410	1.034	0.091	0.088	0.088	0.088	0.088	0.088	0.088	0.088	0.088	0.532	0.541	0.088	0.392	0.089	0.087	0.720	0.086	0.087	0.089	0.089	0.090	0.523	0.089	0.096	0.088	0.089	0.087	0.703	0.087	0.088	0.089	0.089	0.088	0.684	0.514	0.087	0.086	0.087	0.090	0.087	0.495	0.089	0.088	0.088	0.090	0.542	0.087	0.088	0.529	0.089	0.088	0.087	0.523	0.088	0.094	0.089	0.595	0.608	0.087	0.087	0.088	0.089	0.090	0.088	0.087	0.592	0.640	0.089	0.089	
EGFP:479,520	11892	150438	12256	12076	12046	11931	11956	11787	11736	11738	11674	11900	388751	11962	12052	117724	12073	11978	11960	11836	11576	11815	11608	11909	354891	405256	150572	12243	12155	12224	12036	11884	11823	11762	11684	11957	367628	601606	12072	321371	12489	12391	174809	12074	11981	11998	11860	11998	369632	11960	12161	12368	11883	12265	154701	12111	11871	11941	11731	11742	455561	556421	12182	12257	12121	12188	12187	304876	11945	11788	11951	11794	393054	12175	12185	742976	12340	12066	12138	385949	11876	11769	11870	463208	362392	12727	12457	12455	12233	12385	12224	12224	249263	141244	12140	12626	
GFP/OD	132280	209757	138643	135838	135959	136043	135096	132290	127704	131445	120599	131637	734046	137336	143135	140281	138611	115618	136374	129073	131396	133052	131461	128192	707659	988188	145593	134538	137968	138437	136773	135199	134505	133507	133379	135107	691030	1112231	137338	820033	139542	142918	242790	140232	136926	135418	132514	133608	706348	134382	126414	141187	132771	141628	220215	138570	135514	133419	131809	133584	665733	1081689	140184	141699	138526	135573	140242	615662	134819	133802	136116	130320	725594	140427	138940	1403165	138808	136339	139197	737529	135262	125069	133671	779156	595941	145952	143514	142018	137295	137764	138437	139703	421124	220625	136558	142506	

