

Actual Temperature:	30.1



Actual Temperature:	30.1

Results

Well	A1	A2	A3	A4	A5	A6	A7	A8	A9	A10	A11	A12	B1	B2	B3	B4	B5	B6	B7	B8	B9	B10	B11	B12	C1	C2	C3	C4	C5	C6	C7	C8	C9	C10	C11	C12	D1	D2	D3	D4	D5	D6	D7	D8	D9	D10	D11	D12	E1	E2	E3	E4	E5	E6	E7	E8	E9	E10	E11	E12	F1	F2	F3	F4	F5	F6	F7	F8	F9	F10	F11	F12	G1	G2	G3	G4	G5	G6	G7	G8	G9	G10	G11	G12	H1	H2	H3	H4	H5	H6	H7	H8	H9	H10	H11	H12	
OD:630	0.090	0.091	0.091	0.088	0.088	0.089	0.091	0.092	0.088	0.088	0.088	0.087	0.506	0.088	0.089	0.090	0.089	0.087	0.088	0.091	0.088	0.088	0.087	0.088	0.540	0.089	0.089	0.088	0.088	0.087	0.088	0.091	0.088	0.088	0.087	0.103	0.506	0.088	0.087	0.088	0.087	0.087	0.086	0.087	0.088	0.087	0.089	0.087	0.493	0.087	0.087	0.088	0.087	0.086	0.087	0.089	0.099	0.088	0.090	0.088	0.490	0.087	0.086	0.087	0.088	0.107	0.087	0.087	0.088	0.094	0.088	0.088	0.442	0.087	0.087	0.097	0.088	0.088	0.089	0.089	0.089	0.088	0.088	0.086	0.439	0.087	0.087	0.088	0.088	0.088	0.088	0.087	0.088	0.089	0.088	0.088	
EGFP:479,520	14559	14152	14142	13930	14016	13711	13730	13508	13576	13168	13325	13829	292504	13914	14057	13965	13840	13588	13586	13577	13404	13182	12995	13449	215447	13903	13879	13874	13852	13743	13545	13340	13452	12991	13040	13352	241775	13959	14017	13981	13810	13671	13694	13716	13221	13254	12838	13411	233925	14010	14071	14155	13833	13877	13502	13346	13287	13345	13126	13430	207943	13769	14002	14051	13931	13111	13583	13391	13702	13357	13124	13385	204080	13807	13792	13871	13904	13630	13423	13532	13291	13274	13052	13726	190309	14308	14431	13979	14017	13729	13403	13469	13268	13329	13435	13916	
GFP/OD	161587	155688	155407	159018	159454	154577	151211	146826	154273	149636	151938	158408	578528	157755	157237	155686	156208	155291	154562	148383	152145	149966	149025	153178	399050	156742	156119	158379	158128	157243	153571	146112	152690	148299	149713	129255	477911	158986	160930	159237	157829	157500	159418	158383	149390	152345	144409	153269	474397	160665	162483	160670	158635	160986	155553	149117	134620	151648	145199	153311	424460	158812	162060	161692	159030	122418	155768	153743	155882	142703	149136	151586	461615	158701	158347	143148	158540	154535	151501	151704	148835	151013	148487	158866	433210	164839	166064	158313	159829	155481	152654	154284	150260	149764	152670	158858	

