

Actual Temperature:	30.1



Actual Temperature:	30.1

Results

Well	A1	A2	A3	A4	A5	A6	A7	A8	A9	A10	A11	A12	B1	B2	B3	B4	B5	B6	B7	B8	B9	B10	B11	B12	C1	C2	C3	C4	C5	C6	C7	C8	C9	C10	C11	C12	D1	D2	D3	D4	D5	D6	D7	D8	D9	D10	D11	D12	E1	E2	E3	E4	E5	E6	E7	E8	E9	E10	E11	E12	F1	F2	F3	F4	F5	F6	F7	F8	F9	F10	F11	F12	G1	G2	G3	G4	G5	G6	G7	G8	G9	G10	G11	G12	H1	H2	H3	H4	H5	H6	H7	H8	H9	H10	H11	H12	
OD:630	0.102	0.103	0.106	0.101	0.104	0.103	0.107	0.100	0.099	0.090	0.088	0.089	0.597	0.109	0.109	0.113	0.107	0.103	0.106	0.101	0.101	0.123	0.107	0.090	0.494	0.108	0.105	0.103	0.101	0.105	0.106	0.104	0.104	0.111	0.114	0.087	0.537	0.109	0.105	0.109	0.106	0.110	0.113	0.101	0.102	0.110	0.126	0.089	0.861	0.118	0.110	0.118	0.103	0.109	0.105	0.107	0.102	0.100	0.116	0.087	0.530	0.110	0.111	0.104	0.108	0.106	0.098	0.098	0.097	0.099	0.102	0.089	0.499	0.110	0.114	0.119	0.110	0.150	0.100	0.102	0.102	0.096	0.095	0.087	0.533	0.109	0.106	0.113	0.111	0.109	0.106	0.102	0.090	0.088	0.088	0.088	
EGFP:479,520	11907	11752	12063	12036	12065	12177	11952	12079	11997	12073	12163	12342	388420	11812	11968	12095	12135	12235	12362	12135	11890	12053	12114	12045	304970	11795	12068	12213	12092	12237	12321	12253	12091	11913	12067	12345	322243	11958	12120	12170	12156	12446	12461	12328	12300	12214	12046	12268	672811	11999	12247	12342	12489	12358	12370	12364	12147	12056	12179	12186	371437	12240	12213	12444	12520	12448	12360	12552	12363	12314	12274	12338	308885	12044	12180	12223	12322	12299	12317	12207	12184	12298	12021	12470	308741	12360	12414	12460	12426	12612	12539	12520	12300	12221	12205	12469	
GFP/OD	116393	113656	113695	118815	115676	118109	111389	120911	121797	134743	138373	139143	650511	108766	109899	106941	112989	119018	116184	120387	117606	97595	113533	133389	617348	109517	115373	118343	119486	116211	116456	117931	115703	107228	106130	141734	600080	109706	115319	111447	114571	112838	110372	122059	120944	111036	95755	137073	781521	101600	111641	104682	121370	113168	117474	115876	119675	120199	104901	139269	700560	111475	110027	119081	116033	117323	125610	127561	127981	124636	119980	139255	618884	109094	106469	102974	112325	81721	123789	120148	118984	128372	127206	143829	579686	113812	117335	110756	111946	115706	118628	122986	135912	139033	139009	142016	

