

Actual Temperature:	30.1



Actual Temperature:	30.1

Results

Well	A1	A2	A3	A4	A5	A6	A7	A8	A9	A10	A11	A12	B1	B2	B3	B4	B5	B6	B7	B8	B9	B10	B11	B12	C1	C2	C3	C4	C5	C6	C7	C8	C9	C10	C11	C12	D1	D2	D3	D4	D5	D6	D7	D8	D9	D10	D11	D12	E1	E2	E3	E4	E5	E6	E7	E8	E9	E10	E11	E12	F1	F2	F3	F4	F5	F6	F7	F8	F9	F10	F11	F12	G1	G2	G3	G4	G5	G6	G7	G8	G9	G10	G11	G12	H1	H2	H3	H4	H5	H6	H7	H8	H9	H10	H11	H12	
OD:630	0.088	0.088	0.088	0.087	0.088	0.088	0.088	0.088	0.088	0.088	0.088	0.087	1.019	0.088	0.088	0.088	0.088	0.088	0.088	0.088	0.088	0.088	0.088	0.087	1.056	0.089	0.089	0.088	0.088	0.088	0.088	0.088	0.088	0.540	0.087	0.088	0.932	0.088	0.088	0.089	0.088	0.088	0.087	0.087	0.088	0.087	0.087	0.087	0.541	0.087	0.087	0.089	0.091	0.086	0.087	0.091	0.087	0.087	0.088	0.087	0.910	0.094	0.087	0.087	0.093	0.093	0.088	0.086	0.088	0.088	0.091	0.087	0.551	0.087	0.088	0.091	0.089	0.089	0.087	0.090	0.087	0.088	0.088	0.086	0.574	0.088	0.088	0.088	0.089	0.090	0.088	0.087	0.088	0.088	0.088	0.089	
EGFP:479,520	11705	12101	12931	13167	13172	13367	13437	13134	13134	12878	13056	12479	488012	11724	12586	12985	13186	13067	12969	13009	12780	13060	12684	12225	494959	11801	12754	13029	13334	13213	13209	12946	13248	296524	12650	12277	575859	12431	13030	13486	13396	13390	13474	13330	13326	13197	12844	12303	404621	12770	13104	13306	13103	13205	13307	13024	12919	12904	12937	12650	419063	13159	13205	13195	13082	13377	13135	13283	13234	12924	13014	12403	211914	12976	12912	12840	12773	12974	12887	12852	13005	12790	12715	12262	339549	13279	13323	12945	13174	13014	12986	13015	12924	13044	12878	12786	
GFP/OD	132860	137982	146444	151345	150365	152244	152867	148912	148575	145514	149041	142617	478866	132925	142860	147389	149841	148658	147208	147161	144570	147738	143647	141003	468711	133044	142982	147554	151695	149807	150444	147281	150034	549017	145402	139195	617874	140781	148405	152212	151538	152854	155052	153395	152123	151168	147125	141740	747499	146110	150275	149338	144465	153547	152428	142651	147815	147474	146844	144737	460256	140138	152307	151841	140214	143994	149772	153561	150216	146864	143326	142400	384250	149321	146894	140481	143195	145448	147280	142326	149483	145672	144983	141757	591858	151414	152089	146935	148523	144761	147736	149770	147366	148396	147009	143502	

