

Actual Temperature:	30.1



Actual Temperature:	30.0

Results

Well	A1	A2	A3	A4	A5	A6	A7	A8	A9	A10	A11	A12	B1	B2	B3	B4	B5	B6	B7	B8	B9	B10	B11	B12	C1	C2	C3	C4	C5	C6	C7	C8	C9	C10	C11	C12	D1	D2	D3	D4	D5	D6	D7	D8	D9	D10	D11	D12	E1	E2	E3	E4	E5	E6	E7	E8	E9	E10	E11	E12	F1	F2	F3	F4	F5	F6	F7	F8	F9	F10	F11	F12	G1	G2	G3	G4	G5	G6	G7	G8	G9	G10	G11	G12	H1	H2	H3	H4	H5	H6	H7	H8	H9	H10	H11	H12	
OD:630	0.087	0.088	0.089	0.087	0.088	0.088	0.088	0.092	0.088	0.088	0.088	0.089	0.595	0.089	0.089	0.088	0.088	0.087	0.088	0.088	0.089	0.099	0.088	0.088	0.536	0.089	0.090	0.090	0.088	0.088	0.088	0.087	0.089	0.678	0.087	0.087	0.584	0.089	0.088	0.088	0.089	0.087	0.087	0.086	0.088	0.087	0.087	0.094	0.531	0.087	0.087	0.088	0.088	0.088	0.089	0.087	0.090	0.088	0.088	0.091	0.635	0.087	0.086	0.088	0.088	0.088	0.091	0.086	0.087	0.087	0.088	0.089	0.541	0.088	0.087	0.090	0.094	0.094	0.090	0.087	0.088	0.087	0.087	0.087	0.533	0.087	0.088	0.088	0.090	0.090	0.089	0.089	0.087	0.088	0.087	0.088	
EGFP:479,520	13537	12910	12962	13091	12990	12762	12857	12581	12695	12825	12844	14077	422645	12857	12743	12768	12713	12715	12720	12478	12513	12375	12490	13435	254562	12728	12710	12756	12811	12774	12763	12579	12524	370575	12591	13345	364136	12838	12928	12733	12947	12809	12883	12890	12690	12745	12533	12907	329753	12963	13081	12945	12803	13122	12822	12848	12642	12701	12702	12977	505788	12909	12887	12797	12875	12567	12834	12822	12684	12700	12611	12737	315293	12665	12670	12717	12533	12513	12673	12406	12354	12555	12515	12938	317366	12944	12871	12757	12731	13045	12903	12774	12651	12682	12744	12883	
GFP/OD	154709	146871	145804	150818	147279	144530	145606	137048	143446	145243	146121	158525	710806	144786	142539	144762	144630	145814	145205	140994	139966	125253	142255	152152	475018	143011	140753	142207	144921	145490	144541	143760	140561	546490	145393	152514	623521	144247	146909	145023	146129	146724	148764	150408	144041	146494	144057	137895	620653	149171	150011	147102	145159	148607	143744	146834	140000	144658	145000	142292	796893	148209	149849	146084	146807	143295	141656	148747	145961	145143	143961	143273	582689	144578	145132	141773	133757	133259	140343	143091	139751	143650	143356	148032	594987	148440	146261	144310	141771	145106	145304	144176	145581	143787	145646	145735	

