

Actual Temperature:	30.1



Actual Temperature:	30.0

Results

Well	A1	A2	A3	A4	A5	A6	A7	A8	A9	A10	A11	A12	B1	B2	B3	B4	B5	B6	B7	B8	B9	B10	B11	B12	C1	C2	C3	C4	C5	C6	C7	C8	C9	C10	C11	C12	D1	D2	D3	D4	D5	D6	D7	D8	D9	D10	D11	D12	E1	E2	E3	E4	E5	E6	E7	E8	E9	E10	E11	E12	F1	F2	F3	F4	F5	F6	F7	F8	F9	F10	F11	F12	G1	G2	G3	G4	G5	G6	G7	G8	G9	G10	G11	G12	H1	H2	H3	H4	H5	H6	H7	H8	H9	H10	H11	H12	
OD:630	0.090	0.089	0.089	0.087	0.089	0.089	0.087	0.099	0.088	0.092	0.097	0.090	0.545	0.091	0.090	0.087	0.091	0.091	0.090	0.091	0.088	0.095	0.090	0.087	0.565	0.088	0.089	0.089	0.089	0.089	0.089	0.088	0.087	0.088	0.088	0.087	0.591	0.087	0.088	0.088	0.088	0.088	0.087	0.088	0.089	0.088	0.087	0.087	0.571	0.087	0.088	0.088	0.090	0.087	0.089	0.090	0.091	0.091	0.087	0.089	0.546	0.086	0.087	0.089	0.087	0.088	0.087	0.087	0.088	0.088	0.088	0.087	0.534	0.086	0.088	0.088	0.087	0.088	0.088	0.087	0.087	0.087	0.090	0.087	0.498	0.087	0.087	0.089	0.087	0.087	0.088	0.088	0.087	0.088	0.095	0.088	
EGFP:479,520	11602	11478	11234	11183	11108	10950	10944	10810	10709	10698	10683	10708	265524	11234	11148	11178	11079	10943	10990	10948	10788	10654	10607	10700	264934	11130	11076	11100	11203	11014	11017	11056	10697	10901	10676	10468	254445	11256	11202	11277	11069	11168	10977	10997	10884	10955	10634	10569	247375	11105	11292	11274	11011	11133	10959	11128	10910	10964	10820	10560	260374	11339	11180	11137	11295	11150	11140	10951	10932	10803	10636	10767	274435	11311	11198	11037	11051	10901	10856	10840	10787	10660	10404	10088	253093	11403	11241	11225	11084	11003	11053	10934	10691	10655	10407	10589	
GFP/OD	129342	129257	126083	127806	124529	123311	125074	109746	121832	115779	109794	118846	487289	123451	123455	128631	121614	120121	122656	119912	122313	111677	118382	123557	468744	126334	124589	124161	125454	123892	124205	125351	122672	123734	121595	120046	430242	128787	127295	127568	125073	127343	126172	125393	122430	124914	121810	121204	433459	127644	128464	128552	122073	127672	123135	123507	119496	121015	124368	118785	476788	131238	128211	125558	129530	126274	127752	125729	123805	122344	121139	123192	514308	131066	127540	125136	127169	123175	123084	124455	123846	121968	115216	115423	507913	130918	129207	126408	126964	125749	125745	124391	123026	121217	109432	119785	

