

Actual Temperature:	30.1



Actual Temperature:	30.1

Results

Well	A1	A2	A3	A4	A5	A6	A7	A8	A9	A10	A11	A12	B1	B2	B3	B4	B5	B6	B7	B8	B9	B10	B11	B12	C1	C2	C3	C4	C5	C6	C7	C8	C9	C10	C11	C12	D1	D2	D3	D4	D5	D6	D7	D8	D9	D10	D11	D12	E1	E2	E3	E4	E5	E6	E7	E8	E9	E10	E11	E12	F1	F2	F3	F4	F5	F6	F7	F8	F9	F10	F11	F12	G1	G2	G3	G4	G5	G6	G7	G8	G9	G10	G11	G12	H1	H2	H3	H4	H5	H6	H7	H8	H9	H10	H11	H12	
OD:630	0.091	0.557	0.558	0.501	0.492	0.477	0.492	0.473	0.477	0.399	0.359	0.438	0.589	0.550	0.592	0.588	0.485	0.612	0.540	0.602	0.528	0.460	0.449	0.418	0.553	0.549	0.516	0.524	0.598	0.509	0.562	0.530	0.584	0.552	0.468	0.274	0.546	0.484	0.491	0.529	0.573	0.530	0.511	0.469	0.530	0.512	0.444	0.219	0.470	0.514	0.515	0.552	0.634	0.513	0.631	0.472	0.573	0.388	0.482	0.455	0.455	0.477	0.405	0.526	0.490	0.534	0.494	0.445	0.425	0.423	0.473	0.389	0.497	0.464	0.438	0.474	0.466	0.476	0.480	0.442	0.456	0.422	0.511	0.273	0.526	0.280	0.545	0.509	0.537	0.531	0.316	0.292	0.216	0.336	0.398	0.500	
EGFP:479,520	12721	396401	362707	290863	283986	302655	319189	309201	312407	186365	184271	232024	381362	357882	420690	380307	352800	371292	398137	386354	296662	297459	270941	217022	339727	312561	314695	309326	324053	331439	391353	314374	379325	342705	310565	132149	313866	302812	272870	305810	319712	317190	349338	294644	296815	286824	283376	113391	278411	309173	307028	377371	335570	337724	351011	279320	321161	287656	284947	176343	289807	341064	270660	301881	308221	307818	320147	275410	258452	264817	294440	162477	330801	343080	256786	274974	307217	307040	292712	266835	284889	275170	288112	149540	262520	249356	419289	378259	378021	361713	209816	182508	105736	141638	166255	247395	
GFP/OD	139638	711671	649431	580565	576973	633965	648626	653978	654393	466963	513576	530219	647034	650104	711226	647001	727273	607182	737154	642104	561647	646369	603432	519191	613890	568913	609756	589979	542257	651541	695862	593606	650086	620842	663742	482296	574741	624999	555291	577763	557767	597908	683101	627837	559500	559984	638954	518715	592112	601153	595593	683272	529624	658845	556101	591529	560295	740999	591054	387567	636799	714719	668296	574027	629279	576546	647940	619456	608409	625897	622100	417250	665194	738760	586671	580481	659405	645042	609944	603836	624757	652371	564262	547766	498803	891512	769196	742995	703819	681064	664395	623959	489066	421542	417307	495186	

