G:\pBGT-AMNIS\190517\AMP2\pBGT-AMP+SB\data\C02_14.daf
All

Object Number	Area_M01	Area_M02	Aspect Ratio_M01	Aspect Ratio_M02	Gradient RMS_M01_Ch01	Gradient RMS_M02_Ch02	Intensity_MC_Ch02	Intensity_MC_Ch04
0	8.44444444444444	0	0.950092603352218	0	77.2495557517579	0	7.5652173913043	-14.4130434782607
1	12.5555555555556	15.7777777777778	0.633244425877808	0.708460538467803	74.4553264128873	35.6579035169031	11739.7862903226	486.649193548385
2	16	0	0.992999539875152	0	76.4536523188109	0	23.9903846153844	-40.9615384615382
3	11.3333333333333	3.11111111111111	0.989418166576702	0.794188881695641	72.13090304744	51.7901454064416	174.109375	106.296874999999
4	11.4444444444444	0	0.973720073828508	0	77.235108009082	0	6.08695652173911	-0.891304347825781
5	9.11111111111111	0	0.95194643932109	0	77.3316816409651	0	27.2499999999999	-17.9375000000002
6	19.5555555555556	15.3333333333333	0.535723479093947	0.507695630879053	71.5327639720886	42.0259420197056	46082.8706896553	1513.05172413793
7	12	0	0.959862122533128	0	77.2209561299179	0	64.7782258064512	35.9717741935482
8	8.88888888888889	0	0.896707718553248	0	77.1821761408973	0	105.25	-22.2499999999998
9	9.66666666666667	0	0.933799119458797	0	77.1683075430231	0	109.951923076923	40.3701923076926
10	18.3333333333333	19.3333333333333	0.875336143782456	0.923274744936664	64.9079387022667	30.0936530906051	14722.5	454.189655172415
11	14.1111111111111	0	0.980945296881109	0	75.631330244287	0	61.3225806451612	-52.0322580645163
12	12.8888888888889	0	0.939775110181468	0	77.2459620024378	0	-40.4134615384615	-38.1442307692312
13	15.7777777777778	15.8888888888889	0.691161025361123	0.696395848020612	65.0338599228375	38.9566595114901	58093.8605769232	2015.3076923077
14	10.8888888888889	0	0.955742469616073	0	77.2982690009001	0	-0.524038461538352	26.8461538461536
15	11.2222222222222	0	0.857677290560218	0	77.0908982539606	0	64.2115384615386	8.73076923076941
16	12	0	0.981695681665571	0	77.0558827724668	0	57.5652173913041	25.2282608695652
17	29.5555555555556	41.1111111111111	0.940947080752841	0.86069092132643	54.7068313346004	20.4239083331906	40337.2499999998	1382.12500000001
18	8.44444444444444	0	0.89580694083154	0	77.0381629724068	0	7.72222222222221	3.33333333333338
19	11.3333333333333	0	0.977883640644388	0	77.2083137868027	0	28.1538461538462	2.61538461538476
20	10.5555555555556	0	0.947698807870185	0	77.2339785737897	0	64.0769230769231	38
21	8.44444444444444	0	0.896838686012502	0	76.0945604870184	0	49.9677419354838	39.3225806451613
22	8.77777777777778	0	0.845759551768427	0	76.4614854777908	0	57.375	-19.57421875
23	17.2222222222222	14.7777777777778	0.903666851116105	0.962892024991531	67.2765363626747	35.2532777439429	28727.9482758619	965.793103448279
24	10.3333333333333	0	0.886946587032651	0	76.0232263254522	0	47.8515625	25.10546875
25	10.4444444444444	0	0.87638491645781	0	77.0282599096164	0	103.19	64.4950000000001
26	16.3333333333333	0	0.894344365424224	0	72.4596044263319	0	55.3897058823531	-17.5441176470589
27	8.33333333333333	0	0.935058226156482	0	77.3036945066725	0	29.5322580645162	4.62903225806488
28	11.5555555555556	0	0.845972603714468	0	77.2136182145122	0	70.1774193548388	27.1532258064515
29	8.55555555555555	0	0.905027053584109	0	76.5917195339881	0	51.66796875	-39.67578125
30	16.8888888888889	1	0.871968941888093	1	67.1032044559923	61.0685894930278	259.270833333334	91.8958333333341
31	11.4444444444444	0	0.953959626541003	0	77.1344881494175	0	67.5384615384616	14.0432692307692
32	9.11111111111111	2.66666666666667	0.952312276481566	0.912870929175276	77.2827663035775	77.3256312304683	36.971153846154	11.6442307692306
33	14.3333333333333	0	0.940203900021497	0	76.850371560633	0	90.4596774193546	51.1653225806448
34	8.77777777777778	0	0.943567948415044	0	77.1412713944318	0	32.5078125	-31.44921875
35	10.4444444444444	0	0.899487631784919	0	77.2957220828986	0	57.4596774193549	20.842741935484
36	8.77777777777778	0	0.93611431424799	0	77.1682081082202	0	-8.93269230769226	6.16826923076881
37	10.2222222222222	0	0.943148354421481	0	76.5941026261581	0	89.4999999999998	-11.9999999999998
38	10.6666666666667	0	0.931903129453235	0	76.7274061495279	0	54.8951612903226	-13.4032258064517
39	10.5555555555556	0	0.888383913416976	0	76.7274603180366	0	48.7903225806451	-4.24193548387082
40	10.1111111111111	0	0.903461035599502	0	77.0155439292281	0	43.346153846154	-9.73076923076903
41	21.6666666666667	0	0.454558582768084	0	75.2116429647372	0	183.708333333335	55.1875
42	10.4444444444444	0	0.806903291035832	0	77.3753392003134	0	51.860576923077	-0.423076923076824
43	12.1111111111111	0	0.85482946332398	0	65.57944698151	0	136.19	-26.5099999999997
44	9.11111111111111	0	0.909305154901036	0	77.3176549949991	0	9.75999999999998	-6.10000000000016
45	23.6666666666667	18.6666666666667	0.482229590201361	0.51498485227274	70.2158621976079	37.8706529957497	45063.8306451611	1739.54032258065
46	20.3333333333333	23.4444444444444	0.93345187231382	0.880697708187988	56.2608021941034	27.4590666424712	36825.3548387099	1315.96774193549
47	19.7777777777778	0	0.899657373329261	0	74.8626078804562	0	172.826923076922	50.6153846153841
48	11.5555555555556	0	0.951645576444331	0	76.8618788236352	0	67.421875	-8.828125
49	37.1111111111111	24.3333333333333	0.55111636584011	0.564468671935114	63.9677583599604	28.2465924717319	26653.1328125	1011.1171875
50	9.77777777777778	0	0.940189807777014	0	77.1400410828601	0	8.625	-7.3125
51	11.2222222222222	0	0.859268560229294	0	75.3054521029031	0	102.421875	-8.5859375
52	11.2222222222222	0	0.952287128195966	0	76.1013629492344	0	56.4193548387098	40.1370967741938
53	17.5555555555556	0	0.932326368683294	0	76.0333190606752	0	31.153846153846	7.98076923076914
54	11.4444444444444	0	0.85126655258122	0	77.1203817158452	0	34.4134615384615	3.88942307692294
55	9.88888888888889	0	0.986421175803357	0	77.1077855114938	0	-37.6634615384617	1.74038461538449
56	16.6666666666667	19.1111111111111	0.96365136303805	0.917027502021544	63.4575066017488	34.9143901808799	85273.43359375	3062.234375
57	12.6666666666667	15.4444444444444	0.717902258288239	0.805478925146184	68.2556848345289	44.7788588113415	74533.6590909093	2739.80681818183
58	15.5555555555556	8.11111111111111	0.960143199871078	0.765703910292078	66.1596880617226	31.9340194976423	903.111111111109	50.472222222222
59	24.7777777777778	34.5555555555556	0.891139701323509	0.938769405287023	55.3123343050633	25.0804654861855	44893.666666667	1560.39393939394
60	10.6666666666667	0	0.911406281883655	0	76.9503918121739	0	31.76171875	-8.57421875
61	10.4444444444444	0	0.924893332861059	0	77.1327563398982	0	45.7419354838711	25.4354838709678
62	11.1111111111111	0	0.886320862532037	0	76.8615677285046	0	44.1854838709676	1.3387096774189
63	9.11111111111111	3.11111111111111	0.883109168251303	0.782884623301228	77.4557523758357	77.4200972262628	41.3317307692309	55.0096153846155
64	14.1111111111111	0	0.934964917936167	0	76.9325205758949	0	18.6971153846155	-30.730769230769
65	8.11111111111111	0	0.957479523219155	0	76.6885126030874	0	23.0865384615387	-2.26923076923046
66	19.3333333333333	28.5555555555556	0.475456537413441	0.672837639987348	63.3234164706837	32.3182674802237	149206.153409091	5329.38068181818
67	14.3333333333333	17.7777777777778	0.551416510773933	0.659022840468599	68.1865639595481	45.2882933446128	100811.356617647	3618.94852941176
68	26.5555555555556	18.5555555555556	0.559873610985983	0.570697477949883	73.2845254825313	37.4450057841694	25320.7904411766	789.886029411769
69	14.6666666666667	0	0.975097214658358	0	76.6191103495016	0	68.0089285714288	15.5491071428567
70	11.2222222222222	0	0.892318624133609	0	77.1691875330359	0	46.9032258064517	-4.83870967741915
71	10.3333333333333	0	0.974734172284155	0	77.2068635368519	0	30.9596774193548	-8.61290322580625
72	13.6666666666667	0	0.929343760451294	0	77.1272751487707	0	-19	42.3846153846157
73	13.6666666666667	0	0.886043238493172	0	77.2662010443719	0	23.758064516129	-11.7782258064515
74	9.88888888888889	0	0.913739715727883	0	77.1166725016539	0	34.92578125	25.83984375
75	11.5555555555556	0	0.891227086404801	0	77.1755838919052	0	77.5192307692305	15.7019230769232
76	10.8888888888889	0	0.932652312219356	0	77.3375570213667	0	19.2890625	-30.328125
77	12.7777777777778	0	0.919700359037197	0	76.9829215422898	0	17.90625	33.8854166666669
78	12.8888888888889	0	0.910414741603041	0	77.0071928192971	0	44.1796875	-15.21875
79	13	0	0.983400592643215	0	76.8578651216534	0	1.29166666666658	-42.0166666666671
80	9.11111111111111	0	0.954762379763311	0	77.0431094571255	0	-12.0000000000001	5.00000000000013
81	11.1111111111111	0	0.830528077608335	0	77.2439494181066	0	79.0403225806453	28.6048387096775
82	8	0	0.917493450737152	0	77.4070288248757	0	6.82692307692309	-18.1346153846155
83	11.5555555555556	0	0.93022162617992	0	77.2886701388692	0	3.37499999999992	-8.87499999999982
84	10.7777777777778	0	0.851935968229644	0	76.906159110531	0	67.9663461538463	-1.9375
85	21.5555555555556	17.6666666666667	0.451203777168295	0.446755751788511	72.4288495315955	40.953452782618	69679.5919117646	2335.01102941175
86	15.7777777777778	1.66666666666667	0.847640283683742	0.871779788708135	60.3383320450626	47.3586632719705	39.6818181818182	12.2272727272729
87	10.7777777777778	3.44444444444444	0.893247173380588	0.966359431705103	77.2365011808138	75.3934938684568	46.466346153846	-48.75
88	11.2222222222222	0	0.919622496137078	0	76.4080620533834	0	50.532258064516	25.2822580645159
89	9.55555555555555	0	0.861950634982423	0	75.37116180616	0	59.59375	-33.2890625
90	12	0	0.98753042704702	0	77.1447744360447	0	27.8387096774195	12.9758064516131
91	12.1111111111111	0	0.957983035451412	0	76.5493590591372	0	8.83653846153856	-28.3846153846158
92	11	0	0.958620667840913	0	77.0189509267918	0	67.00390625	47.5703125
93	12.4444444444444	0	0.88869246366639	0	76.9703392038435	0	1.9097222222222	-25.2847222222221
94	31.6666666666667	26	0.478486736441624	0.516193242901846	70.1012106196281	38.0490226363922	132260.62109375	4613.0546875
95	9.77777777777778	0	0.904082116112031	0	77.1162050406744	0	102.78125	-16.75
96	10.4444444444444	2.88888888888889	0.948292444040351	0.839047078536121	76.5177829478492	74.2487121822733	97.2163461538463	-41.3317307692308
97	9.55555555555555	0	0.944771190107464	0	77.1623249372709	0	17.84375	-0.703125
98	12.5555555555556	0	0.997873794462178	0	76.8955371147698	0	-38.8611111111112	-41.3055555555551
99	17.2222222222222	19.3333333333333	0.841429229101423	0.967131336129617	65.4851904787088	31.5763167429549	29322.4423076925	1007.78365384616
100	14	13.7777777777778	0.682780708327079	0.762659532294066	65.6667933356851	41.3976982941778	69878.1538461538	2508.74038461538
101	14.2222222222222	0	0.968228313369224	0	76.104546764703	0	53.796875	-48.75
102	9	0	0.928675575987275	0	74.9973076198582	0	-46.875	-29.8749999999997
103	14.3333333333333	17.8888888888889	0.622692005934397	0.776200072778908	65.5951612680408	43.0298895468527	107325.666666666	3780.5
104	14.3333333333333	0	0.958031943719905	0	76.5930184897992	0	1.68548387096763	7.35483870967774
105	10	0	0.886450804806514	0	76.7953172501927	0	11.971153846154	8.07211538461559
106	12.4444444444444	0	0.948318877928465	0	77.2269855297763	0	55.0913461538464	31.4278846153848
107	9.22222222222222	2.55555555555556	0.95578495062271	0.991683847303198	77.2989496244004	77.8695291936263	39.8400000000001	14.2799999999998
108	11.7777777777778	0	0.949250219032877	0	77.1061658176619	0	100.266129032258	16.5483870967739
109	11.2222222222222	0	0.842335933266503	0	76.8953627979533	0	58.4903846153844	5.93269230769211
110	13.3333333333333	0	0.964687954447893	0	77.1871507431535	0	23.875	-51.34375
111	8.22222222222222	0	0.88456683344842	0	77.1790604511567	0	75.6730769230772	-40.5576923076924
112	10.8888888888889	0	0.857748590508579	0	77.1989672315784	0	35.4230769230768	-10.5769230769232
113	11.5555555555556	0	0.953389944310165	0	77.2229257194965	0	90.8346774193546	-5.69354838709662
114	18.4444444444444	0	0.837866116702265	0	78.1827280741035	0	268.15	105.125000000001
115	11.7777777777778	0	0.932684845518653	0	77.1219134696921	0	9.87500000000001	-58.5000000000002
116	10.1111111111111	0	0.966647806270145	0	76.6847560631212	0	80.4516129032259	-58
117	8.88888888888889	2.66666666666667	0.910291202908443	0.912870929175276	77.3815564583884	77.7296706038545	42.6666666666665	-35.0833333333332
118	10.1111111111111	0	0.927067555231974	0	77.2585661926065	0	78.8984375	-16.77734375
119	9.33333333333333	0	0.956186624032567	0	77.3373886036046	0	14.5000000000001	-55.5
120	16.8888888888889	3.88888888888889	0.833176262129153	0.630340496938694	62.5252257869592	38.5817510017136	480.17361111111	92.1875
121	13.5555555555556	0	0.917248534406145	0	76.7809295001936	0	10.1451612903226	-16.8548387096776
122	9.33333333333333	0	0.920554249946217	0	76.6781074611697	0	127.03515625	-20.3984375
123	9.66666666666667	0	0.922950416806125	0	77.1162151527882	0	24.5887096774192	-0.403225806451957
124	43.8888888888889	40.2222222222222	0.530747345297191	0.554753225522942	55.7713229621929	24.485317668693	153960.357142856	5432.5
125	15.8888888888889	10.4444444444444	0.701078877162409	0.665035878357916	72.2281457434527	39.6953504790699	2739.625	118.034722222222
126	13.3333333333333	0	0.963807366609293	0	76.8987209991809	0	-22.2500000000001	-8.64062499999984
127	10.6666666666667	0	0.855711070721818	0	76.8702108519253	0	88.5576923076921	13.3846153846155
128	12.3333333333333	0	0.96565096117129	0	77.1346262328277	0	66.860576923077	21.514423076923
129	10.5555555555556	0	0.924623690162533	0	77.0038342259272	0	-22.6111111111111	-30.9652777777777
130	8.66666666666667	0	0.888849020153037	0	76.8208615835969	0	30.140625	49.234375
131	11	0	0.882374105677265	0	76.9724981642737	0	42.5	25.2596153846152
132	11.5555555555556	0	0.922978446316191	0	77.1402060003972	0	33.25	22.5625
133	8.44444444444444	0	0.967772592458117	0	77.3240051237351	0	61.78125	-28.71875
134	10	0	0.9063121995247	0	77.0494965314895	0	35.9354838709677	0.548387096774235
135	13.2222222222222	0	0.983752989884093	0	76.9515833054296	0	-9.8467741935483	11.3830645161291
136	13	0	0.965187254017761	0	74.0824883510546	0	27.8225806451613	-24.5887096774196
137	9.22222222222222	0	0.843125906467964	0	75.3705609731215	0	65.9838709677417	73.1774193548385
138	14.4444444444444	0	0.953669233004465	0	76.6000063900417	0	4.25000000000011	51.7500000000003
139	8.44444444444444	0	0.89038411472404	0	76.8510928132503	0	13.4677419354838	-12.2419354838709
140	10.1111111111111	0	0.878626762517906	0	76.9173558683845	0	46.83203125	23.4453125
141	19	0	0.849201811356672	0	71.9562408602799	0	1.63709677419336	-63.1935483870972
142	9	0	0.854153594417268	0	77.4521670612566	0	43.9722222222221	-35.284722222222
143	9.77777777777778	2.55555555555556	0.920175491838068	0.85392009402839	77.2889009467974	76.5181237929397	29.3333333333334	41.6666666666664
144	12.4444444444444	0	0.928477085393488	0	76.6777027791501	0	53.1077586206896	-14.0043103448278
145	16.6666666666667	0	0.960953140470663	0	76.0265091412551	0	-93.5432692307691	-59.0528846153844
146	9	0	0.874757042511771	0	77.2443126484846	0	83.234375	-9.03125
147	10.4444444444444	0	0.899059971742678	0	76.8608981948008	0	171.64423076923	59.1009615384613
148	11.6666666666667	0	0.980222226004427	0	77.0232893828023	0	87.875	21.5967741935484
149	14.6666666666667	0	0.937783232041751	0	76.6784599128262	0	61.7019230769232	7.04326923076943
150	8.44444444444444	0	0.972560095857071	0	77.3105810700442	0	110.272727272727	-6.2727272727272
151	21.3333333333333	2	0.919570174042654	0.720472273270412	69.2556832176463	55.9969948102251	457.875	110.278846153846
152	8.11111111111111	0	0.954806509196893	0	77.3082574964784	0	53.7916666666668	22.8333333333331
153	8.77777777777778	0	0.958687632003321	0	75.8658556638169	0	75.6153846153848	-28.3461538461538
154	13.5555555555556	0	0.945928197086804	0	76.8591250521685	0	26.528846153846	19.0961538461543
155	10.3333333333333	0	0.891858109458875	0	77.053722802006	0	24.01953125	7.72265625
156	9.77777777777778	0	0.927658779355445	0	77.2998154654663	0	-12.09375	-77.34375
157	9.88888888888889	0	0.866669659056432	0	77.2661482022238	0	50.3749999999998	1.43749999999974
158	11.1111111111111	0	0.928405932501467	0	77.0092452999865	0	57.709677419355	33.9677419354839
159	8.77777777777778	0	0.960668890144078	0	75.8009908990031	0	63.3365384615386	-12.5144230769233
160	12.1111111111111	7.55555555555555	0.671159602483121	0.631148559016281	73.8965900170452	46.9814631950213	13675.6294642857	433.732142857143
161	21.5555555555556	21.7777777777778	0.920857962278653	0.871298189101133	56.8357068599172	26.1629322373317	7468.2596153846	280.269230769231
162	10.2222222222222	0	0.938421265622398	0	76.7981243767862	0	51.533333333333	10.8666666666668
163	24.1111111111111	23.3333333333333	0.389261400847877	0.43046537845476	72.7699437333795	42.2233767690677	75720.4112903225	2643.85887096774
164	11.1111111111111	0	0.930680935555979	0	76.8634022106123	0	33.3369565217392	40.7880434782607
165	10.5555555555556	0	0.970840668156038	0	76.7191843517719	0	35.75	4.00000000000021
166	19.3333333333333	25.7777777777778	0.588290155920917	0.716871004954574	72.9104531953569	27.3750286099249	59069.5673076921	2084.11538461538
167	12	0	0.887537966010062	0	76.2992086206993	0	93.716346153846	-43.1826923076924
168	9.77777777777778	0	0.885470915351941	0	77.2685769454492	0	-13.5817307692308	-42.6538461538458
169	10.8888888888889	0	0.847736029295256	0	76.4892447333805	0	39.4086538461542	7.84134615384604
170	9	0	0.864657349400231	0	77.1855862433676	0	63.7692307692308	-2.65384615384627
171	12.8888888888889	0	0.84851930883013	0	75.4636576840016	0	56.2333333333334	-13
172	13.1111111111111	0	0.88612523505023	0	76.1458490729569	0	5.0161290322581	5.91935483870978
173	12.8888888888889	0	0.91041474160304	0	77.1559691807295	0	45.1750000000002	1.85000000000003
174	11.6666666666667	5.44444444444444	0.858188945689541	0.866243139484926	67.4073978113189	50.7918668862622	1454.8	58.1600000000003
175	9	0	0.96968642117222	0	76.5315467146645	0	88.2727272727271	-8.56818181818163
176	11.2222222222222	0	0.954521432073937	0	76.697786069674	0	16.9402173913043	2.65760869565189
177	10.7777777777778	0	0.869608033589645	0	76.9810463835758	0	6.5000000000001	40.2499999999999
178	8.44444444444444	0	0.93562836252894	0	76.0660600521594	0	85.2884615384618	20.673076923077
179	8.33333333333333	0	0.856517510516145	0	77.1995150837481	0	26.25	11.125
180	13	16.6666666666667	0.946423965597578	0.94445443709272	64.7661690512383	40.8268473420864	85645.75390625	2988.671875
181	11.3333333333333	0	0.936191495847719	0	76.4273478937371	0	-3.05769230769227	-53.875
182	12.6666666666667	0	0.895837847660956	0	77.1676761825903	0	16.4166666666666	20.8333333333334
183	8.66666666666667	0	0.927509011965384	0	77.2370781802175	0	34.2916666666667	11.2916666666665
184	8.55555555555555	0	0.934138314152675	0	75.6701884792113	0	28.7799999999999	36.9599999999999
185	11.7777777777778	0	0.487013601333107	0	77.2310712528425	0	10.953125	-2.125
186	11.4444444444444	0	0.847091750259277	0	76.4311393746697	0	-47.7989130434782	-19.5217391304347
187	14.3333333333333	0	0.840265319609915	0	75.8903865883261	0	42.7620967741938	14.2580645161289
188	13.4444444444444	0	0.8880574468572	0	74.4431929840515	0	143.095588235294	69.2830882352944
189	10.1111111111111	0	0.880961357565001	0	77.2478561935823	0	86.4999999999996	0.500000000000085
190	10.4444444444444	0	0.881098751027376	0	76.7637031484327	0	-8.83653846153848	9.97596153846144
191	10	0	0.904181331741227	0	77.1531520872932	0	47.0480769230768	12.2211538461539
192	13.8888888888889	17.1111111111111	0.613067195964241	0.740114472176277	74.4519299789897	33.8513192812013	42301.2083333335	1512.11858974358
193	22.5555555555556	13.7777777777778	0.743611204451129	0.64129191629995	66.0384264696601	34.5506661416314	5556.34722222225	232.333333333332
194	19.3333333333333	12.7777777777778	0.772980322505518	0.761033359266594	64.3587492106442	36.924624475264	28264.5050000001	1008.41
195	12.2222222222222	0	0.908676958366196	0	75.8839996823037	0	-34.4673913043477	-59.7771739130432
196	10.7777777777778	0	0.899723993568079	0	77.2480387817656	0	44.9140625	8.18359375
197	9.33333333333333	0	0.914537897965876	0	77.1229398206283	0	3.3359375	2.51953125
198	12.2222222222222	0	0.936181901797544	0	76.6354103763298	0	47.4200000000003	50.375
199	19.7777777777778	5.77777777777778	0.617232933056295	0.585123994695115	73.8757637869626	45.4504227469789	705.953125	37.6458333333338
200	25.6666666666667	21.4444444444444	0.776276113336439	0.780534835405049	59.2491486964866	27.7875648438098	38229.9615384616	1389.32692307693
201	23.6666666666667	19.7777777777778	0.779274290293989	0.766462318251505	61.2293716621693	28.9289813072949	14924.25	554.230769230769
202	11.2222222222222	0	0.835488160442085	0	77.0659557257248	0	27.7740384615384	-11.1730769230767
203	9.55555555555555	0	0.957551026579877	0	77.2158541346738	0	17.1129032258064	4.29838709677443
204	18.6666666666667	14.6666666666667	0.946854125883206	0.840429907203914	60.8592927055117	33.605625776866	23220.4137931034	804.646551724135
205	26.6666666666667	5.44444444444444	0.905272997802413	0.82059715510674	59.9140374683239	29.3665885895478	629.722972972976	291.594594594596
206	27.6666666666667	15.2222222222222	0.656694278806146	0.54269587529678	64.6763938262668	29.6347914986469	1652.36666666667	134.75
207	9.44444444444444	0	0.948909714152659	0	76.8702512867784	0	14.4471153846153	-38.4134615384616
208	11.8888888888889	0	0.92515334447612	0	77.0018250774274	0	45.1442307692307	55.5288461538459
209	8.88888888888889	0	0.855854307948099	0	76.2564947507939	0	43.4099999999998	-5.96999999999986
210	11.2222222222222	0	0.925187647550079	0	77.0249530975581	0	56.3846153846153	-6.84615384615358
211	9.88888888888889	0	0.972307573163711	0	64.3422916217967	0	27.8125	-9.70192307692336
212	9.33333333333333	0	0.938965627750398	0	77.268836741809	0	57.1388888888888	-7.48611111111101
213	9.55555555555555	0	0.828368737323519	0	77.3822656589045	0	-11.59375	-12.0208333333332
214	9	0	0.884234189790426	0	76.063868113228	0	-3.40277777777774	-35.7638888888891
215	10.1111111111111	0	0.888455825797642	0	77.6091048791343	0	-23.0048076923078	-23.307692307692
216	8.77777777777778	0	0.678019829899044	0	79.8751261154774	0	51.6666666666666	51.416666666667
217	12.3333333333333	0	0.910263103530695	0	76.1821663660069	0	68.1778846153848	-46.4615384615387
218	9.44444444444444	0	0.908267141545059	0	77.2194523408603	0	29.921875	29.921875
219	12.6666666666667	0	0.875723215250067	0	76.7454501528177	0	21.9999999999999	-19.4374999999998
220	11.2222222222222	0	0.967322627496099	0	77.0091743887266	0	11.1442307692306	-37.0384615384611
221	29.4444444444444	42.1111111111111	0.924331188873223	0.852782923452563	54.5534206455731	20.6844298706313	50389.5303030308	1806.29545454544
222	13.5555555555556	0	0.963211910633652	0	76.8492988151599	0	-43.8260869565217	-33.3478260869564
223	11.4444444444444	0	0.846232680809669	0	77.2766348616961	0	3.27777777777783	34.0277777777778
224	11.4444444444444	0	0.886483860715491	0	75.8960639643711	0	97.758064516129	16.1733870967742
225	12	0	0.931134906157933	0	76.5441568741656	0	19.5322580645161	8.38709677419337
226	9.11111111111111	0	0.909828434546824	0	77.2409508133403	0	22.5	-10.3333333333333
227	11.2222222222222	0	0.913969874847448	0	76.8992007339835	0	-10.4395161290323	-0.959677419354698
228	9.11111111111111	0	0.972627834544288	0	77.3027286528423	0	38.2187499999999	-12.3750000000001
229	31.6666666666667	18.8888888888889	0.551780340952039	0.526408921580988	65.3067552404856	33.6861672631406	63634.5673076919	2141.05769230769
230	9.11111111111111	0	0.849260920166558	0	77.515934804561	0	30.3958333333333	1.32638888888907
231	10.1111111111111	0	0.889491056435446	0	77.3444534081846	0	42.28125	57.8828125
232	9.22222222222222	0	0.960298757988809	0	76.623956873622	0	25.1249999999999	27.25
233	11.6666666666667	0	0.881452086106148	0	76.5763440700822	0	88.5625000000001	-12.9374999999996
234	10.7777777777778	0	0.982745802735671	0	76.8745508415267	0	62.5673076923081	-11.1875
235	14.6666666666667	11.5555555555556	0.675142347566313	0.722528313464281	68.1720852999364	44.7692081787399	41133.3076923078	1511
236	9.66666666666667	0	0.95213100196985	0	76.9456705289173	0	78.3557692307689	41.25
237	9.22222222222222	0	0.678131022793746	0	78.7639570147418	0	9.73611111111114	-32.4583333333331
238	15.8888888888889	18	0.422127709828877	0.69771458004661	57.6403289057714	29.7451879429621	48660.3461538457	1733.8028846154
239	12.6666666666667	12	0.870038564268044	0.755526142649922	62.1576874826142	36.0015199567985	22401.4807692307	772.028846153848
240	10.8888888888889	0	0.788455549583918	0	75.9895685624909	0	-5.21153846153833	-25.7788461538467
241	15.5555555555556	13.7777777777778	0.739411372683296	0.616751928965581	66.8008335770584	39.9527195073685	39599.7500000002	1396.75000000001
242	28.6666666666667	25.2222222222222	0.736784506870633	0.708462611256526	58.168362504853	26.4041810706207	73537.4637096772	2515.99193548387
243	12	6.33333333333333	0.666088092742132	0.545677291963674	76.259176751282	44.4174872053592	908.46875	26.359375
244	13.7777777777778	1.33333333333333	0.977889051474639	0.730296743340221	76.3467943094993	58.200584933706	56.331730769231	44.6586538461537
245	22.3333333333333	31.2222222222222	0.918818327708316	0.933382817165393	58.7601088352881	25.3803201044131	32736.43359375	1001.44140625
246	10.3333333333333	0	0.945017051382042	0	77.026115978283	0	85.3951612903225	42.4435483870965
247	12.4444444444444	17.2222222222222	0.851922228735519	0.862583894825069	62.0756055078725	43.4682390979712	107347.950757576	4099.97348484848
248	12.5555555555556	0	0.970363204491085	0	73.361895128637	0	90.6022727272723	-36.6022727272729
249	15.5555555555556	20.3333333333333	0.524408571779144	0.669095683621305	68.6748873205296	44.0932418407624	111702.68382353	3972.55514705883
250	15.2222222222222	15	0.645715238781347	0.67453192253288	68.1213477090807	43.4157856800986	58725.285714286	2126.33928571429
251	12.3333333333333	12.8888888888889	0.858900132083895	0.968441904203573	70.3543956756194	44.1267413827027	37283.9999999999	1331.8125
252	34.5555555555556	42.2222222222222	0.974560056331865	0.861029153398275	57.8933085927091	21.8818695858384	51092.375	1763.95833333332
253	16.6666666666667	14.6666666666667	0.486391081711129	0.567800927930842	72.3644345100162	43.6832406826553	43095.2500000001	1565.62500000001
254	15.7777777777778	4.44444444444444	0.896530940176628	0.716929575742784	66.9258062046413	51.4756099750951	501.097222222224	8.83333333333367
255	19.8888888888889	26.2222222222222	0.882738752412909	0.885973486002584	60.8849240501332	25.6466978080202	32019.9848484849	1230.09469696969
256	39.1111111111111	53.8888888888889	0.785346369973327	0.760749893362558	57.2420899551924	18.752373637606	67836.2941176471	2352.76470588238
257	21.4444444444444	0	0.661021935400984	0	65.5599028810107	0	120.08203125	18.9609375
258	17.2222222222222	15.6666666666667	0.538013984969961	0.578186788821761	72.9897460748458	42.9841314746037	53303.8629032257	1850.39516129032
259	8.44444444444444	0	0.888396070005537	0	76.6363068739329	0	12.7932692307691	-45.100961538462
260	20	8.66666666666667	0.832956100788711	0.787234083970988	63.4254429917663	33.2217629900923	1560.78645833333	104.098958333334
261	13	14	0.594942721378944	0.643693997554632	70.9248120512637	43.7010949230513	51178.5999999998	1830.675
262	16.4444444444444	3.55555555555556	0.472239403323549	0.984628888271641	66.0787840932875	52.0673951434018	556.666666666669	65.9444444444443
263	38.8888888888889	35.2222222222222	0.711839626818269	0.682216465198072	59.3541397034997	25.5479778561259	102387.411764706	3631.47058823531
264	14.8888888888889	0	0.908177112126417	0	67.7334677075677	0	16.367424242424	9.48106060606091
265	11	0	0.866732717325843	0	76.8889336850401	0	55.82421875	-15.51171875
266	10.5555555555556	0	0.95616612310386	0	76.8661380605234	0	19.4038461538462	16.3653846153845
267	14.6666666666667	18.1111111111111	0.66918975758726	0.702394650341682	63.4307406149114	40.4833324800076	100269.82421875	3665.68359375
268	21	20.5555555555556	0.447894968393743	0.519736643804116	70.6422488502979	43.6120145742581	80500.15625	2865.15625
269	10.1111111111111	0	0.851881347931383	0	77.1261123499017	0	40.1854838709679	-21.193548387097
270	13	0	0.979315667521341	0	76.6663255166129	0	78.3125	29.985576923077
271	12.5555555555556	0	0.9205552042163	0	76.7895776347405	0	51.5703125	-3.59375
272	23.6666666666667	18	0.799935380928281	0.766869481209126	62.1207168813931	32.1860404827888	36171.8318965518	1266.04310344827
273	39	28.1111111111111	0.414217326109451	0.389473813660018	67.0940475529542	35.4314179876155	93025.4677419361	3212
274	17.6666666666667	15.5555555555556	0.636107632108324	0.611386805996772	66.4226994047159	36.6667769086919	44574	1558.20370370371
275	17.2222222222222	6.88888888888889	0.838406081812048	0.864962321634167	66.9896212173606	33.8158957535237	868.307692307694	-11.6730769230767
276	8.22222222222222	0	0.867702637778945	0	77.4217438004143	0	55.8846153846153	-2.76923076923038
277	12.6666666666667	0	0.91220150937011	0	77.0207596357271	0	25.9615384615385	-18.3846153846158
278	31.2222222222222	24.8888888888889	0.424652029711425	0.361884823021427	74.4657397766389	40.4815028845065	45706.6776315792	1664.86842105261
279	9.33333333333333	0	0.955249385874114	0	77.1845725727377	0	33.6250000000001	-16.875
280	10.7777777777778	0	0.881542305771242	0	77.2218844614719	0	80.0625	8.70703125
281	9.66666666666667	0	0.92623726790616	0	76.7995386272656	0	59.4326923076922	-39.375
282	14.5555555555556	0	0.985129466986991	0	75.1405488141946	0	0.717741935483886	-4.07258064516132
283	8.88888888888889	0	0.893559806592439	0	76.8892961296613	0	6.1666666666666	-67.8333333333332
284	34.7777777777778	20.8888888888889	0.517394903832577	0.486187435215824	66.2995875767827	33.5278021780993	28430.3275862071	1040.12068965517
285	13.1111111111111	0	0.919352098558778	0	75.1830870259654	0	26.4663461538463	-23.9903846153848
286	12	7.55555555555555	0.737675843889356	0.768171236680001	72.8385357198897	45.522417182607	3468.50000000001	161.5
287	26.6666666666667	28.2222222222222	0.745247734702714	0.717215493435025	55.9347332787814	26.0839921943911	66063.6875	2340.4375
288	12	4.11111111111111	0.519991941923422	0.874407449263834	76.7068189350111	57.4698541002191	1758.77777777778	80.3333333333326
289	10.7777777777778	0	0.85597447973662	0	77.2340541786571	0	-11.1346153846154	-17.447115384615
290	8.77777777777778	0	0.888038286244122	0	76.4709197653308	0	28.328125	-24.16015625
291	14.6666666666667	0	0.974985467087252	0	76.8415197463676	0	22.815	-13.875
292	11.1111111111111	0	0.930173461302844	0	77.1877866031578	0	95.1553030303027	-38.0795454545451
293	25	25.2222222222222	0.775530707786455	0.744123409324487	55.0428572361562	26.0157819484924	57966.6060606061	2034.59090909089
294	17.1111111111111	18.3333333333333	0.513231097214118	0.661142336745642	70.548675958298	39.3113060285054	71749.8	2486.99999999999
295	13.6666666666667	1	0.824017250818413	1	72.9985510747251	58.9266253457652	230.125	36.9374999999997
296	15.8888888888889	3.77777777777778	0.895843809736862	0.996017507076946	64.2169681882355	39.901277853876	535.520833333334	-25.119791666667
297	30.4444444444444	32.4444444444444	0.897997932261843	0.814819578780443	56.0266835764369	22.1790707977976	40253.3173076925	1512.89423076922
298	12.6666666666667	13.2222222222222	0.548476900344475	0.704884348743629	71.4479129033861	41.2253117559399	29391.2758620689	1095.44827586207
299	14.2222222222222	16	0.672700359747904	0.850989717904331	60.5891715567352	40.4324652288235	85684.0241935486	3095.98790322582
300	13.7777777777778	0	0.9654575090041	0	76.558669750452	0	55.4374999999997	-1.125
301	10	0	0.980754848813554	0	77.1863851371216	0	32.8749999999998	-40.4999999999998
302	20.7777777777778	16.4444444444444	0.789688088328478	0.799386884580843	63.354683987852	32.3542189383135	13841.15625	545.859375
303	9.66666666666667	0	0.927776416834074	0	76.7703624359694	0	-16.6847826086957	5.75543478260858
304	8.44444444444444	0	0.900550063809478	0	76.2646139417846	0	45.125	-39.9423076923079
305	9.77777777777778	0	0.921464826531979	0	77.1937014568488	0	23.2379032258064	19.8104838709676
306	13.7777777777778	0	0.965003397828767	0	77.0588279723013	0	38.258064516129	-8.35483870967758
307	15	0	0.966334509032095	0	76.8818843043503	0	-28.668269230769	-32.2259615384611
308	15.5555555555556	18.7777777777778	0.688417369563892	0.868499012223285	73.8466612131309	30.1591969697792	64159.6636904761	2351.72619047621
309	14.3333333333333	6.77777777777778	0.862717443469969	0.791440828273216	66.1383703566237	38.4873568589074	1009.41666666667	61.527777777778
310	9.33333333333333	0	0.888971034247515	0	77.2296040010632	0	76	-26.375
311	12.6666666666667	0	0.926439606528102	0	76.6541006219352	0	25.8359375	0.03515625
312	55	0	0.421613717839929	0	62.7086297801487	0	142.644230769232	-110.682692307694
313	11.2222222222222	0	0.918786920865786	0	76.8755277467528	0	57.4921875	-17.8671875
314	15.8888888888889	9.44444444444444	0.797140475784734	0.738436462225209	67.9138285526284	41.0285081645968	22375.25	747.5
315	11	0	0.972713129066227	0	76.6904884720767	0	46.43359375	-23.23828125
316	19.4444444444444	21.3333333333333	0.781714613327577	0.785330383024514	62.6828707858318	37.8993865928806	146138.073529412	5378.82352941174
317	8.66666666666667	0	0.905715103927607	0	77.2635499567733	0	8.17361111111107	71.5763888888888
318	14	0	0.984056994274215	0	76.8722220148972	0	48.8951612903228	-15.1411290322583
319	13.1111111111111	15	0.537443990658566	0.635179800519762	73.1898042761685	37.8803847762588	39508.457142857	1393.67142857143
320	17.1111111111111	15.8888888888889	0.9788383194413	0.972316505909567	64.6760502566902	29.2594381710071	5173.875	164.083333333334
321	10.7777777777778	0	0.943144025227008	0	76.9035422141766	0	26	-3
322	18.5555555555556	22.3333333333333	0.48520984502359	0.708540612575742	75.3262526490912	28.7639292058865	45831.6315789478	1700.78947368421
323	13.4444444444444	13.4444444444444	0.820042098551694	0.810490204790787	67.4327933214463	42.4973691313932	49138.3125	1702.19230769231
324	31.8888888888889	19.6666666666667	0.695509244907275	0.61195088486019	64.1110970894607	29.3255846551654	5981.68269230772	263.884615384615
325	17.3333333333333	17.2222222222222	0.623389476924223	0.727523215515761	66.4436608965078	40.5420951337188	96052.7941176468	3278.13235294116
326	10.7777777777778	0	0.847712206299403	0	77.2319685815674	0	38.153846153846	-6.46153846153857
327	23.8888888888889	1	0.53076472643788	1	69.9336555919162	65.8657898325465	115.326923076923	17.8653846153847
328	11.4444444444444	0	0.89335350305925	0	77.0936088821996	0	-0.449999999999921	5.1999999999998
329	19.4444444444444	10.4444444444444	0.427014238772744	0.396932451779476	76.8871822831172	38.0785735214716	1874.4423076923	108.442307692309
330	12	0	0.874511698672625	0	76.5807274291098	0	0.100806451612895	28.9717741935487
331	7.33333333333333	0	0.97003387687955	0	76.3167483050083	0	22.421875	10.859375
332	17.8888888888889	10	0.892819743925734	0.879503894396722	67.594650358343	36.5039365389275	2148.75	123.666666666668
333	9.11111111111111	0	0.854844095222825	0	77.0700315778423	0	28.3076923076922	-6.69230769230759
334	10.2222222222222	0	0.838559125242859	0	77.1977679400853	0	68.3269230769232	59.6057692307696
335	9.77777777777778	0	0.896220821522738	0	76.8269399404291	0	30.50390625	8.8046875
336	16.8888888888889	18.5555555555556	0.789120582005635	0.849452504339837	57.0272943984365	31.2048158621723	63557.9112903225	2338.09677419355
337	8.22222222222222	0	0.984437033773158	0	76.2613596484969	0	67.2596153846155	-9.75480769230776
338	9.44444444444444	0	0.888642264440329	0	77.3529426501558	0	17.3365384615383	11.8269230769235
339	12.1111111111111	13.7777777777778	0.57438312830095	0.619827653293911	73.580659130254	43.9273534675995	36121.125	1259.25
340	10.4444444444444	0	0.843364071244496	0	76.896587425273	0	1.49999999999995	-0.499999999999574
341	11.7777777777778	0	0.891313345099379	0	76.56649795049	0	22.9375	47.9519230769228
342	13.3333333333333	0	0.943639532058423	0	76.9043975278141	0	-19.984375	-20.35546875
343	20.8888888888889	4.33333333333333	0.63376606965579	0.304889531876123	71.5748239692791	54.9298425525449	1807	230.666666666665
344	20.5555555555556	38.1111111111111	0.792458834791916	0.963207688197105	57.4598970220714	25.7126730304375	32989.4375	1160.5078125
345	11.1111111111111	0	0.875987420867053	0	77.1868395027671	0	109.544117647059	33.2352941176471
346	13.4444444444444	16	0.704033313412372	0.779267197699533	65.8992734932735	44.2804367494533	88426.375	3202.08333333334
347	20.3333333333333	4.88888888888889	0.517572056643035	0.936171507959552	57.7818360855535	41.266809230584	837.423076923081	41.3557692307691
348	15.5555555555556	19.4444444444444	0.525446438582237	0.688885390229557	56.421395260089	43.7235777370065	104092.878676471	3804.14338235296
349	16.6666666666667	8.66666666666667	0.486362671695306	0.41984709360332	76.9587376796414	42.879051943647	2014.9375	146.677083333332
350	13.4444444444444	0	0.645082192039398	0	75.4615593990276	0	38.375	50.2361111111109
351	12.1111111111111	0	0.632611426899983	0	74.3947353741626	0	51.5887096774193	-39.3790322580645
352	11.4444444444444	0	0.624068079230589	0	72.3957755679695	0	40.9519230769233	-21.3076923076927
353	15.7777777777778	10.7777777777778	0.577177077622139	0.804029738513033	59.8016185441823	36.990692684755	37604.7600000003	1400.36


