G:\pBGT-AMNIS\190517\AMP2\pBGT-AMP+SB\data\D01_11.daf
All

Object Number	Area_M01	Area_M02	Aspect Ratio_M01	Aspect Ratio_M02	Gradient RMS_M01_Ch01	Gradient RMS_M02_Ch02	Intensity_MC_Ch02	Intensity_MC_Ch04
0	23.2222222222222	26	0.922439503045539	0.860579444731735	57.434733661189	25.6397677032135	22246.9475806451	758.842741935487
1	13.3333333333333	0	0.919999628647762	0	77.124128413239	0	38.0483870967742	28.5806451612899
2	9.88888888888889	0	0.952845503217312	0	77.0831311503948	0	117.33984375	89.65234375
3	18.7777777777778	19.4444444444444	0.531338363547156	0.590425148260434	66.5206917842781	40.8588931535101	121102.3203125	4432.12109375
4	10.7777777777778	0	0.877437971826207	0	77.0499101987463	0	25.8942307692307	-33.5192307692306
5	25.4444444444444	23.3333333333333	0.755466755875155	0.75626871721082	59.8776485044798	28.9998889715803	67956.4500000001	2391.06428571428
6	9.55555555555555	0	0.917424524586072	0	77.1924211959493	0	115.58064516129	45.1290322580644
7	9.88888888888889	0	0.803416503673975	0	76.5228353926883	0	92.9044117647056	-7.45588235294065
8	13.6666666666667	0	0.953486572175378	0	76.8399018806944	0	-22.1442307692308	-23.1538461538458
9	13.3333333333333	0	0.884063139841413	0	75.5301432255851	0	-1.05078125	33.265625
10	14.8888888888889	14.4444444444444	0.599381884504654	0.750396227400918	71.5442374016776	37.604334231003	43978.95	1612.25
11	8.44444444444444	0	0.945827857557178	0	75.7851949128517	0	56.96875	16.87890625
12	23.2222222222222	21.2222222222222	0.855366614191855	0.822670755880025	56.099696507225	29.3441200747035	81095.578125	2699.125
13	10.4444444444444	0	0.948739890705202	0	77.2290545336213	0	86.23046875	30.79296875
14	12.2222222222222	0	0.91087390546213	0	76.736238609506	0	38.71484375	33.4453125
15	11	0	0.93656241297223	0	75.7287562320119	0	66.5528846153849	4.53846153846114
16	19.6666666666667	13.5555555555556	0.796879291181285	0.756905725768686	65.2438954069335	37.2107872757986	32672.3379629629	1137.58796296297
17	9.44444444444444	0	0.896831595587119	0	77.3962719211244	0	47.1136363636365	12.2954545454545
18	44.6666666666667	25.2222222222222	0.444533939807732	0.433992193364511	58.8907350068613	28.3599241317233	8857.13942307683	415.947115384621
19	11.2222222222222	9.66666666666667	0.754076596747537	0.786950514431274	69.9618947363916	46.7270332292427	27578.301724138	1051.62068965517
20	12.6666666666667	8.22222222222222	0.678652705661369	0.729092663582117	72.3462762949498	44.4567169790238	2673.15217391304	45.3804347826088
21	14.8888888888889	12.3333333333333	0.701780418395597	0.743389529488112	69.7180625597593	43.0772670431897	40117.6465517241	1411.1422413793
22	10.1111111111111	0	0.905650889789783	0	77.1629619515848	0	26.625	-13.40625
23	8.44444444444444	0	0.87540934385208	0	76.508158970703	0	70.2608695652176	13.4347826086955
24	12.3333333333333	0	0.833208694853803	0	76.6315231399893	0	95.8125	12.03515625
25	24.7777777777778	40.3333333333333	0.894188484063134	0.911622168540617	58.8061572357939	23.0076711493746	53537.4007352935	1984.08823529411
26	12	0	0.908832005045355	0	76.4186460287918	0	32.5	-8.22983870967753
27	14.6666666666667	8.44444444444444	0.761207792012517	0.704117852596792	72.23548724471	40.7880134067061	2127.78999999999	38.2600000000003
28	25.1111111111111	28.5555555555556	0.931046481076661	0.859668333863923	55.8435205488472	23.5832015855648	15123.32421875	555.80859375
29	13.1111111111111	0	0.906144689083304	0	77.224687733427	0	30.92578125	-24.75390625
30	12.3333333333333	11.7777777777778	0.628326583031424	0.656515862071438	72.5828543368325	43.46567499906	24981.3830645162	930.967741935481
31	16.4444444444444	19.2222222222222	0.580379427448272	0.699424433062875	62.9899391675212	35.7371990076719	60688.0182926832	2158.21341463414
32	38	23.2222222222222	0.472034371682788	0.375185487201362	70.1215778015588	30.670803042626	4734.88461538464	276.403846153849
33	8.33333333333333	0	0.962699423489119	0	75.9570885154883	0	67.3104838709681	4.88306451612875
34	10.7777777777778	0	0.94898843800807	0	76.9906950979965	0	92.7884615384613	16.1586538461537
35	10.5555555555556	0	0.832358723291528	0	77.1450925763528	0	60.1153846153845	-25.3846153846155
36	23.5555555555556	17.3333333333333	0.783489136482216	0.76440300707566	60.7220547869645	31.3024631882674	29337.1699999999	1094.71
37	15	7.22222222222222	0.977327397642537	0.946058459261572	67.7792218960314	48.5537152317547	3214.04	135.76
38	14.4444444444444	13.3333333333333	0.570864562913106	0.630029432870218	74.4878598006691	43.8367079418992	32867.43359375	1235.45703125
39	8.66666666666667	0	0.94874517546157	0	76.1537775627992	0	48.4921875	-18.609375
40	9.44444444444444	0	0.938210681406237	0	77.1517843373204	0	31.5887096774195	-14.1129032258062
41	9.66666666666667	0	0.964003408813078	0	77.0172381652855	0	63.8413461538463	2.03846153846157
42	12.3333333333333	0	0.968312047954623	0	76.1992232656208	0	83.1015625	-12.96875
43	19.8888888888889	5	0.665683253217261	1	66.2026158435149	50.0197843033651	2173.34615384616	121.115384615384
44	17.1111111111111	13.5555555555556	0.542686349620486	0.546515172650914	73.6573244399141	43.5750399636253	27107.9838709678	883.362903225803
45	30.6666666666667	20.4444444444444	0.657091196392893	0.583030822260322	63.4335084233782	31.6131111597022	43573.5681818177	1508.90909090908
46	25.7777777777778	26.2222222222222	0.906765140693119	0.837601559244039	56.323487885278	27.8411080257156	74056.4838709675	2568.70967741935
47	10.5555555555556	0	0.845333139106544	0	77.240065466078	0	56.0322580645161	-38.7419354838712
48	10.4444444444444	0	0.946163506605919	0	77.3855629999674	0	40.9375000000001	-45.3124999999999
49	11.8888888888889	0	0.965479033028216	0	76.5681129799725	0	79.1041666666668	-8.44444444444424
50	13.6666666666667	0	0.902151377815212	0	77.0747452120749	0	60.0166666666669	-27.1999999999999
51	19.3333333333333	34.1111111111111	0.857438350250877	0.936514834579917	59.7274185483867	25.1544349653226	28218.328125	1128.8359375
52	17.3333333333333	13.4444444444444	0.659582940017931	0.63678136241321	70.5067901814451	40.7243340820227	29725.875	983.999999999999
53	18	8.66666666666667	0.975057161210369	0.905715103927607	65.4851056281339	30.6538694193736	1577.328125	180.734375000001
54	10.2222222222222	0	0.785404916108087	0	76.5380862995347	0	93.1451612903222	5.18548387096764
55	9.55555555555555	0	0.990051103893753	0	77.3860461304113	0	57.8709677419354	33.7741935483869
56	20.7777777777778	33.6666666666667	0.882473586822792	0.94409708263045	61.8271009015825	24.0161693640889	35342.0403225806	1243.89112903226
57	9.88888888888889	2.77777777777778	0.941219542203868	1	77.0294928290097	72.4939937038745	139.307692307692	-26.3846153846152
58	8.55555555555555	0	0.925639392215117	0	76.3590645486709	0	71.8629032258062	4.04838709677402
59	9.33333333333333	0	0.939584424072642	0	76.979462786289	0	27.5322580645161	9.56451612903204
60	26.5555555555556	13.4444444444444	0.529728100375422	0.425948409279541	72.6062583790353	38.9332502161351	4310.90999999999	172.014999999999
61	10.3333333333333	0	0.893090279232539	0	77.2159075325918	0	8.69230769230765	-13.3846153846152
62	28.6666666666667	25.1111111111111	0.849695721778252	0.773716097916539	57.6728058893845	26.8698927470539	37854.1612903229	1309.93548387096
63	13.5555555555556	16.1111111111111	0.517755803610756	0.643829975188766	67.1336667596596	37.7924024009078	52319.375	1890.9342105263
64	13.1111111111111	0	0.956983993613507	0	76.9120193787671	0	3.75	20.0096153846149
65	23.2222222222222	29.2222222222222	0.579853448802653	0.711324779712646	61.8902956516231	37.3387866194954	252145.673076922	10539.3846153845
66	10.2222222222222	0	0.896814158908247	0	76.569256657881	0	47.8951612903225	2.57661290322586
67	15	0	0.950376743621417	0	76.8973093787415	0	36.1077586206898	37.2801724137929
68	8.77777777777778	0	0.94021246762951	0	77.2988092463057	0	34.3888888888887	66.0555555555558
69	19.3333333333333	0	0.893936730715048	0	71.6436495954649	0	48.8588709677418	-67.2862903225805
70	21.5555555555556	1.33333333333333	0.949096849424539	0.730296743340221	62.7543918609174	40.8879750944311	311.239583333334	222.416666666668
71	9.88888888888889	0	0.962829793916512	0	77.1023386497373	0	76.418269230769	-0.0625
72	17	13	0.746574776213338	0.772575440799003	68.5497642482167	43.6913857921171	46066.2016129032	1642.72983870967
73	9.77777777777778	0	0.955316348693307	0	77.3910715866312	0	66.03515625	-1.15234375
74	12.7777777777778	0	0.900863063633809	0	75.8518299227543	0	41.36328125	-8.63671875
75	11.5555555555556	0	0.976498069006564	0	76.9722281453403	0	64.7692307692308	16.423076923077
76	34	31.2222222222222	0.664123498485243	0.672921150160258	58.4544101647838	24.1596963999617	54307.3076923076	1818.30769230768
77	11.3333333333333	0	0.698960692835343	0	77.0696896217971	0	62.0961538461534	2.44230769230747
78	12.1111111111111	0	0.861533103266641	0	76.3012113628289	0	43.2361111111112	7.19444444444488
79	8.88888888888889	0	0.950529464728843	0	77.1419463922127	0	75.0769230769234	-14.2884615384617
80	8.11111111111111	0	0.930085772226778	0	77.269190732603	0	34.6484375	8.46875
81	8.55555555555555	2.44444444444444	0.950821880548743	0.933729639952455	76.4495033123215	75.076409376206	104.786290322581	-17.5443548387095
82	17.6666666666667	27.4444444444444	0.588439540288539	0.774938691036873	59.6375177021646	35.6967676547967	268962.645348836	12359.2587209303
83	16.7777777777778	12.6666666666667	0.643144656440547	0.591717510486385	72.8196603949974	42.8527702516672	30802.1958333332	1006.76666666667
84	12.2222222222222	0	0.976066446364178	0	76.9519707830075	0	116.495192307692	38.4615384615382
85	10.2222222222222	0	0.943435661971198	0	77.2367201408558	0	-14.08203125	14.234375
86	11.3333333333333	0	0.946593371375704	0	76.6922220295451	0	73.7903225806451	-6.14516129032269
87	9.44444444444444	0	0.966957900620492	0	76.842109609546	0	62.88671875	-30.5234375
88	11	0	0.827389391817068	0	76.9933921543961	0	-11.451923076923	-8.95192307692304
89	11.5555555555556	0	0.962034984706209	0	77.4079300489477	0	19.6394230769231	8.94230769230786
90	10	0	0.907429479038879	0	77.3007439881083	0	12.640625	-32.4765625
91	11.4444444444444	0	0.898088011590875	0	76.7964310745261	0	29.9919354838711	-29.2379032258063
92	26	0	0.494902251058235	0	63.7728492245323	0	26.0799999999996	-27.3800000000001
93	10.5555555555556	0	0.864892357704695	0	74.7907822806303	0	63.3173076923076	6.52884615384663
94	8.22222222222222	0	0.907758827080387	0	75.7196419597532	0	-9.62980769230776	33.4615384615388
95	10.8888888888889	0	0.91484104466019	0	76.4846938884134	0	19.8269230769232	-6.38942307692322
96	9.55555555555555	0	0.900435017074557	0	76.4283804734936	0	66.609375	52.875
97	20.4444444444444	21.4444444444444	0.502353996302991	0.598925716223614	73.4385182611069	33.5976399468315	39140.048780488	1339.26829268293
98	11	0	0.872879099839715	0	77.0099679733916	0	123.108333333333	-1.91666666666698
99	10.1111111111111	0	0.889890459562838	0	77.0007819084526	0	54.4545454545455	25.7992424242427
100	12.5555555555556	0	0.964340345067443	0	76.8371286207692	0	45.4615384615385	35.5769230769229
101	10.4444444444444	0	0.94429425295748	0	77.091641365208	0	108.387096774194	-2.74193548387117
102	8.66666666666667	0	0.897437816064155	0	76.3467971270955	0	85.5750000000002	-0.75
103	9.77777777777778	0	0.988079850975867	0	77.1689752928994	0	-35.8548387096774	-34.9717741935485
104	10.1111111111111	0	0.865272397615763	0	77.0742413674279	0	61.23828125	25.1953125
105	9.66666666666667	0	0.918161113888279	0	76.9975096081206	0	68.0241935483868	19.4717741935483
106	8.55555555555555	0	0.928932928517986	0	76.8245287129497	0	94.0234375	59.05859375
107	8.77777777777778	0	0.858536790666738	0	77.2199755702871	0	23.171875	23.8671875
108	11.3333333333333	0	0.925555981588637	0	77.2425882425969	0	4.5	-13.838709677419
109	14.3333333333333	11.5555555555556	0.880107071608931	0.915218586735245	68.785001004283	40.6193278478237	21333.0580357143	924.638392857146
110	11.5555555555556	0	0.847149875059766	0	77.3854823942893	0	16.235576923077	-39.1875
111	27.4444444444444	25.4444444444444	0.961207002377032	0.948979492898814	64.6900776320914	33.9117281169373	54333.5357142854	1834.17857142856
112	14.3333333333333	0	0.927625255668138	0	77.2672262476599	0	-16.95703125	28.84375
113	10.8888888888889	0	0.917505338657829	0	76.4868278435438	0	68.7217741935485	19.2782258064518
114	16.7777777777778	0	0.532792763269993	0	75.5642533038109	0	87.2391304347822	12.146739130435
115	9	0	0.878718736900322	0	77.4662590928549	0	31.3653846153846	3.92307692307671
116	14.4444444444444	0	0.943368301129395	0	76.6598413287147	0	42.0673076923079	33.3173076923075
117	12.3333333333333	0	0.886916635474502	0	60.7089625861439	0	159.477941176471	26.8529411764702
118	9.33333333333333	0	0.987094460402292	0	77.1388767823055	0	22.1826923076922	-39.2115384615383
119	9.11111111111111	0	0.795899280828614	0	77.3141005895886	0	53.5416666666664	10.9583333333335
120	10.2222222222222	0	0.985997796684683	0	76.970843146842	0	-7.10887096774185	3.73387096774206
121	11.5555555555556	0	0.94743181675491	0	76.6793583497756	0	-13.2880434782609	29.4619565217393
122	10.4444444444444	0	0.914558005502818	0	77.0932361803609	0	44.6774193548388	-20.4677419354834
123	15.1111111111111	16.6666666666667	0.627714114638276	0.696410146786505	68.7844573814238	42.5811900048627	82205.5749999997	2900.8
124	11.4444444444444	0	0.93559758419152	0	76.7190738046673	0	41	4.14423076923065
125	12.4444444444444	0	0.888879367043672	0	76.7586644831234	0	15.203125	44.28125
126	10.5555555555556	0	0.968826148347462	0	76.9782716578797	0	16.1249999999999	21.3750000000001
127	12.7777777777778	0	0.935079323489899	0	77.2296169088555	0	58.5769230769232	19.7884615384616
128	27.5555555555556	40.5555555555556	0.808338931848551	0.979214860236778	54.6487846798344	21.9224491603475	158654.40131579	5708.80921052636
129	13.2222222222222	0	0.949180315458416	0	76.7725177111602	0	-14.2451923076923	-17.341346153846
130	7.77777777777778	0	0.950122919899873	0	77.338253261668	0	65.1583333333333	44.7166666666668
131	31.2222222222222	25.4444444444444	0.658508909916041	0.642399244394148	62.8279068549924	30.6667338975707	60434.4833333332	2047.15833333334
132	11.5555555555556	0	0.90917084049031	0	75.7536618438831	0	105.73046875	20.515625
133	12.4444444444444	0	0.943265420642435	0	76.6026826716796	0	29.3000000000001	-6.8041666666668
134	53.2222222222222	48.2222222222222	0.39675208792003	0.39711194618525	56.2113406583351	28.3118829958678	300324.785714288	10818.4464285715
135	9.33333333333333	0	0.973559259573134	0	77.0015751234419	0	79.7916666666668	3.38888888888852
136	10.1111111111111	0	0.966107704726583	0	77.2094089798353	0	76.0576923076923	63.8557692307692
137	13.6666666666667	0	0.906365098535537	0	76.816133583671	0	55.9230769230769	4.03846153846158
138	10.4444444444444	0	0.910926085236118	0	76.7594357020956	0	127.29296875	6.4296875
139	10.7777777777778	0	0.866069773517433	0	76.785223231229	0	42.290322580645	14.4838709677415
140	14.5555555555556	0	0.98024496639222	0	77.3162791260243	0	60.3548387096774	24.8306451612901
141	11.3333333333333	0	0.857241853811394	0	76.6633482336207	0	81.125	-4.74999999999972
142	12.4444444444444	0	0.924409437965699	0	77.0477212795955	0	142.350961538462	69.3894230769228
143	14.5555555555556	0	0.97867556963641	0	77.1289951552657	0	32.15625	40.53125
144	10.5555555555556	0	0.913662457233398	0	76.8801661549885	0	55.0645161290324	-32.5201612903225
145	12.4444444444444	0	0.939460602612255	0	76.6073644051952	0	117.237903225807	-21.5564516129035
146	9	0	0.945734478752435	0	76.9999375235344	0	15.2355769230769	-17.2980769230773
147	9.88888888888889	0	0.977158547234847	0	77.1268303118763	0	81.9230769230767	-34.7692307692305
148	12.3333333333333	0	0.938997833029303	0	77.0975498061154	0	94.4230769230767	41.7307692307692
149	35.4444444444444	22.8888888888889	0.563364066119555	0.523106101174161	66.7175868222123	30.4195164725508	31933.6971153848	1157.14903846154
150	11.4444444444444	0	0.96397125916874	0	77.3274398296673	0	106.360576923077	-56.3509615384617
151	11.6666666666667	16.6666666666667	0.628814205608602	0.640830673540166	69.8669350520415	41.4869844936547	60649.4375	2098.9765625
152	9.22222222222222	0	0.907567320575676	0	76.4795234708252	0	79.3257575757576	-37.1325757575754
153	13.8888888888889	0	0.962594224310189	0	77.1387288126496	0	50.6733870967745	-8.94354838709684
154	9.44444444444444	0	0.912299894739616	0	77.2478402562864	0	-5.18181818181826	17.4090909090907
155	9.66666666666667	0	0.921230420747003	0	77.1620959741046	0	22.4891304347825	-17.3532608695654
156	10.1111111111111	0	0.940828098988655	0	77.1446283889797	0	69.5714285714282	-10.2767857142855
157	10.4444444444444	0	0.892099000053858	0	77.0384876111901	0	38.1682692307693	7.10576923076943
158	15	0	0.966192252187037	0	76.5506989190262	0	65.765625	-10.2890625
159	16.2222222222222	11.7777777777778	0.880001645648515	0.912904905326583	66.3436560377641	39.9627302398916	21416.8653846154	744.942307692305
160	18.3333333333333	16.6666666666667	0.490414466276621	0.677706513813321	60.2019859100815	33.193459191963	12358.591346154	427.620192307689
161	10.4444444444444	0	0.855922862781936	0	77.3849099775687	0	4.50000000000002	-56.5000000000005
162	19.4444444444444	0	0.42658526704566	0	77.1127877293089	0	102.927884615385	-19.6778846153843
163	32.3333333333333	30.1111111111111	0.653338099748512	0.625449888090139	58.9186315336841	26.1232248581526	58354.0161290318	2087.96774193549
164	13.4444444444444	0	0.947084533484513	0	62.4000585365215	0	104.272727272727	24.3749999999998
165	14	11.1111111111111	0.548069001768438	0.685615796943755	73.5304659215182	45.785117572816	27465.2692307691	911.30769230769
166	21.4444444444444	14.8888888888889	0.700465342184716	0.690792693374898	66.6352007365563	38.0334783545311	49538.0431034483	1846.06034482759
167	8.55555555555555	0	0.959820096339725	0	76.0423198446824	0	68.644230769231	-35.3894230769233
168	12	0	0.913076325457555	0	76.4866370732689	0	82.0144230769233	-0.278846153846004
169	10.4444444444444	0	0.718605287210793	0	77.3312829510162	0	14.1666666666666	47.0833333333331
170	13.8888888888889	6.77777777777778	0.5778465498087	0.529144931875511	75.7569564533049	40.9151718459457	1123.34375	1.90625
171	10.3333333333333	0	0.783715415024234	0	77.0136568081489	0	130.8828125	32.265625
172	29.5555555555556	30	0.805528541356784	0.731052665409343	58.0424907805179	23.8416284224269	36421.4291666666	1278.85416666666
173	15.8888888888889	0	0.934414980116419	0	68.2246749948057	0	50.9375000000002	-33.5625
174	29	24.8888888888889	0.758746327645641	0.741968707318488	58.3371514212044	26.0341988364622	27108.3833333335	951.049999999995
175	8	0	0.98137622560809	0	76.7780723434445	0	67.841346153846	-31.7211538461541
176	10.4444444444444	0	0.914758265328148	0	77.1673953428373	0	58.8598484848485	-0.62121212121167
177	9.88888888888889	0	0.88049009088605	0	77.1592387740128	0	20.9663461538462	-13.7692307692311
178	8.44444444444444	0	0.93193366392403	0	76.5774507267883	0	130.566666666667	46.0166666666671
179	12.5555555555556	0	0.95872828363826	0	76.8370537616267	0	37.0192307692308	28.5048076923073
180	10.2222222222222	0	0.958503495744052	0	76.8904560141713	0	123.45564516129	-41.7903225806447
181	12.4444444444444	0	0.911490581430769	0	76.5210650372345	0	100.924242424242	20.3522727272725
182	9	0	0.989592895640421	0	77.2254685915085	0	19.9772727272729	-52.0378787878787
183	23.5555555555556	25.1111111111111	0.925890990752624	0.938439355778038	61.6261692586419	29.2617579550882	42455.078125	1469.3046875
184	10.3333333333333	0	0.937632629947191	0	76.7712688006259	0	11.7740384615386	30.9230769230771
185	9.33333333333333	0	0.885550031586548	0	76.9173397473605	0	94	16.1538461538457
186	10.6666666666667	0	0.877899575686304	0	77.2842027347125	0	51.1290322580646	47.1733870967741
187	14.3333333333333	0	0.968562451712276	0	77.227879651451	0	62.4230769230771	94.1298076923082
188	14.4444444444444	0	0.931052241662193	0	76.8727972606856	0	-22.9471153846155	-55.6298076923072
189	17.3333333333333	16	0.955399906057578	0.977757679946724	64.7287353703734	35.9791556915403	22544.1071428571	859.450892857147
190	17.3333333333333	13.3333333333333	0.595054638959832	0.620613765540918	72.0431924782026	41.7026281589292	40118.8750000002	1389.625
191	19	15	0.49111000100976	0.533525164782552	73.538741735923	40.3976137027973	31021.9797297296	1145.93243243244
192	21.2222222222222	19	0.400289347503023	0.431667534346189	74.8137944620899	42.5699759181221	51975.6346153848	1876.40865384616
193	8.22222222222222	0	0.589781713811011	0	78.7250042312508	0	42.847222222222	7.61111111111094
194	10.8888888888889	0	0.868187750801979	0	77.2020181400498	0	60.4545454545452	-16.4318181818186
195	63.3333333333333	37.1111111111111	0.314164411544269	0.252404926370023	69.7097546549853	29.6245717267758	4865.39423076927	270.120192307697
196	13.7777777777778	18.5555555555556	0.583068555353628	0.673197653583403	73.7189163076628	34.1462792757989	23957.6323529411	920.919117647057
197	18	9.77777777777778	0.81836815415431	0.814818654599269	66.5931053440462	40.3904361686221	16012.06	894.370000000003
198	9.44444444444444	0	0.876525442689896	0	77.1276251743245	0	47.6153846153848	18.4423076923076
199	21.5555555555556	28.8888888888889	0.813383211213186	0.77752711807824	57.5724562180442	23.8528142261349	7781.43269230767	360.019230769229
200	8.55555555555555	0	0.894840832297557	0	76.5693550545204	0	78.5240384615382	3.46634615384635
201	10.8888888888889	0	0.925406265245583	0	77.0308412764877	0	-11.7259615384616	10.8557692307694
202	10.1111111111111	0	0.923432725634403	0	77.0240046303494	0	82.0078125	-60.1171875
203	12.3333333333333	0	0.880405247604046	0	75.0341706887991	0	-5.375	-41.6875
204	24.2222222222222	11.1111111111111	0.395034569721695	0.396154145317495	74.8180631467647	33.6392757478916	1464.5	13.3799999999999
205	13.6666666666667	0	0.574779982974206	0	73.6738780259404	0	41.7812500000002	-72.0937500000004
206	8.33333333333333	0	0.93328201343662	0	77.0395648748126	0	44.0192307692309	31.0769230769231
207	10.5555555555556	0	0.867212119308921	0	77.0035472981818	0	39.625	78.609375
208	10	0	0.792891020650644	0	76.9765869963439	0	72.4326923076922	-11.625
209	20.1111111111111	15.8888888888889	0.848841581973886	0.811235286197899	64.2972637451795	36.0619373180906	21574.6971153847	815.480769230771
210	13.2222222222222	5.11111111111111	0.849454957687241	0.867132855720947	72.9827762959937	51.6744034357021	842.472222222221	41.7986111111113
211	22.7777777777778	23.8888888888889	0.922736832537973	0.90222466519792	63.1444382130828	29.4663308656941	50861.9375	1743.734375
212	11.1111111111111	0	0.594594899830599	0	75.0500784030293	0	119.264423076923	29.8269230769228
213	21	15	0.755402678937308	0.683041022683502	67.435197801805	36.2777446153636	22756.5865384614	901.399038461534
214	20.1111111111111	21.8888888888889	0.735891172135045	0.785016449672457	56.5023733566763	35.8187603435833	201411.138888888	8119.11111111107
215	14.2222222222222	0	0.944302362801726	0	76.9869578999246	0	12.6057692307692	-46.3461538461541
216	11.3333333333333	0	0.972551246783119	0	77.3076110718421	0	101.49609375	2.93359375
217	9.22222222222222	0	0.891974980343041	0	77.056011328865	0	35.2749999999999	-4.76999999999981
218	11.1111111111111	0	0.891823627876777	0	75.6185367340608	0	17.5597826086957	30.8152173913042
219	10.8888888888889	0	0.953723434872834	0	76.6217798483204	0	75.9807692307691	10.8461538461536
220	10.5555555555556	0	0.909234883286733	0	77.1385248055869	0	-17.3387096774194	4.12096774193571
221	11.1111111111111	0	0.931099394072455	0	76.6280554064503	0	41.9230769230769	-66.2692307692305
222	12.7777777777778	0	0.964674702695547	0	77.2646156883429	0	61.2211538461539	57.8125
223	13.4444444444444	0	0.938311591133107	0	76.3880772696468	0	-38.173076923077	-10.3942307692309
224	22.3333333333333	27.3333333333333	0.779277914376666	0.855538942634054	55.9127336049631	27.4945354243565	60272.8000000002	2339
225	9	0	0.926169216195324	0	77.1889817468746	0	69.9230769230767	-21
226	33.4444444444444	35	0.595392624772831	0.754217049763272	67.5364994746138	18.0176208561301	101973.417553193	3723.07446808514
227	19.2222222222222	13.7777777777778	0.918226490416944	0.889761580802637	63.434995730125	32.4391516615575	9551.70833333336	287.791666666666
228	12.3333333333333	0	0.731280252306395	0	79.6983953320162	0	8.08333333333325	-46.583333333333
229	10.5555555555556	0	0.966614491420453	0	76.8664200776115	0	75.6975806451615	-9.68951612903233
230	9	0	0.95962441563585	0	77.2036545907496	0	-21.1521739130434	17.6304347826089
231	13.5555555555556	0	0.548694448211677	0	74.356893892762	0	1.13043478260875	-40.5978260869567
232	30.1111111111111	33.6666666666667	0.902111927518874	0.971058889057064	58.1573468595385	24.392641738976	6904.96634615378	359.264423076927
233	47	7.77777777777778	0.857001147840832	0.766171801887683	68.9098825166915	30.3328805046096	1374.06617647058	220.566176470589
234	8.22222222222222	0	0.918260019650542	0	76.2106597399869	0	55.3894230769232	29.1586538461535
235	9.55555555555555	0	0.928742120580558	0	77.1828337896595	0	52.9999999999999	-38.0000000000002
236	36	22.7777777777778	0.820136837146097	0.771482662583511	58.3417694502517	25.6363830848687	3515.15625	237.625
237	12.7777777777778	18.6666666666667	0.366630919779743	0.5542181560545	71.7858465519164	40.3827349486072	39378.546875	1364.84375
238	42.7777777777778	35.6666666666667	0.340172192239941	0.417698356040461	70.1346600133137	36.3764878250109	180907.536585366	6432.1951219512
239	15.4444444444444	13.8888888888889	0.57199956148348	0.630908840052082	73.4136800897778	42.5220331963239	36071.9078947367	1184.72697368421
240	9.33333333333333	0	0.935547799969942	0	77.1702824550001	0	51.0078125	-41.796875
241	30.7777777777778	21.3333333333333	0.497139704684671	0.541620315757343	70.2716997484604	27.0360440383145	8474.00000000003	258.499999999998
242	15.1111111111111	0	0.922040652170509	0	75.9395126793124	0	32.0192307692307	6.32692307692275
243	10.2222222222222	0	0.888249143992123	0	76.8220259371631	0	91.721153846154	-6.43269230769275
244	12.2222222222222	0	0.8401340706228	0	74.8303835924403	0	69.5048076923076	15.6490384615387
245	10.8888888888889	8.88888888888889	0.793652420834443	0.793118662465263	72.4226503299601	46.6387769182095	16103.0277777778	699.444444444443
246	16.4444444444444	3	0.580109017074764	0.766398154173425	73.2743836846597	55.3940261801604	701.889423076919	8.33173076923096
247	9.88888888888889	0	0.962878037487547	0	77.2627254719968	0	21.375	12.6250000000004
248	15.8888888888889	11.2222222222222	0.756044411136028	0.722054620438092	68.4065230564848	42.4833462839064	26871.4482758619	1075.10775862069
249	8.88888888888889	0	0.89449815086562	0	76.5918007773726	0	33.8461538461537	-22.307692307692
250	10.4444444444444	0	0.933791398994868	0	77.1164968488614	0	-1.21153846153843	-50.9375
251	14.2222222222222	13.2222222222222	0.590656669647508	0.634485306783503	69.8510283521718	43.6158773301263	33689.9193548388	1333.90322580646
252	42.4444444444444	15.5555555555556	0.852380132954445	0.423527305737292	63.8846811444339	36.9838525324416	14931.2708333332	677.020833333328
253	15.1111111111111	0	0.889264455762245	0	76.2896840423642	0	31.5390625	13.9296875
254	26.8888888888889	8	0.982335576149685	0.963559651040502	61.8528870410628	35.9145469770754	567.23076923077	368.615384615387
255	26.5555555555556	7.11111111111111	0.653727146327425	0.877528929322705	72.7987553624161	35.191708903305	2379.695	68.3199999999982
256	10.4444444444444	0	0.380655076374367	0	77.201399668273	0	15.625	44.2499999999998
257	10.4444444444444	0	0.862844521439573	0	77.3384864112802	0	42.201923076923	-39.6923076923076
258	11.1111111111111	0	0.899219196776914	0	76.000993105484	0	47.0961538461538	25.6490384615389
259	10.2222222222222	0	0.855033276632912	0	77.2363621724817	0	84.9759615384619	-16.1298076923075
260	15.3333333333333	0	0.960406702185397	0	72.9323530599528	0	19.8846153846155	-2.11538461538439
261	15.8888888888889	21.4444444444444	0.648371477795163	0.74497684388223	61.6158195586382	39.2166193307938	164662.106617647	6620.11397058826
262	24.3333333333333	31.3333333333333	0.795034370238297	0.943530246100664	55.6637664246343	25.2851614577472	41106.6477272725	1375.54545454547
263	58.2222222222222	5.88888888888889	0.619646688404902	0.879998762611416	67.4917180317934	35.3831623143427	1277.83823529409	225.742647058819
264	24.3333333333333	16.7777777777778	0.69667969000495	0.66824516422909	63.9195097345773	33.6907544784519	45857.3024193548	1597.01209677419
265	17	15.1111111111111	0.902398550128187	0.941083925866352	65.7722524407938	31.2824398162102	5980.86111111112	183.479166666667
266	8.55555555555555	0	0.990342431546548	0	77.3059795412574	0	36.3906249999998	4.671875
267	26.7777777777778	16.2222222222222	0.578257294526285	0.5251716549621	69.8504350381486	37.9326000305945	31384.9963235297	1244.28676470588
268	27.6666666666667	15	0.609011652828475	0.594504396311491	67.6311702467761	35.7405237470918	32511.6818181821	1176.22727272727
269	10.1111111111111	0	0.935292441809536	0	76.7050197763125	0	53.6956521739131	15.6086956521738
270	11.8888888888889	2.44444444444444	0.949851225691475	0.791888375035124	77.1887326273905	76.5106186789019	59.7596153846153	-16.1923076923081
271	23.1111111111111	32.1111111111111	0.849176199230029	0.96982063982309	61.4821315529698	23.4030885281448	17591.03125	737.65625
272	14.8888888888889	12.4444444444444	0.637967098567462	0.703130329044522	69.5781202720709	43.7843764920106	39139.4500000001	1426.23333333333
273	15.1111111111111	10.7777777777778	0.547226355867136	0.593071925874655	74.6841012936327	44.6733423302133	14439.075	749.249999999999
274	14.6666666666667	24.8888888888889	0.80810221058407	0.96048755183826	61.5852565116672	29.0890661704923	89868.9375	3120.0234375
275	29.3333333333333	23.8888888888889	0.668240619406364	0.648619615413609	61.3506328959687	29.729853918393	59808.5000000003	2134.56250000001
276	9	0	0.981368217840604	0	77.1324897201035	0	41.5	-19.298076923077
277	9.55555555555555	2	0.820171299833006	0.790569415042094	61.0204788560683	58.4360323996123	-4.171875	58.828125
278	14.2222222222222	14.4444444444444	0.576926382196006	0.603483064135548	74.0943193198967	41.4602248455517	28249.0000000002	993.000000000005
279	11.8888888888889	0	0.898913049940756	0	77.101711665324	0	-36.7013888888888	-21.0833333333332
280	15.1111111111111	8.33333333333333	0.558374853447819	0.55475374239016	72.4735573547029	35.2634079669898	1792.04807692308	62.6538461538467
281	20.6666666666667	22.3333333333333	0.77268493002126	0.900594318728334	62.9997835863975	34.0519560992059	110422.090909091	3823.08333333335
282	26.6666666666667	17.7777777777778	0.754174759307274	0.733695841877402	61.5278240171493	29.8622270457495	14757.5192307692	507.269230769228
283	11.6666666666667	0	0.856753584588612	0	76.8290956997458	0	35.7741935483869	52.5483870967739
284	13.8888888888889	0	0.920526211901086	0	75.8678842932373	0	30.8461538461536	33.875
285	12.5555555555556	8	0.661203586560973	0.608773753379857	75.0437198387078	34.9701716679933	1217.46212121212	63.7575757575764
286	18.2222222222222	13.1111111111111	0.737454501756203	0.751509278152477	67.7933490478076	42.0333477451744	41984.4278846153	1466.9375
287	10.6666666666667	0	0.874495978128923	0	76.9244389158838	0	38.923076923077	-69.75
288	7.44444444444444	0	0.777438367306086	0	79.2564704135176	0	47.5882352941176	1.11764705882334
289	16.5555555555556	0	0.925927677384367	0	68.9886765627346	0	45.4950000000004	9.36999999999947
290	9.66666666666667	0	0.84873132248548	0	76.882422937769	0	93	-9.20588235294083
291	22.7777777777778	18.2222222222222	0.83888098872083	0.84812126967008	57.1064318217267	30.1580768411175	37242.2307692307	1261.11538461539
292	12.7777777777778	0	0.927879029543024	0	77.1346794007188	0	45.4285714285715	18.5714285714284
293	39	20.8888888888889	0.551505981462246	0.45014663901972	61.095888485894	26.6878684816731	3260.6931818182	143.117424242426
294	19.6666666666667	16.7777777777778	0.896341992396092	0.923223785904302	59.7252975856373	32.9518968241733	32515.701923077	1147.375
295	20.6666666666667	18.2222222222222	0.667747565284618	0.623425678938046	64.5897643558196	36.5152844499578	61203.9326923074	2462.5
296	9.55555555555555	2.44444444444444	0.888087973562851	0.766949235014665	76.4693050074771	75.4197432424998	80.0806451612902	6.58870967741962
297	10.1111111111111	0	0.91961858842649	0	77.1499351838758	0	-6.22177419354847	-0.5
298	21.7777777777778	15.7777777777778	0.63712663695606	0.628356040393439	69.8251117553983	40.1755509149155	54652.3750000002	1944.25
299	9.55555555555555	0	0.898187502308822	0	77.3658895267024	0	78.8557692307691	39.9326923076922
300	31.3333333333333	22.6666666666667	0.411579322462229	0.376023511807797	73.2035044385007	41.1534224075126	66921.9090909088	2274.96590909093
301	15.7777777777778	12.2222222222222	0.904444630153906	0.955427294443964	66.5151488506984	36.0265471381028	5976.42934782608	240.04347826087
302	8.44444444444444	0	0.846185860152868	0	76.8190058376163	0	61.0846774193546	31.3024193548386
303	8.77777777777778	0	0.889870053110128	0	76.5276359698577	0	113.013888888889	-19.3958333333335
304	12.6666666666667	9.22222222222222	0.786494921496693	0.776756517685006	70.9885841777141	45.6382893565442	18512.995	668.145000000002
305	8.66666666666667	2.88888888888889	0.902071552400272	0.839047078536121	76.6471310813811	77.1660981587508	5.49999999999997	-39.7500000000003
306	7.77777777777778	0	0.933043111237814	0	76.7977918144338	0	0.818181818181696	0.628787878787648
307	13.7777777777778	0	0.926065251731388	0	77.298536690086	0	19.7211538461539	66.5384615384613
308	24.7777777777778	12.4444444444444	0.906515731222836	0.895334949689974	65.9323649103757	26.5549018412416	1470.95192307692	119.990384615385
309	9.11111111111111	0	0.954888747672485	0	76.1957439563016	0	48.1538461538459	-5.29326923076948
310	47.7777777777778	33.6666666666667	0.409062574896111	0.392853208834078	65.1330522588491	29.5738346958176	98729.7142857152	3428.7857142857
311	15.2222222222222	8.77777777777778	0.722794532246423	0.604753529462232	75.0864380737498	43.3978061213909	4253.60606060606	243.515151515152
312	23.1111111111111	24.3333333333333	0.562450695331981	0.61804985314285	62.7588309067269	35.9310608763038	128909.227272726	4586.72727272727
313	21.6666666666667	13	0.490834000207919	0.473722284550547	71.4331175328759	34.6231167883739	2379.19047619048	68.416666666666
314	10.5555555555556	0	0.905852583615878	0	76.9100068262062	0	64.4615384615388	50
315	10.1111111111111	0	0.868005209538653	0	77.3442953799535	0	-6.87019230769239	-24.1009615384611
316	12.8888888888889	0	0.905396931596869	0	75.8052245426463	0	53.8028846153845	61.2067307692312
317	15.2222222222222	15.6666666666667	0.703389460747088	0.754422917476061	69.8981955713663	42.4019409151894	54832.3064516131	1895.77419354839
318	12.7777777777778	10.8888888888889	0.672797588316674	0.774049505450691	72.6516971151446	45.4291204770008	29843.1026785715	1253.83928571428
319	11.6666666666667	0	0.941268657467181	0	76.3785490310502	0	13.6153846153845	-1.36538461538447
320	17.8888888888889	17.5555555555556	0.501089184591643	0.466549933664807	73.1278049596704	40.852936656057	62105.0138888893	2245.4375
321	10.1111111111111	0	0.933825695397645	0	77.0512415830522	0	-3.06854838709685	5.80645161290362
322	22.4444444444444	11.6666666666667	0.465739955206726	0.886911354410555	71.3269184093548	40.3946142603575	31093.3371212121	1191.23863636363
323	37.4444444444444	30.7777777777778	0.627736817160858	0.622893987272621	59.488078226286	27.2402038078231	76540.6796875	2692.921875
324	38.7777777777778	30.8888888888889	0.711340107786166	0.758020387740261	54.8461420669952	22.979745770035	58497.99609375	1978.96484375
325	16.2222222222222	10.5555555555556	0.943475238188768	0.944865825810759	66.0934086208131	40.5607508998842	13913.7916666666	575.458333333334
326	19.3333333333333	0	0.869770326892831	0	69.8904010990469	0	136.041666666666	52.5
327	21.2222222222222	14	0.628421738997066	0.568802897379764	68.9420085374007	36.6518805739207	14529.2211538461	424.490384615383
328	22.1111111111111	6.55555555555555	0.51159079456406	0.890961453663954	74.2262888160167	36.3416500158983	1161.54166666666	38.2083333333336
329	23.5555555555556	11.2222222222222	0.584675494983535	0.474470433246491	72.1909842537038	35.9224329278075	1414.50520833334	134.692708333332
330	11.3333333333333	7	0.74315223655852	0.692009919099214	73.0734255750179	47.0870057370123	18449.0384615384	713.5
331	19.8888888888889	12.6666666666667	0.844052671905702	0.791897088639591	66.4309844809491	38.2894978333651	23282.1428571428	748.39285714286
332	29.7777777777778	0	0.928373938537845	0	72.3706561523814	0	297.4375	98.8046875
333	16.6666666666667	10.4444444444444	0.878844834624352	0.814997706383489	68.8015336476528	41.9165651932824	5809.71875000001	203
334	30.8888888888889	3.77777777777778	0.427990761582595	0.735098506643611	56.2950918764158	60.006846453551	1043.33333333334	143.333333333334
335	13.5555555555556	4.22222222222222	0.489853614572998	0.842147828678476	69.6327016806551	41.6714825718356	528.843749999999	-18.0937500000004
336	13.5555555555556	2.11111111111111	0.752769534382721	0.774739225797095	71.944839645958	54.0574222358712	368.072916666666	44.875
337	11.7777777777778	10.6666666666667	0.718446428052725	0.724624792216369	73.4036129866467	44.7713675397905	18507.0999999999	946.566666666663
338	11.8888888888889	0	0.974396371879325	0	77.0444382201775	0	98.75	12.596153846154
339	13.7777777777778	11.4444444444444	0.648872150965534	0.703375799376329	71.8022593816255	44.9559236225935	30845.4083333333	1083.19166666667
340	14.3333333333333	10.8888888888889	0.589554376449425	0.618791782206124	75.7067394008712	43.5605419421028	7715.21999999999	383.919999999999
341	10.6666666666667	0	0.921119650289166	0	77.4450510442956	0	39.1449999999998	44.7950000000004
342	9.77777777777778	0	0.875556526241273	0	76.7052789768956	0	38	12.5
343	24.1111111111111	14.1111111111111	0.807677692464998	0.799118240491474	58.4474937206874	29.0842621845278	1193.76442307693	71.8221153846151
344	12.1111111111111	0	0.921110959305717	0	76.3566225458285	0	83.0192307692311	-9.71153846153854
345	28.8888888888889	21.4444444444444	0.614993983305404	0.554982153588018	63.3128541596971	33.2504146270253	42273.4471153848	1436.46634615384
346	16.7777777777778	0	0.897661023898253	0	74.4778769400539	0	16.1129032258064	-18.5322580645163
347	11.5555555555556	0	0.945186834488567	0	76.6783693562256	0	74.90625	35.26171875
348	20.5555555555556	17.6666666666667	0.825707940153632	0.893564657646125	63.5710983493484	22.4473238238567	13329.2714285714	510.52142857143
349	12.8888888888889	0	0.862321808713548	0	76.0256601959024	0	90.5384615384616	-65.3846153846151
350	12.6666666666667	0	0.881904223261307	0	75.2806582834725	0	105.4453125	71.84375
351	12.1111111111111	0	0.930903569627611	0	77.0362164092134	0	7.27272727272716	0.363636363636445
352	13.2222222222222	0	0.958832704880082	0	77.0422547985702	0	-0.277173913043582	33.2989130434782
353	8.66666666666667	0	0.955499320124492	0	77.1302259487881	0	78.71875	1
354	23.1111111111111	30	0.619910164859184	0.748764399191079	71.7096884849336	23.736275877158	32535.125	1237.42613636364
355	27.5555555555556	29.1111111111111	0.625789288470403	0.776871747290632	69.6255210885968	21.3939756818198	32072.2343749998	1028.39062499999
356	10.1111111111111	0	0.906742852217038	0	77.2294667050008	0	81.2355769230772	14.1346153846158
357	16.8888888888889	0	0.987174785811792	0	69.8690362070726	0	99.4285714285717	36.8857142857144
358	16.1111111111111	0	0.955758560083952	0	76.0187180776991	0	32.6153846153848	2.1057692307695
359	8	0	0.971980923490607	0	76.6922763630185	0	60.9711538461536	29.2451923076919
360	44.4444444444444	1	0.960867404403371	1	71.1420772151225	53.9704611092225	510.529411764706	80.3529411764696
361	10.3333333333333	0	0.955975105599103	0	75.7831695266486	0	-61.0703125	16.42578125
362	18.1111111111111	0	0.978298093606782	0	70.5366918826294	0	85.185483870968	-85.4314516129032
363	20	20.1111111111111	0.891577787948982	0.8952898727627	61.0658720094346	30.2972331181037	17431.6875000001	568.125
364	9.77777777777778	0	0.776663781794228	0	77.4578152807248	0	32.7916666666668	-26.3333333333335
365	12	0	0.908930530541739	0	76.9296781224486	0	-7.27884615384617	18.9423076923076
366	9.66666666666667	0	0.913485080019547	0	76.5601258185346	0	7.20999999999997	49.4
367	11.5555555555556	0	0.653283683696822	0	74.6993857413433	0	-9.5900000000001	-14.6000000000003
368	8.11111111111111	1	0.608249462864886	1	58.2107804135021	56.2018425111746	56.2666666666669	17.8666666666664
369	11.6666666666667	10	0.911896266382335	0.741062284751681	73.0757537490633	47.1346820603874	23571.3035714286	897.285714285716
370	22.7777777777778	30.2222222222222	0.877094067415689	0.973216810967219	59.372536127824	22.762564539485	39263.6129032261	1429.53225806452
371	19.1111111111111	16.3333333333333	0.852035955400603	0.789583868069161	61.1515237324261	34.1229279456263	28815.5357142857	935.375
372	27.8888888888889	6.77777777777778	0.457995493194328	0.84372364469416	76.1120095020431	47.5468213109757	2820.39423076926	83.7884615384606
373	12.6666666666667	13	0.567291970164268	0.667833184774053	69.9209832454623	48.296112349536	46250.2333333333	1741.35
374	17.3333333333333	15.8888888888889	0.877791366300288	0.800435147470863	66.8647054370114	33.5916883189947	19802.25	766.000000000001
375	8.22222222222222	0	0.907479721100753	0	77.3905040981162	0	-3.42741935483867	-17.3709677419352
376	14.1111111111111	0	0.896232384621096	0	77.0059178565887	0	60.5625	1
377	16.8888888888889	18.4444444444444	0.477645671208455	0.518427173344371	74.0443765134528	40.248099746183	29153.9189189186	1108.97297297297
378	15.6666666666667	12.1111111111111	0.606635560180213	0.645534452722177	73.4261420042109	43.69361360087	29851.9821428573	1112.86160714286
379	10.7777777777778	0	0.978590039218351	0	77.1177860095971	0	58.7884615384615	7.13461538461578
380	40.1111111111111	25.3333333333333	0.421544330008208	0.433597893621739	69.6583601641921	36.0091763511869	82929.6066176467	2991.83088235292
381	8.55555555555555	0	0.904534352605	0	76.4998466985488	0	46.7884615384618	26.8846153846155
382	15.1111111111111	10.8888888888889	0.636644716866929	0.577749679848152	75.3512655021466	41.1943277957539	12035.1774193549	369.685483870966
383	23	17.2222222222222	0.556253939862353	0.571957995254802	70.6429523386878	40.8386885329761	53259.3421052636	1884.67105263157
384	24.3333333333333	3	0.780252939627768	0.795457421743733	65.7873216111201	42.1814545381068	588.375	45.375
385	11.7777777777778	0	0.868380017666796	0	75.8696889363791	0	76.5564516129031	32.967741935484
386	23.7777777777778	18.3333333333333	0.826759270812972	0.796628591963632	63.6967167284948	36.047997580457	53757.6634615384	1921.60576923078
387	13.5555555555556	14.2222222222222	0.70195785653439	0.795057656861106	72.5617971930191	35.7985311998385	30223.0526315789	1228.18421052632
388	31.8888888888889	29.7777777777778	0.725199651748813	0.684114212474823	56.7721933461855	23.9400121816276	33281.1328125	1330.6640625
389	12.2222222222222	0	0.866706404832439	0	76.3603325439023	0	89.5528846153843	47.8365384615386
390	19.5555555555556	11	0.961792891638674	0.934526388741152	60.5302590828814	36.5584186029261	9820.44444444442	369
391	11.5555555555556	0	0.919069074936939	0	76.5458943501921	0	86.140625	48.01171875
392	11.6666666666667	0	0.908408305400276	0	76.1995808776085	0	-6.24999999999995	-24.2500000000004
393	12.8888888888889	0	0.959193498211153	0	76.1865916271172	0	16.95	-2.59999999999994
394	21.8888888888889	15.7777777777778	0.727806640296857	0.642795332508385	66.137833164792	36.9418347765506	48506.7749999998	2065.10833333333
395	9.33333333333333	0	0.911226844397374	0	77.0656546355793	0	37.7500000000002	6.45833333333307
396	13.4444444444444	0	0.951836191797493	0	76.7279117212183	0	57.3333333333333	10.6666666666668
397	30.3333333333333	5	0.739915539716741	0.639778509090902	74.0258877321032	48.773340742566	998.61538461538	33.9423076923074
398	9.66666666666667	0	0.88968947058533	0	77.3835441967172	0	59.060606060606	48.9356060606062
399	15.4444444444444	2.66666666666667	0.540069889008438	0.790397906326541	72.8882086516234	55.4597277060482	346.514705882351	-6.33088235294066
400	10.4444444444444	0	0.906240339468136	0	76.5743664113492	0	49.1328125	-47.7578125
401	12.5555555555556	4.88888888888889	0.936794537977164	0.957107680493558	68.598872955683	37.6742203438499	551.956730769231	-4.73076923076901
402	18.4444444444444	21.3333333333333	0.711662589978086	0.811144899209187	62.8008186613154	32.3424566042286	111883.980555555	3977.20277777776
403	9.22222222222222	0	0.959050170933935	0	77.143097170913	0	60.7661290322579	2.53225806451622
404	26.1111111111111	20.1111111111111	0.52390536709357	0.507753974550735	70.2141724960287	39.5940661491261	66505.5294117648	2355.05882352942
405	20.5555555555556	25.5555555555556	0.84161921270296	0.986049332235493	63.8961928594069	24.7703317869228	21902.7217741935	1135.97177419355
406	15.4444444444444	26.6666666666667	0.80008400484281	0.931159507481385	55.8196332079506	33.0472611435359	193679.538194443	7472.46180555559
407	14	10.5555555555556	0.752353010292986	0.790628167986991	69.6045924087231	43.1442237932873	27123.4663461537	962.865384615384
408	15.3333333333333	0	0.937072416612326	0	76.2542284179426	0	0.0961538461538636	-19.6730769230772
409	19.3333333333333	26.8888888888889	0.780029930995958	0.915834354134171	59.3145166376186	31.204345789131	121490.63671875	4195.60546875
410	9	0	0.969295817724425	0	77.2344978865665	0	64.086956521739	-2.39130434782612
411	20.1111111111111	19.7777777777778	0.717970474546789	0.805175351210867	71.2934591669237	27.9910904043791	33896.7999999999	1242.16428571429
412	8.33333333333333	0	0.877072730300626	0	76.4689482974626	0	26.923076923077	38.4423076923076
413	29.4444444444444	36.1111111111111	0.706585656154568	0.892627540500432	55.463546912926	24.1055409276644	74940.625	2601.63815789475
414	24.5555555555556	13.3333333333333	0.79599550885227	0.784612808973772	59.6486449117735	25.5130144129651	2563.91666666666	185.208333333334
415	15.2222222222222	15.6666666666667	0.504926649451863	0.57473146141946	71.11606863676	42.7684936712762	57179.265625	2128.34375
416	24.5555555555556	20	0.597511052938615	0.593122965893932	68.715481011175	39.7561467287717	83657.7803030298	2940.59090909092
417	32.8888888888889	21.8888888888889	0.523265941174253	0.466159840200966	67.1598094751583	34.4487001751901	53581.4666666668	1891.31666666666
418	30.6666666666667	23	0.603695779822037	0.578522551033144	64.3392514270658	30.8511069142955	45243.6826923074	1607.28846153847
419	19.4444444444444	21.7777777777778	0.515297444900787	0.6551292991108	72.5039676622785	34.0856319974318	70911.4455128206	2617.55769230771
420	8.88888888888889	0	0.815469971753685	0	76.8412165187482	0	34.3548387096776	-51.3225806451613
421	16.4444444444444	15	0.628047087063168	0.644628922867762	69.5624380879456	41.1766727811563	40773.9027777777	1325.375
422	33.1111111111111	26.4444444444444	0.593995281432545	0.551431712613883	64.2476492411058	30.9815578070237	63737.9999999998	2110.975
423	27.6666666666667	27.4444444444444	0.844421326555051	0.801309790747093	58.8749369862391	24.3237544381907	31624.4333333333	1110.40833333334
424	19.2222222222222	18.8888888888889	0.931014046188217	0.904679166231368	61.0279996822714	28.8377313591814	17045.625	617.860576923076
425	12.5555555555556	4.88888888888889	0.598296379152844	0.579287279182655	75.0678013086729	38.3344033211715	503.444444444444	64.6388888888891
426	27.4444444444444	21.1111111111111	0.540902650109614	0.566166556377341	68.2198145000104	38.3339737167223	80287.142857143	2691.75000000002
427	12.1111111111111	0	0.783037306107911	0	69.0473901650454	0	-21.3515625	-57.0546875
428	13.6666666666667	0	0.918793685118624	0	76.1246596056955	0	46.1971153846154	-8.44230769230762
429	12.2222222222222	12.6666666666667	0.778402136361424	0.816986946411783	68.2637249375531	41.2487395540271	42005.9166666667	1570.91666666666
430	9.77777777777778	0	0.942022942183673	0	76.9128997911616	0	1.69230769230762	5.00961538461567
431	20.5555555555556	18.3333333333333	0.496843725146508	0.528306610951707	70.4187549265296	30.2956030209057	3827.56617647061	225.393382352941
432	11	0	0.831321182399405	0	77.0246135148271	0	205.043269230768	36.0961538461541
433	11.8888888888889	0	0.939832039674716	0	76.8922456962885	0	54	-20.8671875
434	15	0	0.959909663561377	0	76.8992875194962	0	85.5384615384613	64.1153846153847
435	47.5555555555556	47	0.553769399884725	0.53686778398483	55.0949001230526	20.7475381377368	91309.9411764713	3191.85294117646
436	22.7777777777778	23.4444444444444	0.740230655379548	0.85967629080126	69.0084496313561	23.6642021795556	81105.4583333337	2901.125
437	13.2222222222222	0	0.979311563614624	0	77.0048454445624	0	71.0241935483871	19
438	13.7777777777778	0	0.596875043616256	0	77.1121834574992	0	62.1666666666669	22.5909090909088
439	8.11111111111111	0	0.9422743146295	0	76.8143773462815	0	44.9038461538463	-11.1730769230768
440	9.77777777777778	3	0.858125758977648	0.819965741994741	77.3996722813975	75.1048923670202	84.0972222222224	11.3194444444444
441	25.1111111111111	7.66666666666667	0.80963383291888	0.758019215110483	67.9735190502367	57.9956731646832	495.375000000002	258.999999999998
442	10.7777777777778	0	0.859219887603952	0	77.0308429221721	0	24.0721153846155	5.110576923077
443	12.8888888888889	0	0.879890491473592	0	76.1737693220694	0	-4.43269230769227	-10.5288461538464
444	14.8888888888889	9	0.765593302987791	0.694559280214192	69.9733715370705	41.6678523574026	5345.34895833334	173.520833333332
445	11.3333333333333	9.88888888888889	0.703383204941654	0.810727537876679	73.5522281512222	45.4213382975631	14676.9791666667	554.262500000001
446	12.5555555555556	0	0.925905243608608	0	77.1780445091067	0	36.55078125	-6.6796875
447	21.5555555555556	15	0.80421660173076	0.755153254305557	63.3227044089611	34.5173196088207	23065.3749999999	923.499999999998
448	15.5555555555556	0	0.915181547510436	0	77.1268191641536	0	41.0048076923075	-1.37980769230737
449	18.7777777777778	14.5555555555556	0.461456500086898	0.447875271089739	74.6327360114741	42.6085795190735	41231.9848484851	1474.03409090908
450	10.2222222222222	0	0.928301256523152	0	75.7193376395547	0	30.5483870967743	-12.0645161290322
451	11	0	0.951071904944656	0	76.0475821812538	0	45.741935483871	15.741935483871
452	29.8888888888889	12.3333333333333	0.501770016340031	0.510965241008148	74.1723823070832	37.0008283229458	2572.37878787877	210.530303030305
453	19.8888888888889	19.3333333333333	0.921261904315025	0.895157847620226	58.3016640636861	31.8153259338325	39826.4423076922	1357.27884615384
454	10.1111111111111	0	0.945988001742763	0	77.4715459477747	0	-9.93548387096777	24.3951612903228
455	10.6666666666667	0	0.934442716875653	0	77.1884270431045	0	90.40625	-12.171875
456	28.2222222222222	27	0.830903077839074	0.809046344012361	57.0419593770711	25.4248672746543	38841.3387096771	1319.44354838709
457	22.2222222222222	17.8888888888889	0.508070136321788	0.5115078259108	69.3697623149762	38.3726474527175	40777.5384615384	1426.03846153846
458	28.3333333333333	11.2222222222222	0.664738445146835	0.522430531000106	65.7266454876959	27.9834518838634	1731.83500000001	85.6650000000002
459	11.5555555555556	8.77777777777778	0.721776839916366	0.730616309512493	73.4144158305888	47.0349551842207	22036.0781250001	1091.078125
460	11.2222222222222	4	0.815176391109041	0.786331819136292	72.1919917652521	43.4131827188082	594.500000000002	44.6999999999997
461	23.7777777777778	3.22222222222222	0.453714653454138	0.214569683335454	74.7372678910306	54.7414469957664	1010.81578947368	89.0263157894742
462	20.4444444444444	21.3333333333333	0.951272011619679	0.933119598031881	57.6039731748468	29.0164498140115	15867.0336538462	526.923076923074
463	11.5555555555556	6.55555555555555	0.991492650152467	0.966668261863737	68.5444278995427	42.1960772187849	1453.6	110.15
464	21.7777777777778	24.7777777777778	0.402431121340171	0.506628144263149	71.3070109159389	38.5772335494722	89208.9662162161	3071.63851351354
465	22	18.6666666666667	0.530923820862526	0.52904009496771	70.1058604818301	40.4827343853526	69443.5483870968	2497.18145161291
466	13.7777777777778	0	0.588210991438047	0	63.0421675592969	0	36.6985294117646	16.5919117647057
467	23.6666666666667	22.5555555555556	0.794436884113333	0.767361847606208	56.8859145033236	30.9400519528634	115852.953125	4192.25
468	18.4444444444444	11.5555555555556	0.871565506115608	0.938159674229851	64.357470538181	26.5245107817517	2747.13888888888	139.305555555555
469	24	24.2222222222222	0.782651011304244	0.717825999843061	56.1081486346787	28.6276331037924	67947.8846153848	2710.33653846155
470	37.1111111111111	28.1111111111111	0.555348241147933	0.523032695110331	58.9339185417242	28.2284955109522	117006.064516128	4040.90322580649
471	13.2222222222222	0	0.976674773183996	0	76.7748948619906	0	33.765625	8.984375
472	49.8888888888889	32.1111111111111	0.425491850673126	0.366434013116458	63.9020941910799	27.9157405802449	10478.2421875	430.78125
473	18.6666666666667	2	0.435800531764087	0.720472273270412	74.237347583341	54.0998226582182	363.499999999999	52.25
474	13.4444444444444	0	0.886827172081657	0	74.8932202789843	0	54.3124999999996	-28.2500000000001
475	9.88888888888889	0	0.886600153156619	0	77.2921410729236	0	54.9230769230769	0.317307692307843
476	11.2222222222222	13.6666666666667	0.781958320092619	0.805110649293957	67.0421716629044	44.8850481232655	64437.4117647063	2343.23529411763
477	11	0	0.858593679741447	0	77.0009198242371	0	-1.6796875	-13.30078125
478	19.3333333333333	18.4444444444444	0.860240123702291	0.939980096769794	63.1665201271994	32.1058504154244	38430.5258620691	1476.61206896551
479	11.3333333333333	0	0.945350956927534	0	77.1544465634611	0	95.8709677419356	-2.90322580645164
480	30.3333333333333	6	0.839367888323872	0.982680551984653	54.0364786998903	48.4528712708879	3970.95999999998	134
481	18.4444444444444	17.8888888888889	0.953869346852132	0.969263202448092	61.9906624235489	30.7692258309472	12419.8076923076	520.269230769228
482	29	19.4444444444444	0.629992459406941	0.568778247142046	66.0873580541431	32.690298498997	29610.7884615385	984.288461538468
483	10.7777777777778	0	0.884739830290482	0	76.7302457546864	0	78.5865384615385	-38.6105769230765
484	28.8888888888889	19.2222222222222	0.626859433104888	0.580955137855622	66.3148810665643	34.10673948024	19130.3846153846	656.307692307696
485	22	19.8888888888889	0.752645454991122	0.768060625544446	61.3740330724005	30.9461122780065	26323.0322580644	890.483870967743
486	21.5555555555556	21.8888888888889	0.877010124877918	0.814715628700895	56.7835201037703	28.5453813322928	30962.5999999999	1115.46666666667
487	31.6666666666667	3.66666666666667	0.388066248578719	0.805379826251308	74.0832946852011	48.9659458728499	347.326923076924	20.75
488	15.5555555555556	15.4444444444444	0.682245937460521	0.711292742667689	66.6209058103286	42.748910990897	84126.7931034486	3066.12068965517
489	20.8888888888889	22.8888888888889	0.44341501559401	0.560472236250811	68.3914447090454	40.6774894386078	123752.777027026	4366.17567567568
490	21.3333333333333	15.5555555555556	0.775289252738649	0.724602270671477	63.4856984505411	34.1532396460326	38259.923076923	1358.84615384616
491	11	0	0.883277703479211	0	76.9092490463438	0	35.34375	28.15625
492	12.8888888888889	0	0.999023748491456	0	77.3177562318885	0	44.5301724137931	-27.5387931034481
493	28.6666666666667	48.2222222222222	0.742305515234468	0.896811077296013	56.8912034379869	21.2423420849725	27902.9191176469	1022.25735294117
494	12.8888888888889	1	0.840536841852951	1	70.4271682005349	57.9155574348964	112.346153846154	-18.6153846153844
495	13.3333333333333	12.3333333333333	0.558568897325779	0.567681231487046	74.5572689908891	42.8377016212919	27456.5161290323	1082.20161290322
496	9.66666666666667	0	0.947195971076338	0	77.3963449850786	0	-48.855769230769	-93.2596153846156
497	10	0	0.914487615486421	0	77.0620715963302	0	110.9140625	103.578125
498	10.7777777777778	1	0.998388306606732	1	65.3217141053517	48.6656444484948	10.8500000000001	-78.5250000000002
499	9.55555555555555	0	0.942118179565056	0	76.9596751398103	0	114.383333333334	54.6083333333332
500	16.2222222222222	20.2222222222222	0.518797581006535	0.581527065302012	74.8093971664754	34.3459094101551	43260.6153846155	1554.65384615384
501	40.6666666666667	42.2222222222222	0.778301219006888	0.693490518233663	54.8622462267325	20.2063734357688	38620.3492647061	1337.42279411764
502	10.2222222222222	0	0.878760551613833	0	76.8592352088559	0	42	6.88461538461553
503	21.2222222222222	31.5555555555556	0.838426653298819	0.892545676766492	56.1880062221198	22.7277687629686	14990.9333333333	579.166666666666
504	23.1111111111111	12.4444444444444	0.764766572811096	0.627260176054107	67.7037881407858	32.5097901787265	2749.09375000001	70.09375
505	11.8888888888889	0	0.90697822955521	0	76.538492014798	0	5.734375	7.2265625
506	9.22222222222222	0	0.939730883995377	0	77.128000742583	0	-57.5	-85.5
507	24.6666666666667	24	0.666095631589078	0.709658850521105	58.2420910555616	32.7307784485718	152214.966666666	5153.09999999997
508	9.66666666666667	0	0.959995626534221	0	77.0823099787487	0	48.66015625	17.2734375
509	12.2222222222222	0	0.979811541941756	0	76.8754314241137	0	42.8846153846154	-55.7307692307689
510	9.55555555555555	0	0.903988046247064	0	77.1552298053242	0	55.0887096774192	3.16532258064474
511	9.55555555555555	2.55555555555556	0.962924963009976	0.991683847303198	76.8843945262623	77.1161842695862	85.6346153846156	-31.8365384615387
512	11.6666666666667	0	0.913082041438631	0	76.90298519605	0	4.08333333333321	20.020833333333
513	29.2222222222222	23.8888888888889	0.354536235921986	0.348762355937709	73.53065256842	41.0243025299468	63332.7249999999	2199.67500000001
514	10	0	0.908259280406315	0	77.1409945172585	0	32.1612903225806	-69.5161290322583
515	10.6666666666667	0	0.867603767528682	0	77.3611597135429	0	89.5000000000001	-21.0000000000003
516	8.33333333333333	0	0.872261079442604	0	77.0696764173464	0	-59	-24.8571428571431
517	13.6666666666667	0	0.909667341053855	0	77.3349541882908	0	15.6923076923078	-24.596153846154
518	9	0	0.896159196576561	0	77.294611113386	0	-9.09677419354838	-70.0161290322578
519	10.5555555555556	0	0.919531900102658	0	77.1929930393786	0	108.5	0.711538461538737
520	12.5555555555556	0	0.943169276285635	0	76.6889781468628	0	6.65725806451609	33.137096774194
521	12.7777777777778	0	0.948297487116096	0	77.0504835963775	0	26.25	-5.75
522	9.77777777777778	0	0.927081023662251	0	77.1229086126313	0	7.53787878787882	5.72727272727316
523	14.1111111111111	13	0.561524948106939	0.589704703556507	73.7402327787043	44.7348391639387	38943.3629032257	1339.89516129033
524	9.88888888888889	0	0.870236624323821	0	77.0305283708876	0	44.3951612903225	-30.5967741935483
525	8.11111111111111	0	0.935112688399399	0	76.3253130481588	0	40.3064516129033	-53.4193548387098
526	10.2222222222222	0	0.918585422240943	0	77.03592257071	0	107.639423076923	38.0480769230771
527	28	42.5555555555556	0.766572730592226	0.929018762146716	57.6616763124202	21.503834492668	49812.6875	1638.6911764706
528	8.33333333333333	0	0.879459518768279	0	76.1350620136725	0	81.959677419355	21.1532258064517
529	9.55555555555555	0	0.912983462155874	0	77.1024794237303	0	138.221153846154	31.4519230769232
530	16.7777777777778	8.88888888888889	0.842827192564758	0.782128979384625	69.0688725841717	42.3637896596408	10157.9444444445	364.185185185183
531	14.4444444444444	13	0.859729958087702	0.825136520714149	63.0276355260707	34.86612552579	4889.485	182.44
532	13.6666666666667	0	0.955636186866565	0	76.5532005064582	0	72.70703125	22.21875
533	10.8888888888889	0	0.951172246285255	0	77.4645891876977	0	89.806451612903	17.0967741935488
534	12.2222222222222	0	0.935898128002836	0	76.7572974569191	0	40.0144230769232	14.2307692307691
535	8.44444444444444	0	0.873519869858129	0	75.9229361724316	0	53.0833333333334	-3.20454545454523
536	9.22222222222222	0	0.921216051462258	0	77.204058727837	0	57.7500000000001	46.8750000000001
537	14.7777777777778	0	0.945594453373576	0	77.007482533604	0	69.2019230769234	12.8221153846155
538	13.4444444444444	0	0.939054210598035	0	77.3829268245181	0	105.663461538462	11.0288461538462
539	13	0	0.948365961729651	0	76.6720598386467	0	33.418269230769	-25.7115384615389
540	9.44444444444444	0	0.94642434722674	0	77.1005047736953	0	-0.225806451612826	-12.6975806451611
541	11.2222222222222	7.11111111111111	0.759867471171857	0.759283910592319	73.6357991210642	47.2336334927328	2545.54891304349	52.1413043478259
542	15.1111111111111	0	0.943807125212683	0	69.8551187202906	0	105.757575757576	-32.8181818181824
543	17.1111111111111	7.33333333333333	0.838623543969601	0.719544449859154	67.8375048175105	33.402024286756	883.153846153844	65.0769230769233
544	10.7777777777778	0	0.880329916133344	0	77.1065242622765	0	80.53125	56.53125
545	11.6666666666667	0	0.913003028525913	0	77.155908462816	0	26.25	23.9435483870969
546	9	0	0.914441433137831	0	77.3491127309793	0	25.6538461538464	23.153846153846
547	11	0	0.887451297767954	0	77.1650811243828	0	16.6153846153846	-29.8269230769229
548	37.5555555555556	41.3333333333333	0.726801882318466	0.7096469855552	56.310559309432	20.3954494738313	34538.73046875	1216.5078125
549	9	0	0.95062053580289	0	77.114064604064	0	9.53846153846141	-15.5384615384619
550	18.8888888888889	10.6666666666667	0.650604444629784	0.608990947540012	71.675026363761	42.6732682464408	24045.085	828.880000000003
551	9.44444444444444	0	0.872583150881275	0	76.5017571168495	0	69.3709677419358	0.766129032258007
552	10.2222222222222	0	0.923056943040426	0	77.4195512492144	0	74.94921875	6.44140625
553	8.66666666666667	0	0.854723925922025	0	75.3137471788089	0	47.25	-42.2884615384619
554	11.4444444444444	0	0.920651938260359	0	76.8334698439901	0	86.6249999999999	1.50000000000014
555	26	4.66666666666667	0.667218747718557	0.3569630348997	71.1897228693025	53.0771056611038	823.25	62.8846153846158
556	31.4444444444444	25.2222222222222	0.597437196777525	0.542418264890969	61.9507320316483	29.0978834197249	53618.6499999997	1816.05000000001
557	9.77777777777778	0	0.895598764109184	0	76.7938373962794	0	-0.806818181818326	-12.9090909090904
558	28.8888888888889	27.2222222222222	0.728763402493084	0.728361175098992	60.3358763119738	26.3261407650734	43679.2177419353	1545.24193548388
559	11.6666666666667	0	0.660385704929874	0	76.0028800653946	0	67.8548387096774	-59.4959677419358
560	11.8888888888889	0	0.96400028420343	0	77.0768300324534	0	23.8076923076924	5.78846153846183
561	21.4444444444444	16.8888888888889	0.541291322034039	0.541379844781752	69.83056484991	38.8960257088314	50439.2500000002	1703.37499999999
562	20.4444444444444	10.2222222222222	0.491101213796816	0.475464195372079	75.0427657086701	33.8442649680868	1200.73557692307	93.1346153846151
563	14	0	0.686452749066715	0	77.4018652308082	0	44.19140625	-36.38671875
564	16.6666666666667	0	0.947494287143315	0	75.1094391029834	0	46.8374999999999	-71.2291666666671
565	8.33333333333333	0	0.869426458965739	0	77.132552334724	0	90.8557692307694	74.6442307692306
566	21.6666666666667	19.1111111111111	0.703404109051646	0.710792844536426	60.5521204853821	32.5521076507974	64518.9423076921	2393.24038461538
567	14.2222222222222	0	0.964004810565914	0	76.8518452777499	0	28.609375	-18.15625
568	13.1111111111111	0	0.889147780348767	0	76.7688467302413	0	38.5	13.2115384615385
569	8.33333333333333	0	0.919802003704667	0	76.9491821064801	0	95.83203125	68.37109375
570	9.66666666666667	0	0.933342525875088	0	76.0675674567006	0	50.88671875	-34.3203125
571	10.8888888888889	0	0.891145570710297	0	77.0100004961242	0	41.8365384615383	-11.668269230769
572	28.1111111111111	26.5555555555556	0.780938066683788	0.749250311512159	59.465214880056	26.8034449552926	18423.2258064517	708.806451612899
573	19.5555555555556	0	0.959259897644437	0	57.0420774660697	0	25.2352941176468	-34.4117647058827
574	33.5555555555556	31.6666666666667	0.934532147047838	0.834101321789667	58.9614036688077	25.0786434847225	61979.453125	2197.51953125
575	9.44444444444444	0	0.919787057121497	0	77.0308783406742	0	58.3653846153843	20.235576923077
576	9.77777777777778	0	0.849915263628326	0	77.1543485777197	0	97.1590909090909	4.27272727272712
577	8.88888888888889	0	0.919690344598288	0	76.9768858869251	0	20.15625	-34.7500000000002
578	9.66666666666667	0	0.913964941679797	0	77.0996801928017	0	113.389423076923	13.0192307692307
579	20.5555555555556	12.8888888888889	0.631293484909524	0.571479123817339	71.0122169354547	43.7672801446277	32690.0603448277	1368.53448275862
580	46.2222222222222	45.6666666666667	0.522821179576193	0.532617057786729	55.6772480510897	20.9585505530424	112417.75	3891.93014705886
581	11.6666666666667	0	0.998610597857084	0	77.2090875977612	0	68.7217741935485	-14.4153225806455
582	9.22222222222222	0	0.911476563189662	0	76.9651701507433	0	102.447115384615	57.5384615384611
583	10.4444444444444	0	0.885720078939338	0	77.3176564797708	0	111.2265625	-5.83984375
584	11.7777777777778	0	0.975575431679897	0	77.1481723210031	0	44.5384615384614	-0.269230769230546
585	13.3333333333333	0	0.963211092853414	0	77.0727437706605	0	59.9615384615387	-17.1153846153842
586	10.8888888888889	0	0.961037633974911	0	63.7628693004187	0	131.8828125	-30.5234375
587	9.55555555555555	0	0.885615011355352	0	77.3794583755795	0	56.5234375	20.3671875
588	11	0	0.853023885850366	0	77.0005928552636	0	3.1875	17.6953125
589	13.1111111111111	10.2222222222222	0.80880736782221	0.87883790720262	67.5953012952962	42.0397814101069	23361.25	766.519230769229
590	30.7777777777778	34.1111111111111	0.935377624286484	0.857120128955428	54.9549119929513	21.5510528283338	25329.19921875	821.59765625
591	11	0	0.826493687410284	0	77.1802276472113	0	70.65625	45.03125
592	12.6666666666667	0	0.941204468513524	0	77.3512975295134	0	48.19921875	12.7890625
593	12.6666666666667	0	0.921769332165104	0	77.1641391992105	0	69.0161290322578	7.62903225806429
594	18.6666666666667	12.1111111111111	0.625730807468634	0.636512315708009	69.6841831231529	39.2617611868512	26532.1634615385	1040.06730769231
595	9.33333333333333	0	0.935433562465351	0	76.9708081544868	0	50.875	-3.05769230769218
596	26.2222222222222	25.1111111111111	0.619799766082417	0.69783555912317	66.9642307734886	26.6729839429575	33726.8444444445	1192.82222222222
597	11.5555555555556	0	0.864134430263041	0	76.9432380600661	0	29.6538461538462	18.4615384615384
598	15.1111111111111	0	0.977114951762217	0	70.1018925231301	0	134.46875	58
599	10.1111111111111	0	0.939855106289624	0	77.2312417063526	0	67.9759615384616	16.9086538461542
600	8.33333333333333	0	0.944195194775786	0	77.4241732201188	0	8.04741379310347	-15.5
601	17.8888888888889	12.4444444444444	0.650060918298272	0.631052568464055	71.1229905728476	43.7130053941781	36999.370967742	1338.1814516129
602	9.66666666666667	0	0.961595187983271	0	77.2874752958359	0	64.8671875	21.88671875
603	13.4444444444444	0	0.945812621817814	0	76.3518287565223	0	-15.9166666666668	-9.27083333333347
604	9.22222222222222	0	0.925891011379222	0	77.2303325504317	0	30.6923076923076	11
605	13.1111111111111	0	0.968744644720547	0	77.2070003897833	0	73.3125	42.5
606	24	12.4444444444444	0.749679312931469	0.69381165161694	63.0819415478584	28.2242277806803	1203.47916666666	252.302083333332
607	13.1111111111111	2.66666666666667	0.569981479692801	0.721216279254642	74.7433935990689	29.9289106904711	264.444444444445	56.5555555555557
608	12.3333333333333	0	0.938997833029305	0	77.04600296875	0	-14.25	7.25
609	10.4444444444444	0	0.885462193931322	0	75.8518329011965	0	-14.7836538461539	4.07692307692294
610	12	0	0.92870309557984	0	76.6541549904521	0	122.076923076923	63.4230769230768
611	9.44444444444444	0	0.945162794096188	0	76.9955822443183	0	52.6532258064517	8.44354838709643
612	9.88888888888889	0	0.891617252961008	0	77.0493253372829	0	96.7307692307693	-35.6730769230766
613	7.44444444444444	0	0.930626905446775	0	76.9136685448057	0	72.4193548387095	-6.09677419354815
614	32.4444444444444	31.6666666666667	0.700926735302368	0.697042891760661	54.9240618593905	24.5113307486076	91123.7867647061	3185.29779411763
615	11.7777777777778	0	0.868329983475374	0	77.1676925853551	0	64.2177419354837	8.83064516129029
616	11	0	0.944189822150983	0	76.9918076503867	0	37.7307692307691	54.043269230769
617	12.2222222222222	0	0.957897483585686	0	76.7356626746772	0	24.3605769230771	25.2355769230765
618	12.3333333333333	0	0.931129586262106	0	76.7337101661632	0	52.6874999999999	16.4375000000005
619	12	8.44444444444444	0.722229271688644	0.728869392182211	70.7162643976007	46.0083103154276	15874.9807692307	648.413461538462
620	9.33333333333333	0	0.670524652399275	0	76.1701538093255	0	52.1166666666664	-46.5499999999996
621	12.2222222222222	13.7777777777778	0.669517487451682	0.743718002925874	69.2529758292821	38.975857269944	42388.93359375	1557.77734375
622	11.5555555555556	0	0.901818230802141	0	76.8999872914377	0	30.2903225806451	-2.77419354838685
623	31.4444444444444	59.1111111111111	0.970026225863563	0.928016417858991	56.4453867943118	17.6406499049084	51648.2019230764	1754.34615384617
624	10.3333333333333	0	0.898012133475875	0	77.0966861803567	0	89.7258064516132	40.1370967741933
625	42.6666666666667	41.7777777777778	0.544495401433024	0.553176600587418	56.3391653954306	22.0742410606406	90871.3275862061	3258.82758620692
626	12.7777777777778	0	0.904399258642967	0	77.3039632187841	0	59.9375	78.5703125
627	28.7777777777778	33.8888888888889	0.890337630124973	0.95846628035389	61.0985558324263	21.4876829153764	41835.7647058821	1499.68382352941
628	20.2222222222222	14.2222222222222	0.767471480323437	0.682133487182802	64.825345802746	35.7688650588264	36747.7932692307	1316.57211538462
629	24.7777777777778	21.8888888888889	0.90106706816915	0.971409633144914	58.1412395597762	23.9376599266229	3999.63636363637	162.151515151516
630	9.88888888888889	0	0.948144332720661	0	77.3505204551248	0	-20.3203125	-28.984375
631	13.8888888888889	0	0.97195255019787	0	77.0671312207749	0	108.58984375	-14.89453125
632	18.4444444444444	27	0.918954674745871	0.916304573147456	57.8062263700307	25.2977815727775	24147.8046875	907.0234375
633	46	37.7777777777778	0.592632422221059	0.628438917314097	59.5063343063468	21.7813130676445	24487.9558823529	744.264705882357
634	11.5555555555556	0	0.972133610999115	0	77.1899678675875	0	2.96875	-7.5625
635	49.7777777777778	60.6666666666667	0.73729789781584	0.665271441088193	56.6935525954808	18.222361207761	69743.4078947372	2370.45394736841
636	11.6666666666667	0	0.987671776112345	0	76.2071093580967	0	11.875	9.68749999999977
637	11	0	0.845316497235597	0	76.8784033472204	0	52.692307692308	6.10576923076937
638	11.1111111111111	0	0.865256660127494	0	77.1107035557795	0	62.4423076923076	-22.7692307692311
639	13.3333333333333	0	0.90921263869691	0	76.8213303661394	0	-28.5576923076922	37.8653846153841
640	10	0	0.93258541790342	0	77.0185713089514	0	78.6953125	3.05078125
641	12.8888888888889	0	0.866421575253729	0	77.1177876827709	0	64.7903225806455	-35.495967741935
642	13.7777777777778	0	0.993454882569395	0	77.0418041670169	0	33.4038461538461	13.1442307692305
643	9.77777777777778	0	0.846369970124593	0	76.9030837169518	0	65.2708333333335	-32.2291666666664
644	11	12.3333333333333	0.680838958693294	0.729943688945281	71.1148344288032	43.4249955850693	41835.9083333334	1452.23333333333
645	10.8888888888889	0	0.888214255008906	0	77.0210262432747	0	41.5000000000001	-5.49999999999994
646	8.77777777777778	0	0.911137113796654	0	77.0422680621913	0	17.0480769230768	-39.3365384615382
647	9.88888888888889	0	0.932677966726017	0	77.3452940183929	0	-3.09615384615392	7.35096153846175
648	21.1111111111111	15.2222222222222	0.740782275997886	0.694669126609067	65.1853567978369	34.7389471668607	17088.5	566.774038461536
649	13.2222222222222	0	0.974199453375133	0	77.230751300524	0	70.5673076923078	52.3942307692308
650	9.66666666666667	0	0.958122805688854	0	77.0657517465623	0	-1.40384615384609	13.2115384615383
651	10.5555555555556	0	0.966698578327477	0	77.0773158024173	0	-33.4038461538464	-75.0576923076927
652	10.6666666666667	0	0.87392206266368	0	76.7369224973425	0	47.3951612903224	57.5
653	25.4444444444444	29.6666666666667	0.857479018049784	0.984384995706637	62.2949221712371	24.3266988035837	41415.125	1359.71875
654	9.77777777777778	0	0.938167999099953	0	77.1112947290036	0	42.3046875	-22.78125
655	21.1111111111111	18.5555555555556	0.87186623031684	0.949901140804107	63.0838289885671	29.4739665622923	7917.5480769231	346.980769230768
656	13.5555555555556	0	0.943667088077193	0	77.223269793829	0	17.0282258064517	-11.5161290322584
657	10	0	0.947149661532925	0	76.9374800497964	0	30.1612903225805	-0.258064516128798
658	13.5555555555556	0	0.971642981274896	0	76.9948609917815	0	26.078125	-4.12109375
659	10.7777777777778	12.8888888888889	0.643279631824414	0.754217239709852	68.6452744465737	45.2726597147811	39012.44140625	1538.8984375
660	12.1111111111111	0	0.909094276418422	0	76.8878454177964	0	-7.83750000000006	4.87499999999969
661	38.7777777777778	32.1111111111111	0.570482162282441	0.528329961559363	58.0411324362975	24.79557223589	96716.8583333337	3407.95416666666
662	10.3333333333333	0	0.951246385887124	0	77.2621047112856	0	69.66015625	-20.73828125
663	9.77777777777778	0	0.885883561025233	0	77.0103263152717	0	59.625	50.5
664	15	11.3333333333333	0.691982330383932	0.754321721563864	69.1205233480491	41.1137517527442	27824.1071428572	1002.23214285714
665	8.33333333333333	0	0.855932686820494	0	77.0905381278616	0	45.90625	-13.6640625
666	19.8888888888889	16.7777777777778	0.825489728835932	0.851347024814882	63.3077144260704	34.9217631099512	60593.9423076921	2087.86538461538
667	11.5555555555556	0	0.909247268958588	0	77.1774187105073	0	33.1796875	33.078125
668	9.33333333333333	0	0.916975110947736	0	77.1141240470332	0	8.24038461538458	40.4759615384617
669	28.6666666666667	24.2222222222222	0.69441344411833	0.718514943449731	61.0967595260218	26.1950719804808	13726.8125000001	490.799999999996
670	9.77777777777778	0	0.915073340600949	0	73.220870993607	0	28.703125	6.296875
671	11.1111111111111	0	0.891112003191059	0	75.0651926799095	0	56.8461538461536	19.8894230769232
672	9.33333333333333	0	0.86881109899288	0	77.3230786520177	0	86.671875	47.32421875
673	9.77777777777778	0	0.960901914086231	0	76.9941406851279	0	7.27822580645153	-10.2943548387097
674	10	0	0.948680421934943	0	76.8314784496089	0	107.701923076923	25.8653846153844
675	8.88888888888889	0	0.919472175747237	0	75.8454485338797	0	35.4615384615386	22.4423076923078
676	9.66666666666667	0	0.901575677118165	0	76.8620748660955	0	66.9838709677418	-9.72580645161263
677	9.44444444444444	0	0.920159055874394	0	76.5499582929849	0	61.83984375	58.5625
678	24.7777777777778	26.2222222222222	0.836102576964916	0.975101101458651	63.7537532456309	26.4970478613536	28350.5	963.5625
679	9.88888888888889	0	0.886837827702694	0	75.3509334667563	0	50.5	22.5384615384616
680	11.5555555555556	0	0.689942565362089	0	77.0980293333787	0	57.3235294117649	-40.860294117647
681	20.5555555555556	0	0.526681037123925	0	76.8370627640766	0	51.3888888888887	48.7777777777776
682	30.3333333333333	26.2222222222222	0.629133348151242	0.603227456389456	63.4574331536719	30.8251352608698	71624.8833333332	2569.69166666666
683	10	0	0.962243357302839	0	77.4056584394654	0	64.5384615384617	0.653846153846018
684	10.8888888888889	0	0.89195119536592	0	77.0769242292599	0	2.6814516129032	10.9919354838708
685	11.8888888888889	1	0.958585634338519	1	77.1899679684494	52.865969212422	22.3984375	-11.9296875
686	9.55555555555555	0	0.92203735917322	0	77.0201638292294	0	37.7884615384615	-24.1538461538465
687	22.4444444444444	1.33333333333333	0.797679458566724	0.730296743340221	72.7233829239216	55.5538574721354	262.25	136.555555555555
688	11.4444444444444	0	0.948577301887058	0	76.8194622902863	0	19.9615384615385	-37.8461538461537
689	10.1111111111111	0	0.9744536528622	0	77.2832673227473	0	-0.935483870967801	7.1290322580644
690	16.5555555555556	10.6666666666667	0.912341836337625	0.832473550701324	67.1154123272479	40.5088170801417	19386.8249999999	972.425000000003
691	9.11111111111111	0	0.930054930926881	0	77.1007763005966	0	101.865384615385	31.4038461538464
692	11	0	0.957849689771151	0	76.5084134765961	0	40.1612903225808	-39.6290322580647
693	10.5555555555556	0	0.932531389064745	0	77.2633124957974	0	53.1586538461537	15.4278846153847
694	10.4444444444444	0	0.898467733116773	0	69.4585832397488	0	106.6	60.8166666666665
695	10.5555555555556	0	0.972946368414053	0	76.7413671847924	0	57.5	11.625
696	9.11111111111111	0	0.934644488945946	0	77.3132197787234	0	-16.5	-23.3749999999999
697	13	0	0.838828183675569	0	75.6217906210325	0	17.125	22.4375
698	10.6666666666667	0	0.898922129644919	0	77.0775286006023	0	1.54838709677422	-18.790322580645
699	9.22222222222222	0	0.939250521630889	0	77.2177290065671	0	13.9375	-34.4855769230767
700	55.5555555555556	74.3333333333333	0.925508345004838	0.808128786859639	57.4694609392221	16.2818593982746	61523.4883720934	1964.60465116281
701	11.4444444444444	0	0.897912115436141	0	77.1788040144021	0	31.25	-57.21875
702	10	0	0.914752152565061	0	77.4018949120254	0	56.3999999999998	-26.333333333333
703	10.6666666666667	3	0.755367769194706	0.819965741994741	77.2708388379196	75.8537935795671	108.721153846154	4.19711538461517
704	10.2222222222222	0	0.942013575743854	0	77.0863884008032	0	-15.875	53.0833333333331
705	12.7777777777778	0	0.935173021675704	0	77.1752314440621	0	25.3461538461541	-12.0769230769229
706	10	0	0.892044097883639	0	77.1965498988568	0	12.5806451612902	-4.5483870967746
707	11.2222222222222	0	0.83732113213793	0	77.2814321218991	0	21.0546875	14.703125
708	10.4444444444444	0	0.933094783186427	0	77.3131131906198	0	23.46875	9.75
709	16.7777777777778	9.22222222222222	0.808043527285056	0.787059360906114	67.334886399225	41.0155744831471	23264.1009615384	809.375
710	13.4444444444444	0	0.927821388870179	0	77.1601577980703	0	49.1538461538462	2.30769230769215
711	12.7777777777778	0	0.952848420988295	0	76.2055043227386	0	11.125	2.5703125
712	10.3333333333333	0	0.927085620098316	0	77.097264926026	0	74.8076923076921	-5.94230769230796
713	9.66666666666667	0	0.958409726248787	0	77.273327869555	0	37.9326923076922	37.75
714	10	0	0.937568715076505	0	77.1279432076003	0	24.9677419354839	0.580645161290704
715	24.7777777777778	16	0.744355687498642	0.741398921724491	62.8981859208962	32.6815972340659	30253.3400000001	1023.89
716	9	0	0.968646904101477	0	77.1263726740549	0	4.61538461538469	-67.9230769230774
717	9.22222222222222	0	0.945252670114048	0	77.2560215416226	0	19.6290322580643	-16.3225806451616
718	13.7777777777778	0	0.967124314146001	0	76.7973142148335	0	19.2692307692307	19.8076923076926
719	9.88888888888889	2	0.847054588830083	0.790569415042094	62.3918256548081	46.101242460248	161.7890625	13.5234375
720	8.55555555555555	0	0.93720892709379	0	76.6819974817912	0	157.23046875	31.3125
721	9.77777777777778	0	0.905314405045358	0	77.4605496527587	0	91.1428571428569	-7.42857142857156
722	11.4444444444444	6.55555555555555	0.835600254339397	0.778936180334248	72.7763390505857	47.7289946749343	14253.7142857143	517.428571428572
723	13.4444444444444	0	0.887819447159321	0	67.5815204607511	0	116.240384615385	-4.87980769230737
724	8	0	0.860116841377035	0	76.9259552027789	0	-48.6923076923078	-7.92307692307696
725	9.55555555555555	0	0.956159313827122	0	76.749381378662	0	61.88671875	-1.46875
726	24.8888888888889	18.4444444444444	0.664942751237732	0.640181326070454	64.6270974803745	32.1638674157707	37254.4051724137	1313.74137931034
727	20.7777777777778	16.3333333333333	0.863370983746988	0.854394397287099	62.9505519538011	27.3865037771899	2274.78125	158.499999999998
728	14.2222222222222	0	0.950450654029339	0	77.0739911020983	0	52.5	-5.2692307692306
729	10.7777777777778	0	0.947217844300577	0	77.0577423216334	0	63	-10.0699999999998
730	12.1111111111111	0	0.982102796617073	0	76.8231560023423	0	56.0192307692306	-21.6778846153848
731	10.5555555555556	0	0.913285588772154	0	77.2561407595268	0	38.1451612903225	21.8064516129033
732	9.55555555555555	0	0.950441121670587	0	76.8200700403755	0	72.8828125	23.75
733	14.6666666666667	9.22222222222222	0.552531149647251	0.637953440912739	75.0537377239076	45.0071241408326	8474.08000000001	558.480000000001
734	16.6666666666667	14.2222222222222	0.822306658693518	0.818615998288223	61.3963993764609	36.417148096772	44103.9807692306	1718.91346153846
735	15.8888888888889	0	0.963707825078186	0	76.1285942679639	0	25.1538461538461	-1.54807692307641
736	13.5555555555556	0	0.983964072742761	0	76.8683524222199	0	61.1826923076927	-29.6442307692303
737	11.3333333333333	0	0.979006551053173	0	77.1366472914298	0	-3.74193548387086	11.9193548387101
738	7.66666666666667	0	0.885039016592007	0	76.3325079691752	0	39.2799999999998	-49
739	9.22222222222222	0	0.898575546370158	0	77.120472982566	0	47.2019230769232	-11.7884615384617
740	21.1111111111111	15.7777777777778	0.530296871231757	0.505475360747238	71.0095430710181	40.1015005592151	42700.0530303027	1530.0909090909
741	32	31.4444444444444	0.852396276340465	0.805371415487228	55.5038782261683	22.4096160789273	31638.5524193547	1034.74596774194
742	10.5555555555556	0	0.907440864809723	0	76.9430130793924	0	49.9855769230768	49.1634615384616
743	11.3333333333333	12	0.772513845058501	0.827469527970418	69.2464394463212	45.6319658931652	37543.625	1387.91666666667
744	11.6666666666667	12.7777777777778	0.695743547000951	0.760187944174454	71.933696473032	47.2554507475295	47743.3333333332	1674.66666666667
745	12.5555555555556	0	0.419954937770626	0	77.2667867325006	0	29.0390625	-63.3203125
746	9.88888888888889	0	0.927070810133945	0	77.150923948653	0	-7.5	-15
747	20.8888888888889	0	0.931571295044597	0	64.1282039807315	0	195.472222222222	174.638888888889
748	50.3333333333333	52.7777777777778	0.621641688209929	0.641020471030822	56.4000618975589	18.5384064915363	38517.6891891894	1357.55405405406
749	9.44444444444444	0	0.961080799625224	0	77.3236621586228	0	145.5	72.5
750	13.2222222222222	0	0.96119989364755	0	76.4731065180498	0	54.40625	23.5
751	8.55555555555555	0	0.959069218750349	0	77.0895132634872	0	89.1129032258064	22.2379032258064
752	37.1111111111111	21.3333333333333	0.533951270275912	0.483391600052289	66.2551169619205	32.2930030256419	20897.6774193547	786.008064516127
753	8.55555555555555	0	0.981687037025014	0	76.2616312742255	0	48.3387096774197	-25.7419354838711
754	11.7777777777778	0	0.915899857899314	0	76.6257845812536	0	25.966346153846	-38.5432692307693
755	17.7777777777778	15.6666666666667	0.862515408048581	0.83537034534883	64.6465757056964	39.7910499086888	70086.1041666666	2496.31250000001
756	23.1111111111111	15	0.548496255424423	0.526769434922005	72.3416984112971	41.9779670158827	35889.8409090909	1266.84090909091
757	10.6666666666667	0	0.903334085660007	0	76.3645437596628	0	18.6874999999999	46.625
758	10.3333333333333	0	0.879295999248871	0	77.2206493358718	0	26.0721153846155	-31.375
759	42.5555555555556	26.7777777777778	0.5759294219214	0.503201611042568	64.0795436015574	27.8906933424175	10473.7403846153	442.875
760	10.6666666666667	0	0.868118202986531	0	77.2986091720764	0	127.865384615384	80.057692307692
761	9	0	0.934240677034732	0	73.9980340425206	0	-19.25	-61.6875
762	12.8888888888889	0	0.920283732241903	0	77.3901266950635	0	98.8125	50.37109375
763	10.6666666666667	0	0.862685397040141	0	77.3234603446195	0	7.375	-54.682291666667
764	10.6666666666667	0	0.822136402949096	0	77.2482318971191	0	-7.30208333333322	-9.82291666666696
765	13.7777777777778	16.1111111111111	0.785947832113456	0.93437904968413	66.9774382219115	36.0383191156658	35463.4807692307	1321.88942307692
766	10.4444444444444	0	0.946938115549469	0	76.4063765543722	0	83.75390625	52.9921875
767	22.1111111111111	17	0.783126205198428	0.762247591237159	62.6702631392965	33.5987611465447	26004.0208333332	977.725000000003
768	26.2222222222222	16.8888888888889	0.632783421062744	0.606773608317758	66.8221830517446	34.4796795903236	12395.5967741936	492.149193548386
769	13.5555555555556	0	0.961409689931572	0	76.9032852958186	0	25.25	-48.5927419354843
770	10.4444444444444	0	0.841610973274609	0	77.1963757037029	0	21.6826923076921	-9.45673076923119
771	11.4444444444444	0	0.962407366747975	0	77.2287783818873	0	95.7822580645163	-6.68548387096796
772	10.3333333333333	0	0.902760385117828	0	76.5498706595986	0	66.0096153846156	-21.9663461538461
773	11.5555555555556	0	0.945952278471466	0	76.4819861088561	0	80.4137931034487	-14.5517241379311
774	11.3333333333333	0	0.900445666263169	0	76.9331920425756	0	27.5192307692306	-21.2211538461538
775	10.7777777777778	11	0.696723592459028	0.707255622582008	71.2896222010717	43.6204100523511	36930.2692307693	1305.96153846154
776	13.6666666666667	7.33333333333333	0.606883479054576	0.568816817300151	76.8169529707366	40.5025057444944	1086.89673913044	87.2663043478263
777	13.2222222222222	18.3333333333333	0.670606060195315	0.685575244044055	69.2939393372763	42.567475338249	68032.7613636363	2516.59090909091
778	12.8888888888889	0	0.912138406169864	0	77.0210625260238	0	45.9278846153847	13.5288461538457
779	21.7777777777778	25.6666666666667	0.900110275075926	0.888212664818805	57.3923350542384	24.9271218826026	11070.28125	353.984375
780	16.5555555555556	18.5555555555556	0.712427209935726	0.720738288393372	63.2456433569221	40.4692957611195	154619.805147059	5782.42279411763
781	10.5555555555556	0	0.902038497528949	0	77.3193696567031	0	64.0480769230768	-0.6875
782	10	0	0.95051065101147	0	77.4214192055543	0	32	-32.0769230769229
783	24.3333333333333	18.2222222222222	0.715197429458715	0.680374997991466	63.1896894992105	31.3839331283699	36881.769230769	1571.84615384616
784	21.6666666666667	19.4444444444444	0.423803415950345	0.467674021493421	74.2448901411926	41.2418516509057	50637.6544117649	1734.96323529411
785	9.77777777777778	0	0.972517582032968	0	75.9289082754965	0	38.745192307692	31.0721153846156
786	13.1111111111111	0	0.951594132570145	0	77.0243639386675	0	39.26953125	-44.90234375
787	29.2222222222222	27.7777777777778	0.846225480311023	0.747680659156432	60.6903163684209	29.2407886752372	66007.98828125	2238.8203125
788	23.8888888888889	16.1111111111111	0.696943935381925	0.718093704454028	63.3436226133316	34.8865810808676	49831.6394230768	1720.28846153846
789	37	35.3333333333333	0.375377715530724	0.470831095079287	67.7987019655542	38.5438753674758	247162.44852941	8588.77941176476


