F:\AMNIS_data\pBGT-Bet-Hedging\chromosome\day-2_AMP_chromosome\rep-1\A10-noBF.daf
All

Object Number	Area_M01	Area_M02	Area_M04	Aspect Ratio_M01	Aspect Ratio_M02	Aspect Ratio_M04	Gradient RMS_M01_Ch01	Gradient RMS_M02_Ch02	Gradient RMS_M04_Ch04	Intensity_MC_Ch02
0	3.11111111111111	6.66666666666667	3.88888888888889	0.777665428912933	0.712201499652312	0.615891298715252	44.1246000961997	48.5722766748248	49.735838198078	13042.8064516129
1	0	13.1111111111111	0	0	0.695140128098336	0	0	34.7416139252477	0	10203.9698275862
2	0	10.5555555555556	0	0	0.537964067437747	0	0	45.3588618815118	0	11509.7016129032
3	0	11.2222222222222	0	0	0.752993217436736	0	0	39.8473511119527	0	9108.55405405407
4	0	6	2.77777777777778	0	0.820281338062264	0.65499014323824	0	49.765179915926	48.6887375039951	7445.12499999999
5	0	14.4444444444444	0	0	0.78369649069334	0	0	37.99771918652	0	14112.5454545454
6	4.11111111111111	8.55555555555555	3.66666666666667	0.61790356451223	0.859862762427008	0.710086299968448	44.1080124747843	46.0253022454597	45.6256066343424	11629.8064516129
7	0	7	0	0	0.642798068236787	0	0	42.1093933762952	0	1172.71691176471
8	0	4.55555555555556	0	0	0.925490123607463	0	0	47.1538040243441	0	689.275000000001
9	9.11111111111111	21.4444444444444	6.55555555555555	0.547384757298962	0.689566862373615	0.52150078423114	32.5727866573831	33.3922290081135	34.2915264068946	23806.5859375
10	5	10.7777777777778	5.77777777777778	0.74683420467836	0.8321829409177	0.652112397766137	36.4616778952376	37.6728151900204	38.9915605458858	18907.5833333333
11	0	7.11111111111111	0	0	0.689795327105214	0	0	38.7351812530047	0	986.107758620689
12	0	9	0	0	0.670023287869992	0	0	43.068072982949	0	8701.50892857144
13	4.33333333333333	9.11111111111111	5.44444444444444	0.847923155643865	0.956922765707193	0.869934178559986	42.2133429055159	42.4348148541168	44.3943584688607	17609.7983870967
14	0	16.5555555555556	7.88888888888889	0	0.839819954257597	0.746029070915102	0	33.7739148487162	35.7362260972293	16900.2941176471
15	2.22222222222222	6.22222222222222	2.22222222222222	0.790569415042095	0.870760537531962	0.790569415042095	51.6123966819742	53.057073457427	54.6269589903669	6374.28703703705
16	11.8888888888889	18.8888888888889	10.2222222222222	0.786591672271752	0.774308505617971	0.778128019505385	32.864735901311	34.0244921429485	35.593005368869	34486.2777777778
17	0	13.1111111111111	0	0	0.791807952688184	0	0	40.4220265978957	0	9220.26136363639
18	0	8.55555555555555	0	0	0.929283480579475	0	0	40.1904705785472	0	857.532608695653
19	0	10	4.22222222222222	0	0.733790485861544	0.605086690440768	0	39.543782234394	39.3269443155892	11261.125
20	5.55555555555555	10.7777777777778	5.88888888888889	0.505004605789247	0.570652992721472	0.544460978235835	42.9701567513033	43.1951507821538	43.6520898180938	20808.9375
21	0	9.33333333333333	0	0	0.780392095218275	0	0	40.569599317066	0	10228.5919117647
22	0	4.11111111111111	0	0	0.838339592399574	0	0	46.1273183355826	0	591.347826086958
23	0	6.22222222222222	0	0	0.859579718336389	0	0	47.94658161807	0	4453.27380952381
24	0	7.22222222222222	0	0	0.726727041994408	0	0	43.215472956777	0	1204.55769230769
25	0	14.5555555555556	6.77777777777778	0	0.755725587478984	0.74264836131766	0	35.4356843134209	34.8652593707888	17602.375
26	0	5	2.55555555555556	0	1	0.652783506460549	0	52.8744007842426	48.4914572480132	5459.51923076924
27	0	14.4444444444444	0	0	0.773483415815387	0	0	35.4335533714392	0	14710.0863095238
28	0	10.4444444444444	0	0	0.687964593690073	0	0	42.2290437978029	0	12032.1323529413
29	0	7.88888888888889	0	0	0.771502816994313	0	0	45.5234502268813	0	7875.22413793102
30	11.3333333333333	19.5555555555556	13.3333333333333	0.568177662882711	0.672225698736849	0.624691917534688	33.7741974313083	33.3046461343203	29.7385171688721	45403.9499999998
31	0	25.7777777777778	0	0	0.603339183341739	0	0	31.7593839915411	0	20893.3674242424
32	4.33333333333333	10.6666666666667	5.33333333333333	0.491487631966668	0.648712706388168	0.452297078004144	42.3419521970015	45.2798822317868	43.2989556484702	16097.96875
33	0	9.11111111111111	0	0	0.807190530220197	0	0	39.6947728972078	0	3332.5
34	7.44444444444444	13.2222222222222	8.77777777777778	0.624430907870532	0.731046001790999	0.708448587663134	38.6432728889282	38.4659526734124	39.5953248253865	30350.1939655172
35	0	11.7777777777778	0	0	0.926710404932145	0	0	35.3511886005576	0	3995.88942307694
36	0	21.8888888888889	9.66666666666667	0	0.875059518917984	0.810870168705201	0	29.3039849203489	30.141495157653	19950.9464285714
37	5.44444444444444	12.1111111111111	6	0.888221830573484	0.928676722126276	0.912578647266384	41.3015791435585	42.600945200387	45.7339778463545	17210.3870967742
38	0	4.22222222222222	0	0	0.859439563690411	0	0	47.064820197197	0	589.271739130435
39	4.11111111111111	8.33333333333333	5	0.667127609811031	0.833205315325873	0.921850323818028	46.1303847026678	46.5265489635323	48.078451040151	12229.4439655173
40	13.6666666666667	26.2222222222222	14.1111111111111	0.556594106710777	0.569942910650654	0.514279413093548	30.1987063031139	30.58946634442	30.8893749484928	40846.2142857142
41	4.44444444444444	12.7777777777778	6.33333333333333	0.483197798272306	0.580499369510134	0.467531536226841	41.8270379412653	44.9256601650063	43.9495575781689	17613.3125
42	6.33333333333333	11.5555555555556	7.66666666666667	0.417488555101705	0.494073567160346	0.450445291777046	42.2541235507371	45.5584860162644	46.0259439583318	19684.9435483871
43	0	12.3333333333333	0	0	0.684592956997703	0	0	39.8191368507643	0	7123.13392857145
44	0	16.3333333333333	8.44444444444444	0	0.622600861000632	0.505447002078324	0	33.3231400356339	34.681833238992	19086.1422413793
45	0	10	0	0	0.722163323886845	0	0	43.3651933948933	0	4062.86160714285
46	4.11111111111111	9.55555555555555	4.11111111111111	0.781241560682715	0.82910365047224	0.814941385332286	42.7685591591997	44.2968281556522	43.6587062130614	10539.12109375
47	0	8	0	0	0.82451114756975	0	0	45.5518024547316	0	6950.32758620691
48	0	6.66666666666667	0	0	0.712201499652312	0	0	47.6043850311765	0	6005.86206896552
49	0	6.44444444444444	0	0	0.770468801913467	0	0	48.8936102799924	0	4997.08796296296
50	0	8	0	0	0.727759907879978	0	0	44.433141783316	0	4929.40625
51	9.33333333333333	14.5555555555556	9	0.831704518163285	0.920382417792465	0.821171813195543	34.7660866931206	35.9067250478425	37.6917640242038	31632.1818181817
52	7.33333333333333	13.7777777777778	6.33333333333333	0.479396263019398	0.565436200807409	0.403434222264893	42.0227567069581	42.6599170993818	42.058279959754	25452.8863636363
53	6.44444444444444	12.6666666666667	5.77777777777778	0.519252003909646	0.590648926450434	0.448710868162313	41.6075181973634	44.4490482226429	44.931391505325	20175.92578125
54	0	25.8888888888889	10.1111111111111	0	0.781464866231778	0.732692063670539	0	29.0022653427573	29.1272577137281	28015.242857143
55	4	6.55555555555555	4	0.644259983781076	0.789853465124321	0.636015120252208	45.4910408085193	48.7988217561654	48.6321020681152	9422.49568965518
56	0	9.77777777777778	0	0	0.683585764590066	0	0	41.2396909084222	0	8758.18518518518
57	0	13.1111111111111	0	0	0.850693223468603	0	0	31.8385439517341	0	2340.60661764705
58	0	14.2222222222222	0	0	0.760585939282853	0	0	32.9962464010547	0	3605.8448275862
59	0	5.22222222222222	0	0	0.867139292797755	0	0	43.9309227834184	0	726.152173913043
60	5.44444444444444	13.5555555555556	6.11111111111111	0.529827875317586	0.733190016115094	0.610028518095097	40.8376390001803	40.1674286050087	38.2373514355721	16650.575
61	0	13	0	0	0.559106721816573	0	0	39.19228044345	0	10449.6174242424
62	0	9.22222222222222	0	0	0.726569354507903	0	0	38.6485576263165	0	3358.15
63	0	6	2.55555555555556	0	0.869079181001015	0.991683847303182	0	48.9195351898571	47.5399529148669	6979.22999999999
64	0	8.44444444444444	0	0	0.776245867189543	0	0	43.3907997158963	0	4753.03225806452
65	0	14.4444444444444	0	0	0.912337668262936	0	0	31.4218979894072	0	8203.74537037036
66	0	15.2222222222222	0	0	0.816422834308204	0	0	33.210103556431	0	7309.16911764707
67	0	9	0	0	0.944136541644376	0	0	44.207675914056	0	4743.05555555556
68	0	10.2222222222222	0	0	0.622451607374853	0	0	44.3122904491176	0	6064.20258620691
69	0	14	0	0	0.603976717505166	0	0	39.8021115480304	0	12451.0540540541
70	0	13.3333333333333	5.22222222222222	0	0.746534962970893	0.743685228353406	0	36.7169288553895	36.0180490118254	16909.46875
71	8.22222222222222	14.3333333333333	5.66666666666667	0.709700750275177	0.906973118061825	0.784049679105586	36.0056464786802	35.6009452532096	36.7332953290637	16522.4642857143
72	0	8.44444444444444	0	0	0.654154045357583	0	0	44.7356602221661	0	8046.33035714287
73	5.66666666666667	15.3333333333333	4.66666666666667	0.655877985100636	0.846036504754242	0.949089024567232	39.0782088522075	39.2017904240451	38.4805093476317	19666.4296875
74	0	14.7777777777778	0	0	0.525088241808778	0	0	38.4779475768666	0	7661.81249999999
75	0	7.88888888888889	3.66666666666667	0	0.821186231400275	0.728485682327	0	47.7025045242955	48.7279744854934	7300.02678571429
76	0	8.44444444444444	0	0	0.831622520266922	0	0	44.6696697731528	0	6068.21551724137
77	0	7.33333333333333	0	0	0.890778858275692	0	0	38.7344065000072	0	1092.3125
78	0	8.22222222222222	0	0	0.729092663582117	0	0	44.3966658574648	0	7973.35185185185
79	14	22.8888888888889	13.1111111111111	0.783761987925712	0.858907870824621	0.901417155383134	29.8768665410355	30.3668430649374	31.0045012947967	51608.734375
80	0	21.3333333333333	0	0	0.850922336676115	0	0	28.7765243597848	0	9056.06034482763
81	0	10.5555555555556	0	0	0.6514911676061	0	0	42.1783307354408	0	10429.0227272727
82	0	8.22222222222222	0	0	0.519289229902823	0	0	40.5425238374734	0	1099.14285714286
83	0	19.8888888888889	0	0	0.817009532053622	0	0	29.3683363886412	0	18723.3676470589
84	0	7.33333333333333	0	0	0.779377537488032	0	0	46.9113420117936	0	3917.12946428573
85	8	17.3333333333333	9.33333333333333	0.523948243417512	0.671868417159818	0.591063706434302	36.7102114768744	37.6408529447966	38.1489829585722	33513.84375
86	0	13.2222222222222	0	0	0.674590833962603	0	0	37.2449533815985	0	8428.31985294122
87	0	10.4444444444444	0	0	0.602057281520718	0	0	41.1321417071219	0	2374.68181818183
88	0	13.4444444444444	0	0	0.840243907695757	0	0	33.6678405423715	0	6167.26923076924
89	5	10	5	0.765303268232555	0.728600900768425	0.74683420467836	43.8890250091488	45.3572588111949	42.8550283753499	14772.4375
90	0	12.7777777777778	0	0	0.796021846093631	0	0	37.3312456317205	0	15158.4024390244
91	5.77777777777778	10.5555555555556	5.33333333333333	0.830206050292003	0.815639158182254	0.777038706230349	44.4986356080194	45.0952036184976	45.7215941175361	28951.6571428571
92	7.55555555555555	14.7777777777778	5.22222222222222	0.608799340079242	0.680196534315381	0.617989836371504	36.4386997153563	36.2078575337993	34.3806694630401	19132.9889705883
93	3.22222222222222	7.11111111111111	3.55555555555556	0.678359872488149	0.832662675594733	0.691799628152414	45.6674034589077	46.2911856296794	47.3086201623668	9535.52000000001
94	8.77777777777778	12.6666666666667	6.77777777777778	0.406717867218136	0.449379330248659	0.310734279372464	44.1950790941765	44.3347349642638	44.7932004663758	22118.2327586207
95	0	27.2222222222222	9.55555555555555	0	0.898141873822629	0.899462193668295	0	27.8382783925536	28.5955812935984	28431.9214285715
96	0	7.88888888888889	0	0	0.677155392567195	0	0	46.2972771363647	0	6839.66964285715
97	4.33333333333333	7.88888888888889	3.66666666666667	0.662808137626608	0.71869684728869	0.659591464733206	45.1583434931651	45.6600527310611	45.1735515221248	11306.8
98	0	10.5555555555556	0	0	0.922895889330011	0	0	39.8139972171114	0	5616.79017857144
99	0	16.3333333333333	0	0	0.794605807765948	0	0	34.7165202135655	0	14391.7056451613
100	8.33333333333333	13.7777777777778	7.44444444444444	0.911533383984226	0.967427403230107	0.882270845143109	38.0952805610057	37.7420432047569	40.463723728057	33602.1896551724
101	0	6.33333333333333	0	0	0.745992934273621	0	0	48.6504433188433	0	7136.40000000004
102	6	12.1111111111111	5.33333333333333	0.738992306184118	0.850902884999721	0.831209414593633	38.3595065756556	38.4901065047026	38.6335259370512	16118
103	0	15.8888888888889	7.22222222222222	0	0.574520741480912	0.409780529434638	0	41.6693990871107	40.7601919212056	20716.553030303
104	18.5555555555556	27.5555555555556	19.5555555555556	0.421727558946907	0.503062370246656	0.442207523790879	33.3292697431644	32.8734114048353	33.4151225815812	82397.2297297301
105	0	14.2222222222222	0	0	0.589045957038489	0	0	37.7943374621335	0	12290.2830882353
106	0	19.5555555555556	0	0	0.856562642492689	0	0	31.850143572252	0	13202.1206896552
107	0	9.88888888888889	3.22222222222222	0	0.718896203114471	0.473931976651523	0	44.8321316908334	41.1628463745637	8293.54285714286
108	0	11.5555555555556	6.44444444444444	0	0.64680947652577	0.507205901337565	0	39.8152862431455	41.1798220881898	12383.4137931034
109	0	14.7777777777778	0	0	0.782478012091792	0	0	33.6316306504346	0	9851.57758620689
110	0	18.8888888888889	0	0	0.565261916638583	0	0	35.8290149081718	0	18574.6892857142
111	7.55555555555555	13.1111111111111	7.33333333333333	0.856395995877744	0.84148170750945	0.752270141160333	38.6302449880015	40.3358357461882	41.7404650672889	24851.8787878787
112	0	22.7777777777778	0	0	0.934766249309069	0	0	28.8906730665838	0	7994.97413793101
113	6.33333333333333	15.6666666666667	6	0.950638754235145	0.972664579966368	0.93677571145975	38.6545736427906	38.5208594554347	40.7752731510077	22239.1893939394
114	0	16.2222222222222	0	0	0.86142253097237	0	0	31.9037046917546	0	10496.9482758621
115	0	7.88888888888889	0	0	0.896839852416248	0	0	37.1948122825798	0	882.789999999998
116	5.77777777777778	13.4444444444444	5.22222222222222	0.867376912058558	0.924222535507415	0.903507902905251	39.0309904728917	38.9106840233441	40.317046549611	19176.7741935484
117	0	8.44444444444444	0	0	0.741838712473726	0	0	41.3597422453085	0	7540.96428571428
118	0	9	0	0	0.624273459110731	0	0	45.0715230711821	0	6599.0096153846
119	0	4.11111111111111	0	0	0.874407449263835	0	0	49.1042006077725	0	580.645833333333
120	0	8.33333333333333	0	0	0.73288396435953	0	0	44.1332108934241	0	6515.14516129029
121	0	17.7777777777778	0	0	0.89966752192968	0	0	30.5149493068213	0	14242.3566176471
122	0	7.88888888888889	0	0	0.655894717837083	0	0	37.8047024807809	0	856.134615384613
123	8.55555555555555	17.7777777777778	9.66666666666667	0.620964775173204	0.75117520041678	0.830587687455466	33.2495429729428	30.6674630889953	29.1058215965038	21160.0625
124	0	10.6666666666667	0	0	0.630341690748771	0	0	41.2484115512515	0	6409.92788461538
125	0	9.77777777777778	0	0	0.583858346961044	0	0	44.2094908733828	0	8005.1785714286
126	0	9.77777777777778	3.22222222222222	0	0.703271879455669	0.652583316652009	0	43.8791406067853	45.2960819614086	8699.24999999999
127	0	6.44444444444444	3.33333333333333	0	0.770468801913466	0.887411967464942	0	48.3624408106904	44.6219588796403	7784.35714285715
128	10.1111111111111	26.1111111111111	9.66666666666667	0.818107950958115	0.878212429516604	0.900326196063476	25.7747956736908	27.4562759132776	25.9107159005331	33408.4375
129	4.88888888888889	9	5.66666666666667	0.792278806913915	0.824607177816461	0.91897941308152	39.3493586216452	40.959441609741	41.105786321136	13048.1574074074
130	7.66666666666667	16.8888888888889	8.77777777777778	0.966464959441467	0.930648805177383	0.887773569165621	34.1713968682653	34.8901010152524	36.4041534548381	23026.6590909091
131	0	21.6666666666667	0	0	0.911558662598201	0	0	29.3295467693932	0	11530.9310344827
132	9.33333333333333	15.5555555555556	9.33333333333333	0.511787342003033	0.642003027504335	0.588864747339399	35.710134829929	36.4374963768913	36.8164411042619	32222.25
133	0	11.5555555555556	4.88888888888889	0	0.857310293156296	0.882506018726039	0	37.8805631517164	39.406915625225	11972.3083333333
134	13.2222222222222	24.6666666666667	12.4444444444444	0.434817933695843	0.529050175603712	0.457116746556399	29.9546695051298	30.4470979321759	30.664157283795	34983.296875
135	0	18.7777777777778	6.22222222222222	0	0.954281125049477	0.928251667054543	0	32.1883329171307	32.8351607777352	15921.6666666667
136	3.55555555555556	9.44444444444444	3.55555555555556	0.487950036474267	0.612887213201501	0.487950036474267	44.3784757704042	45.3154661536671	45.4879940273743	13143
137	7	15.4444444444444	8.33333333333333	0.480004913234919	0.654410908631089	0.578339423800436	39.8268326065342	40.6015622689019	40.7342431168653	29396.1911764707
138	0	18.8888888888889	0	0	0.739860280806981	0	0	30.2312256018826	0	7816.15517241377
139	0	11.8888888888889	0	0	0.378130052535177	0	0	40.5892893116276	0	1723.69396551724
140	0	8.88888888888889	0	0	0.817210915723658	0	0	41.6291898552301	0	3722.28571428572
141	0	12.8888888888889	0	0	0.823199656235709	0	0	33.9315839472228	0	7276.54545454544
142	0	7.33333333333333	0	0	0.635599580242519	0	0	39.8384341566778	0	773.812500000001
143	0	12.2222222222222	0	0	0.417623827642752	0	0	40.9342215607764	0	7082.6875
144	0	11.5555555555556	0	0	0.838808241878997	0	0	39.2829700198755	0	7229
145	0	6.55555555555555	0	0	0.915618597077542	0	0	41.299851668358	0	751.586538461537
146	0	7.22222222222222	3	0	0.810924393479395	0.734155383846784	0	45.2855508612294	45.0139463296987	7908.74500000001
147	11.2222222222222	22.6666666666667	12.5555555555556	0.558686420901274	0.652788677034151	0.542585749607773	32.5545234854213	31.5346963544777	31.8058788979446	41138.9453125
148	0	19.7777777777778	0	0	0.906772044076939	0	0	28.5139834219313	0	10744.375
149	0	12.6666666666667	7.44444444444444	0	0.576413209366305	0.500975781746306	0	39.6869215905143	39.0248025040101	19499.5
150	7.55555555555555	11.4444444444444	6.22222222222222	0.798483223956243	0.819922456203446	0.756802004694964	40.497577487298	41.7026420944937	42.8034756855884	28735.8999999999
151	0	8.55555555555555	0	0	0.722031764053998	0	0	44.8258943767254	0	7682.45220588237
152	0	19.4444444444444	0	0	0.772837355788542	0	0	29.4194319179997	0	12751.4568965517
153	0	8.88888888888889	0	0	0.496251214337463	0	0	38.358303245018	0	1330.43965517241
154	0	10.6666666666667	0	0	0.647005814289635	0	0	40.6048274951911	0	7933.99038461537
155	0	11.5555555555556	0	0	0.633136658626941	0	0	41.3005657091981	0	7714.25675675674
156	0	7.44444444444444	0	0	0.722177514583028	0	0	44.1913491226982	0	7335.16071428572
157	0	8	0	0	0.78136212116122	0	0	42.6160957002108	0	3585.42578125
158	0	6.33333333333333	0	0	0.782168184584485	0	0	49.0753423405032	0	4431.5
159	0	6	0	0	0.948367111390069	0	0	48.25786433914	0	1317.4609375
160	0	8.11111111111111	0	0	0.715253779792408	0	0	42.5656656658471	0	1275.07692307692
161	0	9	2.66666666666667	0	0.815983731520353	0.654653670707977	0	45.7771497297626	43.9872171210039	9399.56640625
162	0	9.88888888888889	0	0	0.572457155448059	0	0	45.2961284184695	0	4903.78571428571
163	0	12.2222222222222	0	0	0.753482322265532	0	0	39.7943852484645	0	9678.2575757576
164	0	4.22222222222222	0	0	0.876798086630039	0	0	47.3779200259111	0	665.595238095239
165	0	17.3333333333333	0	0	0.832404446711128	0	0	30.1268566315233	0	14472.7068965518
166	0	9.33333333333333	4	0	0.672425657058982	0.561187762845125	0	44.0430058311289	47.3023106862945	12059.68359375
167	0	16.7777777777778	0	0	0.808929918105246	0	0	34.1250644754149	0	11588.0172413793
168	0	5.88888888888889	0	0	0.905422361821782	0	0	44.6297029471929	0	668.34
169	0	7.88888888888889	3.44444444444444	0	0.730779760335412	0.661243567214967	0	44.7208568398594	42.4304298830148	10090.0681818182
170	0	4.22222222222222	0	0	0.349566542760269	0	0	43.2102275905748	0	358.82738095238
171	0	4	0	0	0.63048832499128	0	0	38.0113091395335	0	878.166666666665
172	0	9.77777777777778	0	0	0.675412084973992	0	0	43.0778481073268	0	6473.52272727275
173	0	18.1111111111111	0	0	0.818534002442398	0	0	32.4726073947192	0	13246.9301470589
174	0	19.6666666666667	0	0	0.875087927096321	0	0	29.5962990612256	0	19412.5862068965
175	0	9.55555555555555	0	0	0.811570642227675	0	0	38.8233129947422	0	7590.125
176	4.66666666666667	7.33333333333333	4.22222222222222	0.727262427707313	0.837509410124024	0.832605657410933	45.7364594106922	45.8260123238489	47.2581528338612	14384.4314516129
177	9.11111111111111	15.5555555555556	10	0.621568474325555	0.772882973617097	0.684226059180883	39.0310782165695	39.4147112746533	40.6465741778305	55988.1499999997
178	7.33333333333333	15.5555555555556	8.77777777777778	0.431289677233517	0.576629315867555	0.450878566912298	40.541374365239	40.4000132463925	41.6831194250058	30052.6176470589
179	0	5	0	0	0.910548443995081	0	0	42.1644613090397	0	645.478260869566
180	0	11.1111111111111	0	0	0.585204281276075	0	0	41.4760154491818	0	5586.53125
181	6.22222222222222	13.5555555555556	4.77777777777778	0.573008611027017	0.710072049829351	0.547125098004207	39.06345401618	40.4829453888357	38.7773158411051	17027.831081081
182	0	8.44444444444444	0	0	0.498007747231348	0	0	39.7949075649554	0	1275.80514705883
183	0	19.6666666666667	0	0	0.752870272411283	0	0	29.0134855768912	0	11681.6722972974
184	0	16.1111111111111	0	0	0.672374458249762	0	0	38.4214179208239	0	16024.8445945946
185	0	7.11111111111111	4.33333333333333	0	0.753383156188171	0.649783448621748	0	45.9422891055114	45.4044705110016	8567.55357142857
186	6	16.2222222222222	7.66666666666667	0.602639007899572	0.903364936758661	0.850614329534864	34.2657635275112	35.8308044639199	38.0154305013365	17855.551724138
187	0	5.33333333333333	0	0	0.888956636984631	0	0	51.0920535679909	0	4795
188	0	8.33333333333333	0	0	0.76516808860386	0	0	44.1297875015501	0	8909.92672413792
189	9.11111111111111	34.6666666666667	13.5555555555556	0.880043665501938	0.922287634046661	0.959436836217973	28.1312555355928	27.7424895666044	26.927001448046	38388.128571429
190	0	7.33333333333333	0	0	0.95405633067037	0	0	38.8821406699585	0	1001.26086956522
191	0	11.8888888888889	0	0	0.870148098821325	0	0	32.1796810632363	0	8113.90517241379
192	0	10.1111111111111	0	0	0.78061151703443	0	0	41.2398112006921	0	4282.65948275861
193	12.7777777777778	19	12.7777777777778	0.7488796707847	0.756035853831216	0.806121610231604	31.30005276825	31.2289880183771	32.3149437589053	46159.5887096775
194	0	6	0	0	0.929550753300199	0	0	40.0005915415891	0	841
195	0	9.22222222222222	0	0	0.776756517685006	0	0	44.4177221803964	0	5847.7037037037
196	3.77777777777778	9.77777777777778	4.33333333333333	0.564773717988505	0.840621536196509	0.685405910779834	40.1548958979	43.5407536891402	45.8229689525537	10128.8148148148
197	0	5	0	0	0.714667298026513	0	0	42.322761006402	0	773.844594594596
198	0	7.66666666666667	0	0	0.933338749263534	0	0	46.0346438966203	0	4939.19827586206
199	0	19.4444444444444	0	0	0.876733028520876	0	0	29.9098918828979	0	7256.02586206895
200	0	9.33333333333333	0	0	0.543790039465245	0	0	39.8466194221326	0	1215.7196969697
201	0	6.88888888888889	0	0	0.854951760138754	0	0	44.6728769870566	0	6197
202	0	7.66666666666667	0	0	0.682465378869083	0	0	39.5687035086499	0	915.600000000001
203	0	5.33333333333333	0	0	0.831452674668923	0	0	46.0584671869731	0	722.08695652174
204	0	5.88888888888889	0	0	0.565502722998531	0	0	36.4739510424797	0	828.23076923077
205	0	6	0	0	0.865529637694357	0	0	49.7499652028553	0	3717.09615384615
206	0	13.6666666666667	0	0	0.956987850449389	0	0	35.012239965608	0	8438.52916666665
207	25.5555555555556	33.7777777777778	23.5555555555556	0.520817039371481	0.56154206028888	0.523354622992466	36.0561053250762	36.6993652649726	38.7639673400567	148530.027439025
208	0	9.88888888888889	0	0	0.606468870590825	0	0	43.1764965914377	0	8332.171875
209	0	0.333333333333333	0	0	0	0	0	0	0	232.990384615385
210	0	11.6666666666667	0	0	0.696764853476664	0	0	36.7458671573797	0	2328.38851351352
211	0	13.1111111111111	0	0	0.695281948212084	0	0	36.5117759958953	0	10125.8333333334
212	0	14.8888888888889	6.66666666666667	0	0.714705244262274	0.812836270908809	0	39.3325831006839	34.9909384415499	14785.2042682927
213	0	10.5555555555556	0	0	0.67118552192847	0	0	42.4490981682349	0	10890.4425675675
214	6.22222222222222	16.6666666666667	8.55555555555555	0.794618509875184	0.947725451529937	0.839666737157812	35.922997242922	35.9169291314949	37.2094199389282	32739.4827586206
215	0	5.55555555555555	0	0	0.860892045394467	0	0	48.6022183244104	0	1794.80555555555
216	0	8.55555555555555	0	0	0.946276171770085	0	0	45.7034443527142	0	4751.275
217	0	8.55555555555555	0	0	0.911185036955898	0	0	37.0639505654418	0	1102.1875
218	0	8.66666666666667	0	0	0.734239966397444	0	0	40.1432137289206	0	5255.75337837837
219	0	12.7777777777778	0	0	0.881517572369594	0	0	36.8020066237533	0	14685.5625000001
220	6.66666666666667	20.3333333333333	6.33333333333333	0.839157015716035	0.866486836470549	0.909530985293611	29.6610211383621	31.0029796799776	30.498466696581	20141.1363636364
221	0	18	6.77777777777778	0	0.969045857592888	0.820929219826725	0	32.8432591866451	32.7330942846903	17124.3232758621
222	6	12.4444444444444	0	0.75829524493853	0.890672272184035	0	38.0097117456889	36.1814925143751	0	13125.75
223	0	16.3333333333333	0	0	0.774908283514446	0	0	31.8185301052603	0	11260.5
224	4.88888888888889	12.1111111111111	5.44444444444444	0.548938930657856	0.640010133798634	0.493849945737329	40.6372217192323	43.2650106467297	42.4721515759543	20239.90625
225	4.44444444444444	10.5555555555556	5.55555555555555	0.527808268443436	0.640877100211903	0.506353277237526	38.6469440120924	41.1668686984244	40.3303971975097	14001.7629310345
226	0	6.88888888888889	0	0	0.642956496836798	0	0	40.1288721796882	0	876.827586206894
227	0	9.44444444444444	0	0	0.817581791391695	0	0	39.84597912217	0	7184.20000000001
228	0	12.8888888888889	0	0	0.966691982209404	0	0	35.827542220029	0	10643.2962962963
229	0	6.44444444444444	0	0	0.679118606090145	0	0	41.7202979513548	0	925.499999999999
230	0	7.77777777777778	0	0	0.58458556965268	0	0	39.5560277056079	0	1116.14130434783
231	11.6666666666667	20.5555555555556	11.5555555555556	0.508381301032336	0.626372899957048	0.507389064947274	41.6401906575126	42.5572877818545	43.1980553241117	84361.2927631582
232	0	6.88888888888889	0	0	0.749596547467709	0	0	43.7440443561121	0	1189.46484375
233	0	10	5.33333333333333	0	0.61888119297547	0.630978540369151	0	43.1342119360443	44.7472830198458	14366.5431034483
234	0	17.6666666666667	6.88888888888889	0	0.768920056370555	0.810214071156251	0	33.5858588488701	33.7449360552768	16538.8897058824
235	4.66666666666667	8.66666666666667	5.11111111111111	0.575843968311998	0.633189005232678	0.571628458332538	40.7427296100113	43.4651052907777	43.4413014750464	12922.9411764706
236	0	9	0	0	0.622136929848602	0	0	46.3467092258766	0	7177.46875
237	0	4.66666666666667	0	0	0.94908902456723	0	0	52.3488131367263	0	4774.00000000001
238	0	6.88888888888889	0	0	0.82997348889525	0	0	46.9570691178657	0	2067.71153846153
239	0	13.5555555555556	0	0	0.734078757423591	0	0	29.3172453701039	0	11284.4539473684
240	0	10.3333333333333	0	0	0.82396230079693	0	0	36.7694605816943	0	1795.21759259259
241	0	9.44444444444444	0	0	0.754472159281133	0	0	40.3037857849404	0	6760.640625
242	5.88888888888889	13.7777777777778	7.88888888888889	0.569347838148142	0.726722914891694	0.662019562582962	38.1858798730498	38.7256193074958	37.1177136176031	25482.25
243	0	8.44444444444444	0	0	0.899511873683923	0	0	47.022594010059	0	5273.36574074075
244	0	7.77777777777778	0	0	0.914508299331806	0	0	38.4711444913063	0	1318.39224137931
245	0	11.6666666666667	0	0	0.784723649367053	0	0	39.2255911210987	0	7104.13333333332
246	4.88888888888889	12.3333333333333	3.88888888888889	0.691208736336766	0.656476347173865	0.563818094426078	39.5440622776312	42.1235724597836	40.3916442001219	17561.9459459459
247	0	8.55555555555555	0	0	0.892214703126453	0	0	45.7408138868162	0	6457.49999999999
248	0	5.44444444444444	0	0	0.887736137745896	0	0	42.1973372949685	0	692.947916666668
249	3.77777777777778	9	4.66666666666667	0.996017507076961	0.944136541644376	0.786032530405416	43.9312338854585	44.6883350642234	44.9360417208518	14697.1666666667
250	0	6.55555555555555	0	0	0.857018993344061	0	0	46.0610435988614	0	1423.84615384616
251	0	11.5555555555556	0	0	0.67485949133084	0	0	39.0880700660138	0	10904.9638157894
252	4.88888888888889	9.88888888888889	4.44444444444444	0.882506018726039	0.848497860707687	0.967267316002178	40.5837508408219	42.7891262666586	45.1154768193293	12921.6015625
253	0	7.88888888888889	0	0	0.581347240752763	0	0	36.6038866921863	0	1033.04347826087
254	0	12.5555555555556	0	0	0.813360366701543	0	0	35.4501665052285	0	2134.4
255	0	6.22222222222222	0	0	0.962544745091448	0	0	42.0924167759758	0	837.913043478261
256	0	7.55555555555555	2.55555555555556	0	0.907871687378056	0.853920094028391	0	46.2700185139079	44.0530794410025	7441.59677419356
257	0	8.33333333333333	0	0	0.895589788721124	0	0	36.354324294259	0	1228.67708333334
258	0	17.2222222222222	0	0	0.755789492861162	0	0	33.3377143722844	0	20367.7053571428
259	0	7.77777777777778	4.55555555555556	0	0.668780067983017	0.709163867898042	0	44.366661455495	40.8454505881355	12639.71875
260	0	12.3333333333333	7	0	0.715109387020226	0.783117629609078	0	41.9060492959695	38.2190478225363	15983.7664473684
261	0	5.55555555555555	0	0	0.804605631419199	0	0	50.0422717173114	0	4998.33333333334
262	0	14.4444444444444	0	0	0.912337668262936	0	0	33.1092940492228	0	3644.375
263	4.66666666666667	11.1111111111111	5.66666666666667	0.6561623617039	0.731244423678542	0.678534570251796	41.3983352795406	43.2023676925905	42.6139277894116	15891.6742424242
264	0	5.88888888888889	0	0	0.966956048908122	0	0	39.0042891547476	0	727.348214285714
265	0	6.22222222222222	0	0	0.77556996516822	0	0	38.5901940607004	0	930.1640625
266	0	4.55555555555556	0	0	0.861539434208043	0	0	45.4920205652851	0	556.25
267	0	5.33333333333333	0	0	0.851783284945964	0	0	41.278911117715	0	755.45238095238
268	0	15.7777777777778	0	0	0.823964202432548	0	0	34.0984193311753	0	13883.969512195
269	0	6.55555555555555	0	0	0.792829264235764	0	0	45.6994816247569	0	4188.80172413793
270	0	10.5555555555556	0	0	0.718830084698498	0	0	39.5690445228587	0	8120.95564516131
271	7.66666666666667	14.1111111111111	6.77777777777778	0.630372054384322	0.743268414211475	0.695210186277678	36.110274408081	38.0791820191185	39.7105288463987	25505.8185483871
272	0	5	0	0	1	0	0	44.6723812683113	0	670.483695652173
273	0	6.88888888888889	0	0	0.770730630217059	0	0	41.1447567009398	0	836.499999999999
274	0	11.6666666666667	0	0	0.938620012442176	0	0	39.8418141136687	0	3936.55769230769
275	0	11.7777777777778	0	0	0.527827625014448	0	0	43.6907658862286	0	9691
276	0	9.55555555555555	0	0	0.668664211321631	0	0	41.505803475077	0	4300.40625
277	0	7.22222222222222	0	0	0.856782491840402	0	0	39.5735754975212	0	1059.28125
278	0	14.1111111111111	0	0	0.959849609505651	0	0	31.2693047452336	0	7817.81060606058
279	0	19.8888888888889	7.77777777777778	0	0.742474616327513	0.790183295519907	0	31.6183551257856	30.3422371347616	20313.2954545455
280	0	21.5555555555556	0	0	0.90489986991158	0	0	28.6277413018417	0	14410.7468749999
281	5.66666666666667	12	5.66666666666667	0.431185791521411	0.602975879401281	0.372179504003034	36.825340416259	40.9136136639706	41.1389746054464	16440.2321428571
282	0	6.66666666666667	3.22222222222222	0	0.848746537098974	0.690990611181474	0	47.4662690924193	48.2046943788552	7508.37500000001
283	0	9.33333333333333	0	0	0.957183062386475	0	0	43.3867795626552	0	4209.50961538462
284	0	16.6666666666667	0	0	0.8982266482825	0	0	31.918406299521	0	16274.3658536586
285	0	17.3333333333333	0	0	0.901650214159177	0	0	30.6551698946996	0	15278.4568965518
286	8.55555555555555	15.8888888888889	10.7777777777778	0.930197808530217	0.936309498308893	0.847012975469277	34.3030236085823	34.8105991529551	35.9455767250348	35133.0129310344
287	0	15.6666666666667	0	0	0.869704818952569	0	0	33.4689330812146	0	9900.765625
288	0	16.7777777777778	0	0	0.780076403290725	0	0	32.3817009557319	0	12389.5689655172
289	0	5.88888888888889	0	0	0.737408857589425	0	0	44.9441849930608	0	1266.94642857143
290	0	24	11.6666666666667	0	0.977776749257067	0.98124633565791	0	27.7996355893138	27.4900312553338	29599.4191176472
291	5.22222222222222	10.7777777777778	5.88888888888889	0.499195373237898	0.668100899104788	0.573402156431039	37.9966749681161	40.7074672205117	42.2807461806079	15433.34375
292	0	13.1111111111111	0	0	0.715807584218807	0	0	33.0269667727192	0	3102.85714285713
293	0	10.4444444444444	0	0	0.83083781283638	0	0	41.4776519542715	0	6406.61206896551
294	0	15	0	0	0.798891526228642	0	0	35.6750894553572	0	12296.8107142857
295	0	13.4444444444444	0	0	0.655114830324968	0	0	36.6888072054276	0	3422.98148148149
296	0	20.4444444444444	0	0	0.822327357569241	0	0	27.4593503472925	0	13502.5465116279
297	8.66666666666667	19.8888888888889	10.5555555555556	0.635644945083649	0.736972106524306	0.667131287244716	28.8878974182055	29.5175144100329	28.5257194111814	31497.65625
298	0	13.2222222222222	0	0	0.846099333753079	0	0	33.4600145171966	0	7012.25000000002
299	0	14.3333333333333	4.77777777777778	0	0.872544584894732	0.843366863174913	0	37.2441866690201	37.9150728655255	12381.4913793103
300	8.66666666666667	12.4444444444444	8	0.752435310737696	0.811313428911998	0.776039173323166	36.9451878260342	37.9467406392362	39.856200534692	30336.74609375
301	0	4.11111111111111	0	0	0.317783281155099	0	0	54.9541704288219	0	4506.75
302	0	10.2222222222222	0	0	0.551028248712936	0	0	44.8914389785869	0	7057.03448275861
303	0	15.8888888888889	0	0	0.766513403877142	0	0	33.5827084641691	0	7376.12500000003
304	0	10.6666666666667	0	0	0.888587123873048	0	0	41.0795442445892	0	5919.9642857143
305	0	9.55555555555555	0	0	0.529021070064694	0	0	43.8341931312442	0	5433.82142857142
306	0	12.7777777777778	4.22222222222222	0	0.593477995774817	0.387995782282329	0	39.4604638595015	39.3095375574376	13859.4439655173
307	0	22.8888888888889	12.7777777777778	0	0.68056180929273	0.609300600023527	0	28.8541455409517	30.1244522061707	33712.8051470587
308	0	8.88888888888889	0	0	0.836641338523512	0	0	35.9949819323456	0	1027.765625
309	0	14.4444444444444	0	0	0.743678787786686	0	0	32.7492556043068	0	10907.9655172414
310	13	30.4444444444444	13.3333333333333	0.680084415940882	0.68753778243098	0.679245429612501	27.298245106525	27.5517704891102	27.3563969432372	43588.166666667
311	0	14.7777777777778	0	0	0.980243592017764	0	0	33.2914443521317	0	9196.99137931033
312	0	5.88888888888889	0	0	0.743526315316589	0	0	40.4710981510983	0	791
313	7.33333333333333	14	9	0.546886819925357	0.640058657764561	0.594306843650997	36.0229865870317	37.7779301805466	35.9972020006995	29392.0833333335
314	5.77777777777778	13.4444444444444	7.22222222222222	0.857109620154257	0.982865181491999	0.855165208202729	34.8106844662981	35.9973354693107	37.3003626958708	18925.78125
315	6.44444444444444	12.3333333333333	6.77777777777778	0.665273234247975	0.649996222335971	0.54954653037552	40.1412411912074	41.2800999389302	41.6193338652155	21251.3046875
316	0	7.44444444444444	0	0	0.740836011070283	0	0	37.2214130538466	0	888.396739130433
317	0	16	0	0	0.959258458493061	0	0	31.7946909712646	0	4876.93548387097
318	0	27	0	0	0.942040488976793	0	0	29.0356220630856	0	18137.4852941176
319	0	21.1111111111111	11.5555555555556	0	0.54484323789371	0.5158556870985	0	34.6700191136642	31.8186260308246	28818.7128378379
320	11.4444444444444	19	10.3333333333333	0.759350364908239	0.824200826280266	0.769581901124075	34.8541486801997	35.0381204126468	35.9851292374586	42789.3484848487
321	9.44444444444444	19.2222222222222	10.4444444444444	0.442573968227195	0.576369888187684	0.484451286348373	38.9807768046292	37.7518664081403	36.2972337978024	32755.3837209304
322	0	6.77777777777778	0	0	0.908407427230014	0	0	40.3365166217841	0	845.255208333336
323	0	13.2222222222222	4.55555555555556	0	0.799385312417572	0.821210962968493	0	36.9488325491895	38.5415751272801	11382.9439655172
324	0	8.55555555555555	0	0	0.908384088505314	0	0	38.9504146590012	0	1217.30555555555
325	0	8.77777777777778	0	0	0.776015483294591	0	0	42.5060819052944	0	7645.875
326	0	5.88888888888889	0	0	0.752939152203235	0	0	36.2847758142936	0	846.791666666668
327	0	15.2222222222222	0	0	0.559879402922856	0	0	39.6374818300932	0	19901.2770270271
328	0	9.77777777777778	0	0	0.504289047509461	0	0	44.2394904477958	0	7426.93750000001
329	5.22222222222222	12.3333333333333	5.44444444444444	0.57211363651777	0.735558015053095	0.658321123039767	38.1334764288997	39.7108608986039	38.5615884404291	17742.26171875
330	3.88888888888889	8.44444444444444	5.88888888888889	0.576216752801769	0.794850966107016	0.553408672809313	41.1862881199197	42.7402350183595	42.0579337335186	12878.8166666666
331	0	18.3333333333333	7	0	0.863729375866024	0.961189631278094	0	33.0468476175013	32.9044536936281	14766.8405172413
332	8.55555555555555	13.1111111111111	9.33333333333333	0.861065471803728	0.918402776459957	0.887687980004261	38.8943264776637	38.9268436994057	40.4535196947149	30941.3362068966
333	0	8.44444444444444	0	0	0.72777936424398	0	0	42.9941940100068	0	4327.35185185186
334	0	5.44444444444444	0	0	0.85174839176671	0	0	41.6274772707328	0	698.692307692307
335	0	5.88888888888889	0	0	0.857675188739537	0	0	42.5142896415556	0	665.125
336	0	9.88888888888889	0	0	0.894453064624266	0	0	41.1672346168272	0	7530.66129032258
337	0	14.4444444444444	0	0	0.784740299520035	0	0	35.050816693685	0	4769.9285714286
338	0	12.8888888888889	0	0	0.835450830225636	0	0	36.9034751728797	0	8430.19140625
339	0	8.22222222222222	0	0	0.855529663246579	0	0	40.1425859433605	0	1098.52419354839
340	6	11.8888888888889	7	0.779752485400767	0.843444456299383	0.722684617226345	39.0782245623244	38.6243876061495	40.3979264646637	28337.9886363636
341	7.33333333333333	12.3333333333333	7.11111111111111	0.818465864799967	0.885684322031864	0.928192759136275	35.0534677316411	35.7561738189583	35.9306346271089	23426.6585365853
342	0	19	7.33333333333333	0	0.823361837800217	0.848361354780343	0	31.417168960078	31.7865551395663	18755.5661764705
343	0	15.2222222222222	0	0	0.81624488565037	0	0	35.8057015463816	0	10706.2413793103
344	0	12.1111111111111	0	0	0.954603903834256	0	0	32.9792447466218	0	3187.77403846154
345	0	12.8888888888889	0	0	0.967036713188677	0	0	36.9319362991457	0	5058.41379310345
346	0	5.66666666666667	0	0	0.861601511134024	0	0	49.8855545464532	0	3606.97685185186
347	0	6.88888888888889	0	0	0.854951760138755	0	0	46.6981857115266	0	4168.08333333333
348	0	7.11111111111111	0	0	0.893225212736996	0	0	36.7086947131572	0	1160.55434782609
349	0	6.33333333333333	0	0	0.706011180383029	0	0	42.4667908559463	0	954.333333333332
350	0	10.2222222222222	0	0	0.840974124952517	0	0	39.1201760087076	0	6059.95370370372
351	0	6.88888888888889	3.33333333333333	0	0.810889680016614	0.719258877827263	0	46.2197398883683	48.0796194291878	8469.15178571429
352	14.1111111111111	22.6666666666667	14.4444444444444	0.617632067184793	0.696073496039886	0.641476534127463	33.3884262493488	32.7313356183382	33.3808895722022	73102.0000000002
353	8.44444444444444	17.2222222222222	10.1111111111111	0.549488566132481	0.685631968669203	0.573007165575262	34.7344736957877	36.1956282117622	33.6312450310613	35851.6029411764
354	6.33333333333333	14.1111111111111	6.22222222222222	0.648861517100275	0.769324484751662	0.755988159842537	36.0622013298455	38.0107825780424	35.9047383946946	20794.2631578947
355	0	8.55555555555555	0	0	0.766562409085963	0	0	44.3860842359226	0	5878.18518518518
356	10.1111111111111	21.7777777777778	10.5555555555556	0.909046682880157	0.925502001457637	0.880355861537239	31.2490891531996	29.7691901376936	30.6582941512654	30579.2992424242
357	0	10.2222222222222	0	0	0.649194385605762	0	0	36.0894884555669	0	1016.73275862069
358	0	6.55555555555555	0	0	0.880469545754572	0	0	41.7309537371292	0	679.952380952382
359	0	6.11111111111111	0	0	0.896168378442422	0	0	40.7376285543777	0	725.330357142856
360	0	7.22222222222222	0	0	0.680820832477973	0	0	39.7711309389089	0	1050.22826086956
361	8	13.7777777777778	8.11111111111111	0.671079153925341	0.793956298087407	0.715963282792	42.1342367699491	42.6417969160531	43.6024136715228	41942.2730263156
362	0	9.22222222222222	0	0	0.743676169869067	0	0	42.2504422697977	0	6132.86328125
363	12.3333333333333	21	11.5555555555556	0.666791985286791	0.675357107695617	0.605360837035948	31.1919526809222	30.8747221091706	31.7818732582475	46683.7575757577
364	0	12.8888888888889	0	0	0.631797210893638	0	0	40.2295379734271	0	13158.5227272728
365	0	7.88888888888889	0	0	0.98835256635085	0	0	38.7194388823623	0	1330.14285714286
366	0	8.88888888888889	0	0	0.793114124908276	0	0	38.7231188632321	0	1037.5
367	0	6.11111111111111	0	0	0.904307081637223	0	0	42.8218782212632	0	795.812499999997
368	4	6.77777777777778	3.88888888888889	0.734477356460162	0.905225402671888	0.821044718513894	50.8509837729873	50.2480722787761	51.4945289488711	12028.0431034483
369	0	4.88888888888889	0	0	0.870594897816684	0	0	43.8070889130426	0	759.59375
370	0	14.3333333333333	0	0	0.905427727411385	0	0	29.9559072589022	0	5829.83783783783
371	0	17.7777777777778	0	0	0.743704425233406	0	0	32.0681406341073	0	14105.0625
372	7	12.7777777777778	7	0.799974330027372	0.810198136883497	0.801827383296207	38.0829751257437	38.3991995420799	41.887563407191	18498.1336206896
373	7	11.3333333333333	5.44444444444444	0.818657063050684	0.883289334094937	0.803582400345414	38.4130126443253	40.1338229631277	40.8103065104893	20118.4609375
374	0	11	0	0	0.822886592205109	0	0	36.0695450747424	0	2272.79629629629
375	0	6.66666666666667	0	0	0.752714357507862	0	0	45.766136546316	0	1530.69230769231
376	0	10	0	0	0.88055240192277	0	0	38.5849758790501	0	8966.30405405409
377	5.77777777777778	10.8888888888889	6.88888888888889	0.796148906249644	0.797582375392719	0.719790751646258	39.5089324540263	40.8080005383843	42.1844814500478	21915.55
378	0	6.44444444444444	0	0	0.939987870398891	0	0	38.3549206758173	0	865.000000000002
379	0	16.2222222222222	0	0	0.914435341283682	0	0	33.3325250140115	0	7306.96551724136
380	4.22222222222222	9.44444444444444	5.66666666666667	0.605086690440768	0.667824784245014	0.592915148468657	41.5099556440355	43.4418137270441	44.0504029493377	18500.9898648648
381	0	11.7777777777778	0	0	0.84692955569104	0	0	36.0008833885454	0	1219.18965517241
382	0	5.33333333333333	0	0	0.675579839378228	0	0	44.6549603499686	0	659.357142857142
383	0	13	0	0	0.696485806880984	0	0	39.1699913866029	0	9489.98706896553
384	0	5.33333333333333	0	0	0.831452674668923	0	0	41.6048177662513	0	630.384615384616
385	0	9.33333333333333	4.55555555555556	0	0.629880863852973	0.640550366710983	0	43.0937870603228	43.18407802126	12209.5500000001
386	0	14.8888888888889	0	0	0.847752068001667	0	0	28.2273930333934	0	6812.69999999997
387	0	6.11111111111111	0	0	0.910995484354545	0	0	42.2343281373729	0	714.410714285714
388	0	16.7777777777778	0	0	0.644185837779782	0	0	33.0281578628379	0	19726.4274193549
389	0	7.66666666666667	0	0	0.737933355237165	0	0	45.5008418260554	0	2134.17592592593
390	0	12.7777777777778	0	0	0.964018040224115	0	0	31.2462092459469	0	9366.86764705875
391	0	14	6.11111111111111	0	0.781227357087012	0.733840865650767	0	36.5421318977546	39.2565917750007	14576.5431034483
392	0	4.66666666666667	0	0	0.942768618611436	0	0	37.2393099510282	0	835.482954545453
393	5.66666666666667	11.8888888888889	6	0.544637410135028	0.819822808297458	0.730454823132228	39.9054648950829	42.1186708281905	39.3527421028083	19514.3243243244
394	0	14.5555555555556	0	0	0.737512436350925	0	0	37.5050701129203	0	18327.8095238095
395	0	17.4444444444444	0	0	0.804449466462706	0	0	30.1515555871448	0	15779.9870689655
396	0	11.1111111111111	0	0	0.912138981173979	0	0	35.1754288455029	0	4803.96428571428
397	0	13.4444444444444	0	0	0.876791907594993	0	0	28.7376355732902	0	5523.61875000003
398	0	16	0	0	0.915282525458133	0	0	31.8657587137768	0	8191.18103448274
399	0	10.2222222222222	0	0	0.674863375871545	0	0	41.8344619567701	0	8384.38719512191
400	0	7.88888888888889	0	0	0.70228657262023	0	0	38.1572806936205	0	946.633928571427
401	0	8.11111111111111	0	0	0.97294736443051	0	0	41.8443825609507	0	1547
402	12.2222222222222	18.6666666666667	12.3333333333333	0.475035049857678	0.566260187530487	0.508216153740844	35.9198389189726	36.9420305086937	33.6667860256094	48843.1363636362
403	0	13	0	0	0.894240851270568	0	0	35.7202779683669	0	6867.25
404	0	5.11111111111111	0	0	0.949134760266241	0	0	44.4771625811883	0	786.333333333334
405	0	5.11111111111111	0	0	0.864193149917573	0	0	36.9450781181934	0	771.875000000001
406	17.8888888888889	27.2222222222222	13	0.811745465569372	0.972106437964008	0.890441555402823	31.4908959019669	30.4962095530098	32.2484559737361	60065.1310975613
407	5.66666666666667	10.2222222222222	6.66666666666667	0.69782322615128	0.744573106827999	0.816584567993067	42.6551177983282	43.5221159348158	44.018190744302	23321
408	9.66666666666667	14.6666666666667	8.88888888888889	0.462782227270841	0.589544203346609	0.505124026127804	37.2204849480303	37.7838240181814	39.4455658184304	34631.359375
409	10.6666666666667	20.2222222222222	9.22222222222222	0.341841379875959	0.497836643086332	0.336817783344718	36.6150646052474	37.7786818461988	40.1479639459432	28453.7756410255
410	9	19.4444444444444	11.3333333333333	0.373437300995497	0.554458728554394	0.441959764042483	36.398277386758	37.7059124246793	34.8869068731513	39482.3928571431
411	0	10.6666666666667	0	0	0.88214581721978	0	0	39.6357177576385	0	6755.81465517243
412	0	8	0	0	0.715310861411647	0	0	43.1689286874056	0	1564.20258620689
413	0	10.3333333333333	0	0	0.610828825302997	0	0	41.2904684527154	0	8747.43951612904
414	0	13.6666666666667	0	0	0.844660025979961	0	0	30.8528166384713	0	5499.23684210529
415	0	17.6666666666667	0	0	0.863764473477484	0	0	31.4855437508847	0	9254.19642857146
416	0	9.66666666666667	0	0	0.655988900856073	0	0	41.781816909816	0	6418.57407407406
417	4.33333333333333	10.2222222222222	5.44444444444444	0.787808410140197	0.851954298055534	0.832645117893125	42.7947213208817	43.1074348524153	41.9070710333753	15805.4112903226
418	0	10.2222222222222	4.88888888888889	0	0.708246742148007	0.741222064959349	0	42.2738481087849	40.7802615170671	12439.6875
419	11	26.8888888888889	16.1111111111111	0.781568235054428	0.757635144747519	0.776524315715504	30.7880203644481	30.8641972703672	31.3773124814474	46122.7000000002
420	0	15.3333333333333	0	0	0.525471019978963	0	0	37.916817344391	0	10580.5294117646
421	0	4	0	0	0.820092470949095	0	0	49.4777011675862	0	585.285714285715
422	0	16.5555555555556	0	0	0.533504345958025	0	0	39.8368722508385	0	12160.5238095239
423	0	23.6666666666667	0	0	0.8271496951717	0	0	28.1832793782384	0	23240.0000000001
424	0	21	0	0	0.785908593696218	0	0	30.2303579830395	0	15249.4924242424
425	0	9.11111111111111	0	0	0.812114755699018	0	0	40.0202309892905	0	5525.27586206895
426	0	15.3333333333333	0	0	0.831142753988924	0	0	30.8390092027701	0	4545.94827586208
427	6.55555555555555	12.5555555555556	6.44444444444444	0.885450003619641	0.936075505947464	0.927016885727247	39.9555968978051	41.2760749145277	43.8327040493739	25112.8359375
428	0	9.33333333333333	0	0	0.811120296524983	0	0	42.5711712254493	0	8415.45
429	0	15	0	0	0.734438941682392	0	0	32.7927088466934	0	9401.3359375
430	3.88888888888889	7.44444444444444	4.44444444444444	0.662538892056282	0.761182725520555	0.676142836848032	45.457613235918	45.4262926335854	46.7086819033713	13088.9541666667
431	0	15.7777777777778	0	0	0.742986473650696	0	0	35.7709312204552	0	17313
432	7.22222222222222	12	5.22222222222222	0.581541392105056	0.647557179446614	0.611788366242496	38.6740221295183	40.7624355833315	40.7852882131598	23246.6136363636
433	4.88888888888889	11.4444444444444	5.44444444444444	0.592178910633878	0.766404243533043	0.61259933137309	42.6856873026075	42.2591226426633	41.3564403875899	18680.8
434	9.22222222222222	25.3333333333333	10.8888888888889	0.802042008412495	0.873768708213247	0.846960513385146	33.2165049463708	33.3749523596983	36.1850989668769	36263.3243243247
435	0	9.22222222222222	0	0	0.635849191428243	0	0	41.4405002065442	0	11985.5
436	0	16.8888888888889	0	0	0.935753709932985	0	0	27.8528127052575	0	5378.15000000004
437	0	5.88888888888889	0	0	0.767787211783132	0	0	40.0118252574542	0	685.625000000001
438	2.66666666666667	6.66666666666667	2.66666666666667	0.912870929175277	0.80362474722352	0.912870929175277	45.1940747879886	47.6220385578868	47.4925387807191	9710.23913043479
439	0	4.66666666666667	0	0	0.949089024567233	0	0	46.0918574012719	0	667.84375
440	4.11111111111111	8.22222222222222	5.22222222222222	0.584585603464951	0.797652119834603	0.819837335138149	44.0907368046215	44.7584097611065	43.8221310794207	12580.7395833333
441	0	14.1111111111111	0	0	0.691581827011671	0	0	37.9935157255964	0	10822.2083333334
442	3.77777777777778	9.22222222222222	4.66666666666667	0.7051667888756	0.807962987408856	0.791533720440247	40.2911571615814	41.2186129857807	43.4209984549162	13536.9598214285
443	0	15.4444444444444	0	0	0.845338389782753	0	0	34.1596022508352	0	12815.1486486486
444	0	14	0	0	0.79097832228424	0	0	35.2445223067921	0	10248.8125
445	0	12.6666666666667	0	0	0.835553491688964	0	0	37.5887630226945	0	12077.3035714287
446	0	4.11111111111111	0	0	0.801136602319778	0	0	46.3109886274748	0	667.214285714284
447	8.22222222222222	13.6666666666667	8.44444444444444	0.741183529236116	0.769012152911469	0.650003187899216	39.2007769483244	40.4238047126304	42.5897267345446	42284.5555555557
448	0	10.2222222222222	0	0	0.694402746488545	0	0	41.7651754168223	0	8276.42241379309
449	0	14.5555555555556	0	0	0.803886048632668	0	0	34.3987119074337	0	7439.20258620687
450	0	6.66666666666667	0	0	0.756352608199338	0	0	39.4472749593264	0	883.6875
451	0	6.88888888888889	0	0	0.867009683155299	0	0	44.0361222266053	0	1164.83333333333
452	0	6.44444444444444	0	0	0.948266737121431	0	0	41.866060990451	0	749.346153846155
453	0	15	0	0	0.740904327190222	0	0	29.882178284475	0	4078.6328125
454	0	18.8888888888889	0	0	0.762041047344427	0	0	30.0877186037795	0	7278.75000000002
455	0	10.2222222222222	0	0	0.720209351447055	0	0	39.6459287052027	0	6665.5
456	0	9.55555555555555	4.44444444444444	0	0.748951531341045	0.694733207714995	0	40.9985044985049	42.5493745007514	12249.6830357143
457	0	12.5555555555556	0	0	0.848660591992561	0	0	39.7464424810456	0	6814.46283783787
458	4.44444444444444	7.66666666666667	3.22222222222222	0.731321685424082	0.943160878520452	0.817516697133492	47.9451318518368	48.1352971764803	47.6422244173257	15866.3939393939
459	0	9.11111111111111	0	0	0.808551608898274	0	0	40.4930889571804	0	5320.79999999998
460	0	17.7777777777778	6.11111111111111	0	0.732388342079077	0.720321500222235	0	33.5035960718942	34.3497324616802	16872.4032258065
461	0	8.77777777777778	0	0	0.799155182424098	0	0	42.5732641912399	0	5022.1517857143
462	0	25.4444444444444	0	0	0.658601917673736	0	0	28.4003053762147	0	24857.3188775511
463	4.22222222222222	9.33333333333333	4	0.848379822061475	0.996121008395041	0.839146382059225	41.7799214657753	43.6954284826146	45.8247267445555	14298.7862903226
464	0	22	0	0	0.815521228036092	0	0	28.7973776229313	0	12438.606060606
465	11.3333333333333	18	11.8888888888889	0.95790251978411	0.979716188599641	0.9603987734197	36.5279012872665	35.8644864254858	36.8365246714535	45894.523026316
466	3.88888888888889	9	3.22222222222222	0.881915909882992	0.907879492745559	0.817516697133491	44.1577079668039	45.3554447159405	43.5910892235752	10819.9596774194
467	4.77777777777778	9.55555555555555	4	0.831964512956993	0.805798028779978	1	40.7203379354791	41.3678363573032	41.0860947877695	15609.3991935484
468	0	10.5555555555556	0	0	0.837665983588674	0	0	37.801379145722	0	4318.9090909091
469	0	7.66666666666667	0	0	0.62957986435125	0	0	42.5281566416148	0	881.836956521741
470	0	16.7777777777778	0	0	0.82713676494221	0	0	31.3027667710035	0	4856.3629032258
471	0	7.22222222222222	0	0	0.862807415794965	0	0	45.9495907919121	0	6559.35080645162
472	0	8.88888888888889	0	0	0.632283298801725	0	0	43.6620221009773	0	2989.59913793103
473	5	7.88888888888889	3.66666666666667	0.714779903636639	0.764912561383806	0.720498624378725	44.2047650524928	45.0944393436479	46.1280850367565	8683.20089285714
474	5.77777777777778	11	6.33333333333333	0.8046009621071	0.92585104396538	0.879414580418804	41.6818699900298	42.4177215536266	42.9710809781596	26751.375
475	5.66666666666667	12.4444444444444	6.22222222222222	0.838421826428968	0.858242313160933	0.929205697848142	41.2873579719502	42.2923997284247	43.6161420560228	23512.9798387097
476	5	10.1111111111111	5.55555555555555	0.64515234310511	0.73400586585968	0.840317422641516	40.8691900519028	39.8065416059205	40.2984467215332	13991.56640625
477	0	10	4.77777777777778	0	0.696137976166479	0.475089761651161	0	41.8424121635094	44.2366057572518	12205.7142857143
478	0	9.44444444444444	0	0	0.651514221022587	0	0	40.4334183186444	0	11956.1953125
479	5.44444444444444	14.8888888888889	7.22222222222222	0.896928109859333	0.882397958444083	0.858008888255247	37.9877541110518	37.0569622915912	38.3576543323481	18965.4353448275
480	0	20.1111111111111	8.33333333333333	0	0.837328312800086	0.844289356804516	0	31.3423125529011	32.5541170542603	18013.0215517242
481	0	9.77777777777778	0	0	0.878526785435305	0	0	38.7700974043857	0	2884.890625
482	0	15.5555555555556	0	0	0.916219685386871	0	0	30.588786526864	0	5076.57327586206
483	0	7.77777777777778	0	0	0.960027619729194	0	0	39.4161800805984	0	1069.75
484	0	15.4444444444444	0	0	0.832406384662986	0	0	37.3521032808999	0	4581.10606060604
485	6	10.7777777777778	6	0.558774394508491	0.675886570603948	0.59907980889348	39.5226168161953	40.1783251294508	40.102307224189	19065.8235294118
486	0	10.4444444444444	0	0	0.704417514656865	0	0	40.6247882166973	0	10481.9411764706
487	7.33333333333333	15.3333333333333	6.77777777777778	0.932015470158097	0.94847268613826	0.882509436276199	40.3141675778117	40.0195009942278	41.9530099941807	28680.3636363637
488	5.22222222222222	13.5555555555556	6	0.491892076564169	0.703381026815982	0.582842969155127	38.4124779287018	40.8047459791809	38.2250671769591	17580.3368055554
489	0	8.11111111111111	0	0	0.680757446585039	0	0	35.6332782192059	0	1018.27083333334
490	0	14.8888888888889	0	0	0.797907148372342	0	0	37.4062714635354	0	7280.05128205125
491	4.88888888888889	10.6666666666667	4.77777777777778	0.870594897816684	0.907595888175744	0.904556479310172	43.6294682046323	43.9735551073699	45.4948206057507	16419.314516129
492	0	17.4444444444444	7.33333333333333	0	0.797181272902689	0.666466914865779	0	33.350756841419	34.2713690817264	20793.6935483871
493	0	13.6666666666667	0	0	0.561289830328411	0	0	39.79475171998	0	13452.6500000001
494	0	9.55555555555555	0	0	0.852823739145252	0	0	40.5179486450143	0	2698.39500000001
495	5.88888888888889	16	6.44444444444444	0.824605769337721	0.827900341709156	0.741046870905497	32.7142243417494	34.8856381156284	37.197228018981	22203.1634615384
496	5.88888888888889	10.2222222222222	6.33333333333333	0.709456422614396	0.695603488775569	0.63778129429445	37.5595206651088	39.4326270233975	37.8487524309916	14057.4038461539
497	0	10.4444444444444	0	0	0.700110541153961	0	0	39.0791598058401	0	3509
498	0	11.3333333333333	0	0	0.973390720186661	0	0	41.3747399834123	0	6588.51724137932
499	0	7.55555555555555	0	0	0.704049372853715	0	0	42.6497043589681	0	3941.00000000001
500	0	9.22222222222222	0	0	0.679019081178779	0	0	43.2639023443809	0	5571.40909090911
501	0	7.66666666666667	0	0	0.767383051655878	0	0	42.9890235410218	0	1744.35714285715
502	4.11111111111111	10	5.55555555555555	0.610155405856717	0.712611180617345	0.454756108480332	39.959681487318	41.5903855819698	39.6903648416702	13475.412037037
503	8.33333333333333	15.3333333333333	7.44444444444444	0.424566168903649	0.538225248988718	0.427349545101378	40.2608742056687	41.0187054616353	41.0285550067525	29508.2812499999
504	6.44444444444444	11.2222222222222	4.77777777777778	0.85423104733947	0.896089124014893	0.917465778507082	39.3313637101219	40.1589972630692	42.5389563403555	17080.2413793104
505	7.88888888888889	17.2222222222222	9	0.510906467412475	0.667804529041118	0.55074218371729	34.7166002702231	36.358368258885	31.7227953768486	27022.0714285713
506	0	10	0	0	0.656202860879527	0	0	40.9025392956858	0	6965.6034482759
507	0	10.5555555555556	0	0	0.631324353576101	0	0	41.4982441157656	0	2575.46666666666
508	6	12.7777777777778	6.88888888888889	0.562402777203873	0.768974472166504	0.700056600307688	39.9536302537687	40.777865482742	41.617288899299	23614.4637096775
509	12.5555555555556	20.1111111111111	12.3333333333333	0.359952417116021	0.42920091763569	0.358012116543402	37.8171039201598	39.2732432586566	36.6437470651782	45298.5714285716
510	0	8.33333333333333	0	0	0.661771474402946	0	0	45.7874109597754	0	6669.42241379312
511	0	8	0	0	0.799191915689235	0	0	34.2331036019132	0	1030.0652173913
512	0	24.1111111111111	0	0	0.761155331005119	0	0	30.1072912554897	0	18854.861111111
513	0	8.44444444444444	0	0	0.815188904180549	0	0	45.7406860706297	0	4010.14062500001
514	0	3.33333333333333	0	0	0.452227749693452	0	0	45.1517863641224	0	472.954545454546
515	4.66666666666667	10.1111111111111	4.44444444444444	0.6561623617039	0.739213665183287	0.762051764361362	44.2366509425082	44.4274709962928	43.3309181790004	17645.1321428571
516	10.2222222222222	20.3333333333333	12.5555555555556	0.56577367840823	0.63346621473211	0.527621555323284	33.9908339746558	34.5625535778324	35.4178846875989	44169.9305555554
517	0	9.55555555555555	0	0	0.805798028779979	0	0	38.816898499164	0	6825.53214285711
518	0	6.44444444444444	0	0	0.765461818515614	0	0	42.5516131775813	0	858.859374999999
519	0	8.22222222222222	3.55555555555556	0	0.724439395571442	0.653835799384408	0	44.9827136412301	43.8515246116769	10654.1964285714
520	0	12.1111111111111	0	0	0.623170294476847	0	0	40.3239846984216	0	10262.4956896552
521	4.77777777777778	10.8888888888889	4.66666666666667	0.82779150098909	0.858014238360969	0.875513171209634	40.0426347589294	41.7193156653197	43.5989714083996	13689.7824074074
522	8.11111111111111	13	8.33333333333333	0.536937553164768	0.596689182197209	0.547116004551466	39.6093883990492	41.8201333760983	42.748487680878	25188.6562499998
523	0	5.77777777777778	0	0	0.737328780761279	0	0	45.9232257249738	0	984.309523809523
524	0	17.2222222222222	0	0	0.863253933467441	0	0	31.1238463343552	0	5321.25431034484
525	0	9.66666666666667	0	0	0.661771469532945	0	0	42.6248912343255	0	10772.685
526	0	8.88888888888889	0	0	0.827199870796901	0	0	45.1659319231161	0	8043.8888888889
527	0	7.77777777777778	0	0	0.708237219640623	0	0	45.1742522913976	0	2100.925
528	0	14.8888888888889	0	0	0.85195344854067	0	0	33.3670191757026	0	9794.24999999998
529	0	10	0	0	0.847502395737038	0	0	37.9709896743932	0	5224.13333333334
530	0	11	0	0	0.436361724269821	0	0	44.6743341378733	0	11543.5491071429
531	0	9.33333333333333	0	0	0.843624861756774	0	0	39.1406671024684	0	5420.80000000001
532	0	6.22222222222222	0	0	0.794618509875184	0	0	48.0046075171193	0	2333.21
533	0	21.5555555555556	0	0	0.891263667959559	0	0	30.0098566023057	0	7196.53879310346
534	0	9.55555555555555	0	0	0.658606890989984	0	0	40.2514983678556	0	3930.22058823528
535	0	11.3333333333333	0	0	0.573501874842355	0	0	41.9518289092273	0	10273.5
536	0	8.11111111111111	0	0	0.744241806586507	0	0	39.255567521738	0	1064.5625
537	0	13.8888888888889	0	0	0.520514133710801	0	0	41.4842892391388	0	13076.3243243244
538	8.11111111111111	14.7777777777778	8.66666666666667	0.481300019989946	0.564205911370242	0.444654976266786	40.2014001671981	41.0052293734322	41.1041749317335	31031.6402439023
539	12.4444444444444	25.8888888888889	12.7777777777778	0.841970840665278	0.796853371173198	0.871419909608904	29.2713577263007	29.1190775803176	28.4546167777128	39489.7878787876
540	0	9.33333333333333	0	0	0.824873834061109	0	0	39.4394385035268	0	8581.35984848484
541	3.55555555555556	6.22222222222222	3.22222222222222	0.882649185215033	0.868553950490285	0.852500366408832	43.4304411159273	47.1078828256195	47.7795528538765	9653.13499999998
542	0	4.44444444444444	0	0	0.823054891753102	0	0	45.5977621640445	0	613.612499999999
543	0	9.44444444444444	0	0	0.748491832764629	0	0	42.3534255560013	0	2422.95
544	5.66666666666667	9.77777777777778	5.33333333333333	0.719711259977071	0.696343345967471	0.653521552308125	39.7598554416069	40.6526829960741	43.0133416593406	15743.2407407407
545	6.77777777777778	12.6666666666667	7	0.589049830766395	0.62885453693978	0.562656713486399	40.4227519755958	40.8141115092201	41.8996120016826	27087.01953125
546	4.55555555555556	9.55555555555555	5.33333333333333	0.846573322084375	0.961437162909469	0.882564485352023	42.1818006589612	42.6126632179151	44.1162549718081	18781.935483871
547	6	16.8888888888889	8.55555555555555	0.755648888424527	0.778891411238499	0.774594942549118	31.0715810837514	32.7674283195047	33.2822688878256	20497.2370689655
548	0	8.33333333333333	2.77777777777778	0	0.920143341831291	0.679692473345822	0	46.0094174265675	47.1076441238596	6277.51388888888
549	7.22222222222222	15.1111111111111	6.88888888888889	0.474550067506661	0.565372542540483	0.447719411771569	38.9014454221223	41.1044320556545	40.8152257495837	27044.9485294117
550	0	5.55555555555555	0	0	0.880308319218834	0	0	45.2058073725959	0	914.764999999997
551	0	12.4444444444444	0	0	0.65451439081179	0	0	37.3413998325273	0	7322.37931034482
552	0	19.7777777777778	8.77777777777778	0	0.81884828628019	0.778400990371259	0	30.6797893318352	31.6928437616764	19461.7327586208
553	0	16.7777777777778	0	0	0.828960244415704	0	0	32.0971817922858	0	7424.81854838711
554	0	6.88888888888889	0	0	0.939540978966084	0	0	39.7164891243831	0	805.250000000001
555	4.44444444444444	8.22222222222222	4.22222222222222	0.679918082615052	0.729092663582117	0.67668200615159	43.1407040234397	44.7510320257065	45.062140307294	14153.7037037037
556	0	8.33333333333333	0	0	0.869736930672421	0	0	36.4464730874728	0	987.894230769229
557	0	11.8888888888889	0	0	0.750407652557535	0	0	36.2796076440435	0	3678.23275862069
558	0	9.11111111111111	3.88888888888889	0	0.644764198655485	0.548179986631034	0	42.9681765913799	41.8746585134527	10513.828125
559	0	7.77777777777778	0	0	0.968757817905068	0	0	38.7823098552447	0	1006.8869047619
560	0	9.66666666666667	4.11111111111111	0	0.895168535690204	0.908265620639117	0	41.8153620198972	42.5385012643332	9164.10714285713
561	0	7.66666666666667	0	0	0.760477589192357	0	0	42.7471432461295	0	8090.93534482757
562	0	13.2222222222222	3.11111111111111	0	0.728109734148238	0.559016994374947	0	40.3754039973386	36.2316539416097	13855.7822580645
563	5.55555555555555	9.55555555555555	4.33333333333333	0.757529946534651	0.799352599080453	0.787808410140197	42.0870251684704	43.3758344354739	41.7139887679764	19790.6691176471
564	0	15	0	0	0.593371125123772	0	0	39.6767060355214	0	13112.5428571429
565	0	10	0	0	0.841129150132081	0	0	39.2498439734117	0	2984.67857142858
566	0	10.6666666666667	0	0	0.824407757825631	0	0	39.0130450373166	0	3099.11111111112
567	0	9.77777777777778	0	0	1	0	0	42.6873811306036	0	7887.50862068965
568	3.33333333333333	8.11111111111111	5.11111111111111	0.828078671210826	0.783630189592467	0.777758482108996	39.3330772937219	43.0315997752844	43.8004747746587	14286.1693548387
569	0	11.8888888888889	3.77777777777778	0	0.90222045033373	0.7051667888756	0	40.5221233528088	39.898260985241	10341.7413793104
570	0	14	0	0	0.690415313840717	0	0	37.6495653944852	0	10209.72265625
571	0	10.8888888888889	0	0	0.689396233249874	0	0	40.7627849766367	0	9090.89516129033
572	0	4.55555555555556	0	0	0.913989324928801	0	0	48.9848699592379	0	561.464285714287
573	3.44444444444444	9.88888888888889	5.11111111111111	0.631533644072785	0.833390756556037	0.867132855720946	43.3246285229501	43.0463694344731	45.4872606816981	12118.9568965517
574	0	20.6666666666667	0	0	0.904340291943778	0	0	28.3241036945143	0	17841.3146551723
575	0	12.6666666666667	0	0	0.826713836808778	0	0	35.7796007458612	0	7086.54054054051
576	7.55555555555555	14.4444444444444	6	0.885152676975531	0.921766818294126	0.737264314823933	36.2611736196576	35.2627776318722	37.6029836109144	18156.2586206897
577	0	9.44444444444444	3.44444444444444	0	0.666157128147337	0.68902556681461	0	43.6385446449539	40.2378277607223	11887.6375
578	0	17.6666666666667	6.55555555555555	0	0.8710945969011	0.788108477649707	0	34.1581960170216	34.7003924555133	17694.15625
579	0	10.5555555555556	4.66666666666667	0	0.772784163584767	0.954944690899791	0	41.1814521689558	42.4932133856197	11537.375
580	0	8.88888888888889	0	0	0.830760078290732	0	0	32.8502084081651	0	2578.42307692307
581	0	20.1111111111111	0	0	0.664524270881336	0	0	33.2261608635997	0	10879.4071428571
582	0	10.5555555555556	0	0	0.586956335819515	0	0	41.5992946090098	0	9130.13793103451
583	0	17.8888888888889	0	0	0.721954256526033	0	0	33.4769691093587	0	14466.7432432432
584	0	9.33333333333333	0	0	0.786758921275735	0	0	43.2306335156235	0	8003.26388888886
585	0	21.6666666666667	0	0	0.416561453661405	0	0	39.5065668864235	0	21772.1707317075
586	0	6.77777777777778	0	0	0.883172930490196	0	0	44.9422672385535	0	1556.63888888889


