F:\AMNIS_data\pBGT-Bet-Hedging\chromosome\day-2_AMP_chromosome\rep-1\A11-noBF.daf
All

Object Number	Area_M01	Area_M02	Area_M04	Aspect Ratio_M01	Aspect Ratio_M02	Aspect Ratio_M04	Gradient RMS_M01_Ch01	Gradient RMS_M02_Ch02	Gradient RMS_M04_Ch04	Intensity_MC_Ch02
0	6.11111111111111	17.4444444444444	9.44444444444444	0.729166409455467	0.853551687126544	0.805441266373995	32.0125246228757	34.5576904647832	33.9983231304684	23689.25
1	0	22.4444444444444	8.77777777777778	0	0.931819079947973	0.835766331475001	0	27.9434235717982	27.677119312524	25219.26171875
2	8	19.5555555555556	8.55555555555555	0.732493150266104	0.752379466067721	0.765695010209279	28.9259685920198	31.2080401077228	31.123241619109	25689.6357142857
3	4.22222222222222	10.6666666666667	3.11111111111111	0.817366179996231	0.94576249131435	0.837667444149498	46.2332909058745	44.2231141618786	39.9510928033104	11453.3484848485
4	3.66666666666667	7.22222222222222	3.33333333333333	0.827460718150449	0.8669495616547	0.682656148786289	48.2284254306537	49.9347798889035	51.9270702048166	8882.7962962963
5	0	14	0	0	0.63183845731684	0	0	39.7684348329993	0	7271.4027777778
6	0	11.3333333333333	0	0	0.767222197327683	0	0	40.3880100442298	0	5848.93981481481
7	6.55555555555555	14.2222222222222	8.11111111111111	0.564642343811341	0.716595099059568	0.617286714355084	36.203498934453	36.0484878396208	35.9337150103607	15896.9196428572
8	9.55555555555555	19.5555555555556	9.55555555555555	0.709126994029039	0.768055323381364	0.627491731121855	31.5045781398239	32.7955710742563	33.7208214948388	32330.7386363637
9	0	23	0	0	0.430698694575859	0	0	30.6198732075227	0	6792.07142857146
10	0	18.3333333333333	0	0	0.614854157739654	0	0	34.006541467489	0	16990.3306451613
11	0	10	0	0	0.757862357086385	0	0	43.2259653226266	0	5566.89655172415
12	0	21.4444444444444	0	0	0.965867448788994	0	0	30.6114811178254	0	15305.696969697
13	0	16.3333333333333	0	0	0.700283452801779	0	0	36.1538966356544	0	14665.5
14	0	9.44444444444444	0	0	0.790751342175077	0	0	42.5771621704337	0	11512.75
15	5.33333333333333	7.55555555555555	4.11111111111111	0.747559461010645	0.701131568694857	0.692279146505432	46.1136293086524	47.1522574638265	47.7277907846613	9528.40277777779
16	0	7.22222222222222	0	0	0.820028653046425	0	0	47.3957497081794	0	4368.84615384615
17	0	8.88888888888889	0	0	0.742884485315912	0	0	43.1155142976221	0	5011.65277777778
18	0	7.11111111111111	0	0	0.632143347502719	0	0	40.685292815116	0	1239.1875
19	0	10.5555555555556	0	0	0.539815262112652	0	0	42.9267989865144	0	10650.3375
20	4.55555555555556	9.22222222222222	6.11111111111111	0.622320223384783	0.744234101363463	0.757264540979753	41.3670580634523	42.5951843998705	42.8172300077075	13993.0758928571
21	0	12.8888888888889	6.44444444444444	0	0.505566589430906	0.365803805811619	0	42.0371721910169	40.4893998658822	15891.625
22	0	12.5555555555556	0	0	0.741384266123191	0	0	34.658567406752	0	5401.00403225805
23	0	8.77777777777778	0	0	0.629409931182305	0	0	44.8780705972167	0	6250.08333333332
24	9	23.5555555555556	8.44444444444444	0.939157873319254	0.915161245916623	0.800474815915761	30.7045300314238	29.9362067413932	31.5721803120985	31276.4340277776
25	5.66666666666667	11.2222222222222	6	0.660440428747087	0.84063164013487	0.790411168396706	38.2351772426479	39.6470522128425	41.4019073392391	15372.474137931
26	3.33333333333333	7.11111111111111	5.22222222222222	0.675714712782622	0.70178333908475	0.634593203157845	42.8258699647676	45.948800822408	46.7398492965297	9355.87962962964
27	7.66666666666667	19	11	0.323472179319041	0.547138763114056	0.414400038653392	35.044956977205	36.8896452588077	34.0222913542222	31089.2569444445
28	3.66666666666667	9.55555555555555	4.22222222222222	0.621865386563019	0.72192167141197	0.597556432565597	45.1867755442626	45.6186216452455	46.3847496354138	15378.189516129
29	0	11	0	0	0.636737545609639	0	0	41.6810652356809	0	9295.04310344829
30	4.33333333333333	8.33333333333333	3	0.650867863401529	0.770679045124009	0.657011198634113	44.8917329254693	47.1023391038675	47.1281920659086	10846.9090909091
31	0	9.44444444444444	0	0	0.809789794025656	0	0	42.9563504478463	0	8670.15151515151
32	0	7.33333333333333	0	0	0.926818837411203	0	0	44.8107313901455	0	6824.13392857144
33	0	11.7777777777778	0	0	0.739165587150923	0	0	40.5556924544346	0	10469.3671875
34	0	11.2222222222222	0	0	0.559939404476755	0	0	40.2148275855939	0	2388.70967741936
35	0	11.6666666666667	0	0	0.504512234639275	0	0	45.1510946847083	0	12670.7741935484
36	0	10.1111111111111	4.44444444444444	0	0.595425102669231	0.441765461342909	0	45.2723440874247	44.9910512082616	11638.0892857143
37	14.7777777777778	25.1111111111111	15.7777777777778	0.589744875615344	0.633234076254807	0.553312549888999	31.4259114352583	30.9015824838764	32.3387360347588	66079.5789473685
38	0	15.3333333333333	6.77777777777778	0	0.638146271446299	0.52488522270707	0	37.2484087673869	32.1422824934808	20612.5249999999
39	0	13	0	0	0.754481250571417	0	0	37.1198481470093	0	9278.26953125
40	0	10.8888888888889	3.66666666666667	0	0.971179130100693	0.931891116296093	0	40.2418445758434	41.7601196687211	9885.25
41	0	13.1111111111111	4.88888888888889	0	0.523551091920095	0.449293328647009	0	40.664825043267	40.4891111866731	18337.40625
42	0	6.44444444444444	0	0	0.828589236195944	0	0	48.4524926669021	0	2788.30729166666
43	0	8.77777777777778	0	0	0.730757690476162	0	0	44.1776816599037	0	8931.17279411763
44	0	7.33333333333333	0	0	0.719453545914935	0	0	44.6885690742838	0	8642.50462962962
45	5.77777777777778	12.8888888888889	5.88888888888889	0.798169692020249	0.84199426548786	0.7749786579002	36.9624266300775	37.8490440842487	39.0552437002167	15405.8189655172
46	0	10.7777777777778	0	0	0.736367094961896	0	0	38.3653325968643	0	12857.3413461539
47	0	31.4444444444444	8.88888888888889	0	0.870300679509844	0.87428128783674	0	27.9387007584505	27.8339982919	28001.4861111112
48	6.55555555555555	11.8888888888889	7	0.462187788814168	0.497864223519996	0.444093183109618	42.2199787205651	41.9506468708066	43.028956544629	21321.1875
49	0	13.5555555555556	0	0	0.543256297665006	0	0	41.3113138507139	0	14509.7987804878
50	8	15.3333333333333	7.11111111111111	0.507378577346767	0.571858523365069	0.390392793542319	39.4785244512139	39.3751451748403	40.1775269177847	20515.7068965518
51	6.55555555555555	13.4444444444444	6.33333333333333	0.355712625792249	0.49338054862982	0.409986557874959	39.9540563910518	40.6886664216232	41.5000403157824	20184.7083333334
52	0	8.77777777777778	4	0	0.760384584325483	0.830372777545535	0	42.0791507611542	39.8001737021841	12242.4166666666
53	0	14.5555555555556	8.22222222222222	0	0.657850665261495	0.545180681705885	0	34.1594061125286	34.142352668994	19071.0689655172
54	0	6	2	0	0.779752485400767	0.478091443733757	0	48.8106972203402	51.0218920950682	5409.53846153847
55	4.88888888888889	8.33333333333333	4.55555555555556	0.548938930657856	0.706043681631958	0.678059571597089	44.4093223566932	44.6717263006813	46.0815349858859	18741.21484375
56	0	18.1111111111111	0	0	0.972983026628772	0	0	32.9129054350936	0	3975.62068965515
57	8.55555555555555	16.5555555555556	10	0.570685932296263	0.675064007948078	0.607303168501796	41.744530310139	42.4853616445874	42.5570860420537	60078.5113636362
58	6.11111111111111	12.6666666666667	6.55555555555555	0.743282801903922	0.772754351215074	0.720482039170643	37.1689089122335	38.3899564426812	38.3902002772522	22360.015625
59	0	14	0	0	0.483357084012247	0	0	41.6427801520029	0	17465.2794117647
60	7.22222222222222	19.5555555555556	8.33333333333333	0.744456477657923	0.859802134255475	0.745119322305893	30.5236499848796	30.493216089498	30.3555116852189	25204.821969697
61	2.77777777777778	7.44444444444444	3.66666666666667	1	0.987733700680851	0.718028345329198	47.0084781288011	49.7842819618187	49.1645407666378	13179
62	0	21.6666666666667	0	0	0.869480882106653	0	0	29.4756971704399	0	15986.9696969698
63	5.88888888888889	13.3333333333333	5.77777777777778	0.796277844339259	0.767478842063358	0.689636840404211	41.1820282522026	41.1451685788158	41.6581951446978	20850.6818181818
64	3.77777777777778	7.22222222222222	3.88888888888889	0.712471250290785	0.731041595608172	0.72163113623357	44.6840161204938	47.0934170263084	44.2094516590228	10571.125
65	6.66666666666667	15.3333333333333	6.66666666666667	0.838130881854763	0.852116560707672	0.785290632596473	37.191312811771	37.9020693774165	39.8081285550583	18755.046875
66	0	19.7777777777778	0	0	0.915337084015233	0	0	30.8802404411325	0	7878.39655172411
67	0	9.77777777777778	0	0	0.718959586789962	0	0	43.8634478496021	0	7440.43359375
68	0	13.8888888888889	0	0	0.602125623563337	0	0	42.6996338330743	0	13667.7903225806
69	0	7.88888888888889	0	0	0.757285291764237	0	0	43.3541595201813	0	7615.16129032259
70	0	12	5.11111111111111	0	0.698828957927263	0.608232484970408	0	40.0579488069805	42.7530358541806	14992.078125
71	8.44444444444444	15.5555555555556	6.11111111111111	0.599557163976045	0.67432129285369	0.717195286798999	35.2758056004388	35.0888164510477	32.9875780204314	26107.2673611112
72	0	18.3333333333333	0	0	0.702216368719246	0	0	32.1341627981322	0	5895.93548387096
73	2	6.66666666666667	2.44444444444444	0.715190513036855	0.762698916354404	0.791888375035124	45.0766198925241	48.6730865357325	46.8608834914276	8652.33750000001
74	12.7777777777778	24.6666666666667	13.6666666666667	0.458282468955028	0.53648707530949	0.419153575011834	29.9663006392763	30.5535650888656	31.6727986989339	42823.5035714287
75	0	12.5555555555556	0	0	0.762464147618359	0	0	37.5831689941217	0	13718.2424242425
76	0	8	0	0	0.779453122266709	0	0	45.7223810544146	0	2953.24
77	0	20.3333333333333	0	0	0.988335340572455	0	0	30.5989132226405	0	11374.2586206897
78	0	9.22222222222222	0	0	0.718693678863816	0	0	43.0715564822945	0	6319.21590909092
79	6.33333333333333	12.1111111111111	4.88888888888889	0.599018822231452	0.651237795622312	0.574660524093354	39.7881923113256	41.1581819266022	41.1012290412621	17401.4224137931
80	5.44444444444444	13.1111111111111	6.77777777777778	0.493849945737328	0.712156564406278	0.678581912658137	39.4043119079047	40.6649469289989	37.4901175800939	21381.9625000001
81	0	9.88888888888889	4.33333333333333	0	0.686515358394992	0.583897908182728	0	41.9846831716911	41.7665683402889	12237.2
82	0	13	4.66666666666667	0	0.651929811454668	0.642083831916097	0	39.8201049031083	38.446041462661	14609.2948717948
83	0	9.33333333333333	0	0	0.578127167054664	0	0	43.6849842052945	0	3430.33333333333
84	0	13	7.55555555555555	0	0.501798838221096	0.386871811393299	0	41.9975520752716	42.7012422183861	21478.3653846153
85	4.66666666666667	12.4444444444444	6.22222222222222	0.750230320908972	0.79865295621635	0.734468163026175	40.0160793325012	40.7562929250759	39.4805646777092	19321.7556818181
86	5.77777777777778	11.7777777777778	6.55555555555555	0.595851821649423	0.629038956479516	0.511053687682041	40.4129988338544	40.6334064487425	41.7851351273488	20692.25
87	0	15.5555555555556	0	0	0.747120322905521	0	0	35.054811097717	0	12018.9054054054
88	0	6.44444444444444	0	0	0.934495527289066	0	0	49.624124537136	0	5299.80172413792
89	0	11.8888888888889	0	0	0.873087743058508	0	0	36.9461971401393	0	7517.7232142857
90	0	15.5555555555556	0	0	0.568421792377406	0	0	39.3406858715288	0	13947.2734375
91	0	12.6666666666667	0	0	0.712333204076633	0	0	39.4217462462125	0	15582.1029411764
92	0	6.88888888888889	3	0	0.879786214889517	0.81262455829957	0	47.3416374184667	47.0078685613484	6656.05729166668
93	0	14.1111111111111	0	0	0.854528579257231	0	0	32.3172732438422	0	2760.96875
94	0	12.7777777777778	5.44444444444444	0	0.721483331537446	0.645916719418621	0	38.7153621324652	41.011277715482	13814.06640625
95	7.55555555555555	15.1111111111111	7.33333333333333	0.705215567937509	0.836073653385291	0.790988603402966	35.4288088349048	33.8158902095243	35.4201580466927	18624.3793103448
96	0	4.55555555555556	0	0	0.846573322084375	0	0	52.5971630097526	0	930.499999999998
97	4.77777777777778	13.1111111111111	6.22222222222222	0.699687333901386	0.802937278165261	0.767954873794202	41.9062719797231	40.3266005152228	36.9315690616326	14552.3970588235
98	8	12	7.33333333333333	0.844468949405104	0.755577939847608	0.787419446669704	42.8293896646876	43.6133751955414	42.9976011985494	34684.8107142858
99	0	16.3333333333333	0	0	0.822223152808178	0	0	34.3385119805398	0	13471.3484848484
100	0	7.33333333333333	0	0	0.78903942900299	0	0	46.9569010023133	0	7962.0625
101	0	19.3333333333333	0	0	0.59253915214726	0	0	32.0682578592201	0	6238.51428571431
102	0	6.55555555555555	0	0	0.712471614152412	0	0	48.4077152630597	0	5466.55555555555
103	9.11111111111111	19.5555555555556	7.66666666666667	0.913939342858	0.983662557014323	0.952569960080982	32.322537926074	31.9831448759352	34.359449142264	26234.8333333334
104	3.55555555555556	8.88888888888889	4	0.628363691066729	0.744392947633186	0.7088687091683	46.7190144060974	45.4948584567062	47.0200637746848	12201.9230769231
105	0	7.77777777777778	0	0	0.542270011837	0	0	38.3448811718298	0	1137.86206896552
106	0	9	0	0	0.715285110909724	0	0	40.847701098185	0	4331.62068965517
107	0	15.8888888888889	6.77777777777778	0	0.553555496152337	0.408167876991777	0	39.7751246291283	42.994187530802	20016.875
108	0	11.6666666666667	0	0	0.810236176201249	0	0	38.0109998661169	0	8036.9861111111
109	0	10.8888888888889	0	0	0.505823510463107	0	0	43.7052676177901	0	8289.93303571428
110	0	10.6666666666667	0	0	0.893882083633576	0	0	35.0831138302657	0	1178.64
111	4.11111111111111	14.8888888888889	0	0.623770378722665	0.73458304732709	0	38.0950302283165	39.2511818746664	0	16790.9038461538
112	0	9.66666666666667	0	0	0.55423987443625	0	0	46.1562778214661	0	9525.90625
113	6	12.4444444444444	5.88888888888889	0.550873180930064	0.656794098161697	0.595991701646841	40.7997874326807	41.9640768837718	40.7521370026868	17931.7071428572
114	0	15.5555555555556	0	0	0.521685456569119	0	0	41.0028592820973	0	14891.6976744185
115	0	6.66666666666667	0	0	0.765395201874132	0	0	48.5747583224559	0	1904.62962962963
116	0	8.77777777777778	0	0	0.6500998000636	0	0	44.6373635460351	0	7912.95689655172
117	0	18.2222222222222	0	0	0.593826908180752	0	0	39.1433826982328	0	14857.0335365853
118	0	9.33333333333333	0	0	0.587198010296931	0	0	46.1436499962344	0	6800.17857142856
119	0	7.88888888888889	0	0	0.711937004392268	0	0	48.1183209357625	0	5338.31944444445
120	0	12.2222222222222	7	0	0.573065050061207	0.530562660929404	0	40.2183242143996	43.4639893243325	14860.3571428572
121	0	9.77777777777778	0	0	0.747367840970391	0	0	43.3346479761732	0	9166.83870967743
122	0	13	0	0	0.535977530810835	0	0	38.9748021037545	0	10874.4137931035
123	0	9.66666666666667	0	0	0.728853126148737	0	0	41.3536374834195	0	9507.79032258066
124	0	8.11111111111111	0	0	0.691611799350732	0	0	45.2042073853919	0	3963.30952380952
125	0	12	0	0	0.614410086135732	0	0	41.3782813733061	0	9014.80743243247
126	0	12.7777777777778	0	0	0.71178280002065	0	0	38.8791938959189	0	16638.3749999999
127	6.33333333333333	14.4444444444444	6.77777777777778	0.576953485936018	0.603515603577948	0.484664147964678	38.1303545755636	40.2690622301372	41.4150385743454	25670.5714285715
128	3	6.66666666666667	3.33333333333333	0.795457421743733	0.683479329340427	0.680905698539032	46.4325749790878	49.2717495901997	47.5375080218361	9470.95535714286
129	0	16.7777777777778	5.55555555555555	0	0.803527170657193	0.834851452510898	0	34.8905270140206	37.6272582464082	17463.4545454545
130	0	18.1111111111111	0	0	0.689740371783406	0	0	31.458446277638	0	20834.4963235293
131	18.2222222222222	26.1111111111111	16.2222222222222	0.958287495570687	0.979488081724546	0.918843571953518	29.7347130314063	30.4689766465128	30.4399816410589	70056.0277777783
132	0	9.44444444444444	3.11111111111111	0	0.939048945417687	0.820086424695785	0	43.3768544525222	48.191677535538	8568.8125
133	0	16.6666666666667	0	0	0.50925207011379	0	0	40.1250516730007	0	17196.8928571427
134	0	19.5555555555556	10.3333333333333	0	0.739353136360173	0.617356373031195	0	32.8134964644197	27.8847894382672	25263.0442708335
135	0	13.7777777777778	0	0	0.88633726347926	0	0	35.9172844568159	0	7227.06896551723
136	0	18.8888888888889	0	0	0.871140261016544	0	0	30.365868203065	0	11763.0406249999
137	9.44444444444444	14.7777777777778	10	0.470924058453632	0.56906248476627	0.48053692536403	40.0370620409231	41.5727116424842	43.5457614023094	37305.26953125
138	6.22222222222222	18.4444444444444	8.55555555555555	0.929205697848144	0.923488636248683	0.987319126939462	34.2170293040355	35.1337154913288	35.419128828496	26675.8823529413
139	0	10.7777777777778	0	0	0.547179622459242	0	0	41.8527424912199	0	4854.18359375
140	9.44444444444444	20	11.4444444444444	0.654379134091257	0.810300354121231	0.691495692347374	31.9396282428652	31.3455746553674	27.9655976988365	35624
141	4.11111111111111	7.88888888888889	4.66666666666667	0.781241560682715	0.776815765554232	0.65418442065305	43.4899172235133	44.8148352735879	48.4472640774099	17190.435483871
142	0	16.5555555555556	9.33333333333333	0	0.467715791101401	0.323248158830407	0	38.8932880659008	41.2693102113329	21089.4285714285
143	10.8888888888889	19.5555555555556	10.1111111111111	0.647212195078549	0.742035903926208	0.644233671936686	39.9010098448646	39.8880986229239	41.9324274337874	91161.4473684206
144	0	21.8888888888889	0	0	0.810424900446082	0	0	29.838580086583	0	15362.8198529411
145	0	13.4444444444444	0	0	0.613171446613579	0	0	34.2777513203811	0	2719.71551724138
146	0	5.77777777777778	0	0	0.875983412386052	0	0	43.0465221635255	0	1321.25000000001
147	0	10.4444444444444	0	0	0.725977041720654	0	0	39.0655256120975	0	9215.72972972972
148	0	13.2222222222222	0	0	0.785812407142332	0	0	37.2489836500207	0	14020.9423076924
149	0	18.3333333333333	0	0	0.772591517778101	0	0	32.8201751783641	0	10869.0505319149
150	0	10.3333333333333	0	0	0.494628824084077	0	0	41.4524179284759	0	3608.39285714285
151	0	9.22222222222222	0	0	0.647109141654353	0	0	42.8975484501709	0	10380.0172413794
152	13.2222222222222	28.3333333333333	13.5555555555556	0.712673319841263	0.760758780622773	0.785351122256627	29.4525483512662	29.1848472042694	30.0661297308967	50489.4391891895
153	0	6.88888888888889	0	0	0.745883797700358	0	0	40.8352028866264	0	701.666666666667
154	6.22222222222222	14.8888888888889	7.88888888888889	0.756052211818516	0.859570529792267	0.858048886813869	38.1539780218188	38.0290687420872	39.1942969969681	27470.1458333334
155	6.55555555555555	14.4444444444444	7.88888888888889	0.501376998104255	0.617766975815164	0.516876088117142	40.8905301431844	41.476360759963	40.060650590654	28613.4781249999
156	0	18.1111111111111	0	0	0.988516766312117	0	0	32.2216525984341	0	10763.2903225807
157	0	19.3333333333333	0	0	0.908800893920533	0	0	32.4465918143951	0	12724.9354838709
158	0	12.6666666666667	0	0	0.812678071543377	0	0	31.9219091190876	0	6076.671875
159	0	7.66666666666667	0	0	0.802413823839414	0	0	46.2156583686467	0	6772.50000000001
160	0	9.66666666666667	0	0	0.670033289032923	0	0	40.9276059679055	0	11084.0227272728
161	0	19.2222222222222	0	0	0.912112426243472	0	0	29.8560745978494	0	13297.1029411764
162	0	22.5555555555556	0	0	0.725208842594823	0	0	29.9929522217441	0	22450.5923913044
163	0	10	0	0	0.850038053766275	0	0	42.3188293516221	0	7153.07692307693
164	0	15.4444444444444	0	0	0.602237374367353	0	0	36.1530824439774	0	13427.4
165	9.66666666666667	19.8888888888889	9.11111111111111	0.936910746050919	0.914979791255495	0.854407151924756	32.3408957208823	32.7620151680487	34.0005821302744	24359.1634615386
166	0	11.8888888888889	5.11111111111111	0	0.86496125843148	0.835797502410032	0	38.4134521118955	40.4297477381188	14507.775862069
167	0	16.8888888888889	8	0	0.796925936674478	0.770509792250641	0	33.0607285899674	30.9271634327792	18861.2094594594
168	8.33333333333333	16.7777777777778	8.77777777777778	0.407579365423893	0.516365109070753	0.392022808845089	37.9094254236953	39.0804150164116	40.3915055270972	33226.1363636365
169	0	19.5555555555556	0	0	0.634502880056154	0	0	33.8777627471104	0	19452.945945946
170	10.2222222222222	22.6666666666667	7.77777777777778	0.878511904866743	0.910070402336118	0.875315106290362	31.9963402547351	32.4068400601017	31.8160494830094	23605.2785714285
171	0	19	8.44444444444444	0	0.802062118758162	0.759482498120768	0	32.802385107877	32.6226158112255	18915.5625
172	0	15.2222222222222	0	0	0.622660405561673	0	0	37.7982446748416	0	16213.4642857143
173	5.33333333333333	10.4444444444444	6.11111111111111	0.67144730331973	0.806895342164542	0.816480947227286	43.102933736833	43.5576104615525	44.8052861907898	24438.676724138
174	8.22222222222222	17.8888888888889	8.22222222222222	0.966073560183769	0.957878136574543	0.894684203485845	34.3788502909305	33.9287497241039	37.008048570862	27870.5000000001
175	0	11.7777777777778	5.55555555555555	0	0.818372152686922	0.860892045394467	0	33.784806393495	35.0056273012814	15897.1973684211
176	0	12.7777777777778	0	0	0.717953613710828	0	0	39.4622921922555	0	11721.0540540541
177	0	8.55555555555555	0	0	0.803132122084435	0	0	41.497933837719	0	9946.15322580644
178	12.1111111111111	20.1111111111111	11.5555555555556	0.90080980522533	0.990217812076743	0.98044979410858	31.6341567042078	31.5407456921205	33.2461476474987	47636.3897058822
179	0	11	0	0	0.870379699557397	0	0	42.2604315502052	0	9752.59374999995
180	0	21	0	0	0.810994107376316	0	0	27.2625332066817	0	16516.7317073171
181	0	10.7777777777778	0	0	0.68136975985377	0	0	42.3720949367601	0	12468.1710526316
182	0	6	0	0	0.516586537565689	0	0	40.3510112216886	0	8045.9375
183	8.44444444444444	15	10.4444444444444	0.49546679080111	0.622390679464967	0.538245340488317	39.2486165473662	40.7432992556116	39.512203063473	38541.0684523813
184	8.88888888888889	18.1111111111111	7.55555555555555	0.777462023436512	0.84983575424241	0.903010160836954	30.8718764496134	31.0809555121046	32.6054456327295	20816.675
185	0	13.6666666666667	0	0	0.823200968737125	0	0	34.1979036105095	0	6391.95588235293
186	0	7.44444444444444	0	0	0.851714959410995	0	0	45.152736490468	0	7067.27314814816
187	0	8.22222222222222	0	0	0.797652119834602	0	0	35.4968830767968	0	1296.27
188	0	15.4444444444444	8.66666666666667	0	0.74627516471683	0.753783514546014	0	31.5716565645508	32.827306163212	20306.1302083333
189	8	13.2222222222222	6.22222222222222	0.571611631839077	0.701966179418191	0.707758177286896	37.9744603836665	37.6982515996295	31.2577229272274	21215.4020270271
190	12.4444444444444	24.6666666666667	14.3333333333333	0.685088338612674	0.74190797563329	0.673388460694952	27.9266284057275	27.9005158740518	28.4327688823651	43750.7881944447
191	0	19.5555555555556	0	0	0.71087292696236	0	0	29.4211392164594	0	15570.3043478262
192	0	14.3333333333333	0	0	0.813170632222382	0	0	35.1367803760302	0	8701.03124999999
193	0	12.1111111111111	6.44444444444444	0	0.654873471807576	0.512912037423191	0	39.9451495224596	38.2575028401571	14562.8421052632
194	0	11.7777777777778	0	0	0.830240308516664	0	0	37.9275740582606	0	11269.9409722223
195	0	6.77777777777778	4.33333333333333	0	0.813963811346174	0.83107895857886	0	45.386808397221	41.6697231665889	9280.33189655171
196	0	8.66666666666667	0	0	0.963622418798945	0	0	41.4429526753248	0	5279.93103448275
197	10.2222222222222	18	9.11111111111111	0.810577958253783	0.815301135853421	0.818272264357642	30.8597380949172	30.9842855860277	31.7272989199663	26193.8437500001
198	0	12.5555555555556	0	0	0.815940004215184	0	0	39.7888616443155	0	8270.75925925923
199	0	9.55555555555555	4.77777777777778	0	0.802833003273209	0.896394783661066	0	42.5431329401814	38.6944795365966	11996.4233870968
200	0	17	5.77777777777778	0	0.863648541746573	0.757142736813806	0	34.7011877397159	35.5141935365183	16600.3839285714
201	0	18.5555555555556	9.11111111111111	0	0.705889698632957	0.60410397195352	0	30.7177062564583	31.149354181763	27873.1118421053
202	0	6.88888888888889	0	0	0.790418316795725	0	0	41.827918600312	0	881.124999999998
203	0	8.44444444444444	0	0	0.792563098193179	0	0	41.5212688553788	0	11692.3851351351
204	4.77777777777778	11.5555555555556	4.88888888888889	0.756630658987168	0.864876948109198	0.817086322124822	42.5371140349745	40.9089051155104	41.9765074857779	16171.2901785714
205	0	8.22222222222222	0	0	0.7409404243658	0	0	42.3531898684062	0	8710.7177419355
206	0	8.66666666666667	0	0	0.905715103927607	0	0	43.2891259565326	0	3825.61111111112
207	0	17.3333333333333	0	0	0.929915085709459	0	0	30.2301854005643	0	8291.10887096774
208	0	21.7777777777778	0	0	0.741268457328028	0	0	30.6539279183718	0	18922.0869565218
209	0	8	0	0	0.763182508824065	0	0	45.8580763202553	0	6244.62962962962
210	0	14.5555555555556	0	0	0.810809055987648	0	0	35.3994012093401	0	12790.7857142857
211	3.55555555555556	7.44444444444444	4	0.965614149388614	0.965498260810869	0.821834537558562	45.6030372872769	45.1051311533406	48.3319951785188	10449.7314814815
212	0	10.3333333333333	0	0	0.613994299736597	0	0	43.4866293576702	0	12642.9396551725
213	0	5	0	0	1	0	0	51.6085468130781	0	3420.22826086957
214	0	15.6666666666667	0	0	0.73243627173189	0	0	35.6729725075825	0	13589.1535714285
215	0	11.4444444444444	6.33333333333333	0	0.603634532597922	0.467807454726307	0	40.1216206192714	39.560091600703	17287.546875
216	10.2222222222222	16.7777777777778	12.4444444444444	0.555635832713117	0.622075778173611	0.606564514265352	36.3448795593474	36.2221147348319	34.34526492659	41537.195121951
217	0	6	1.66666666666667	0	0.869079181001015	0.871779788708134	0	50.2250786053222	44.9392182315248	5939.91666666667
218	0	18.1111111111111	0	0	0.813236042389646	0	0	30.4399710499376	0	10615.7991071429
219	5.66666666666667	8.66666666666667	5.33333333333333	0.820033065880829	0.90529834385422	0.882564485352023	47.4627096606624	48.6274197169737	48.8025491125415	19555.9677419354
220	10	17.8888888888889	11.2222222222222	0.907406576609629	0.903934080970127	0.840631640134869	39.5109692845187	39.6637186756	42.1639489563638	78153.7364864862
221	0	16.7777777777778	0	0	0.645837339611614	0	0	36.4937605846629	0	15589.0064102565
222	0	9.33333333333333	0	0	0.66703137553653	0	0	41.1209559324155	0	10734.4204545455
223	0	15.2222222222222	0	0	0.840889629710196	0	0	33.6260904241549	0	4898.08482142858
224	0	16.7777777777778	0	0	0.908019993401618	0	0	31.9610257939535	0	10400.724137931
225	0	13.5555555555556	0	0	0.836309084865061	0	0	35.5406512181974	0	5727.32500000001
226	0	10.3333333333333	4.44444444444444	0	0.798452922616884	0.69281759478209	0	43.8260767265682	46.9001700152257	10420.2413793104
227	0	17.4444444444444	6.88888888888889	0	0.964443928458085	0.719268950442362	0	33.1376564761819	33.531911595226	17977.6896551724
228	7	14.7777777777778	8	0.875825934699327	0.882647939210793	0.841759935851528	35.0615008034306	34.7680357031525	36.3027115835137	27007.6098484849
229	5.66666666666667	14	5	0.87580689022902	0.844585772437214	0.910548443995081	36.4847156105415	35.3538747377515	36.8959905477144	19868
230	0	23.3333333333333	0	0	0.426637053150079	0	0	33.2428985479795	0	5274.02777777781
231	11.8888888888889	19.2222222222222	11.2222222222222	0.465405339360639	0.530889858486009	0.438228428419252	36.8570444721662	38.2390337182382	40.016402369391	44602.0000000002
232	0	26.3333333333333	0	0	0.723940292796292	0	0	28.061986929465	0	17986.6607142857
233	7.66666666666667	15.8888888888889	7.88888888888889	0.454002273412338	0.614692953184303	0.508193724904053	39.5824534108823	39.9736679509217	36.5186022445462	20843.7441860464
234	0	6.44444444444444	0	0	0.770468801913466	0	0	46.942748175902	0	7005.32589285712
235	6.22222222222222	9.55555555555555	4.66666666666667	0.729242781853896	0.764622619336349	0.733664374930285	38.8206634666096	41.0961503744726	41.3956320791554	16454.6166666667
236	5.11111111111111	9.55555555555555	4	0.735053439970549	0.885328826710019	0.867091988614617	45.2286084725917	44.3899859193871	46.1224160757742	15076.5625
237	0	9.66666666666667	0	0	0.812574198099407	0	0	39.3846788592303	0	10570.8445945945
238	0	19	0	0	0.686011441370706	0	0	33.4078878234153	0	16600.3385416667
239	6.88888888888889	12.1111111111111	6.55555555555555	0.659268288855489	0.778721456817179	0.762069669612997	40.6985597080442	39.8677366459251	37.9229990690864	24480.2071428572
240	0	9.88888888888889	5.11111111111111	0	0.710654864869744	0.486461783689809	0	43.7698552736564	43.9172224551716	12776.090909091
241	0	22.2222222222222	0	0	0.631290113438818	0	0	31.9443858716555	0	15792.0222222222
242	0	8.44444444444444	0	0	0.750039053829989	0	0	41.7516462872043	0	10441.4924242425
243	0	8.55555555555555	0	0	0.696498698121351	0	0	45.8554831418512	0	3874.8125
244	16.5555555555556	23.6666666666667	15.4444444444444	0.350088536115663	0.436915076420891	0.34931787149605	37.1281153208683	36.7091092164947	35.6521666695084	57189.6022727275
245	0	13.1111111111111	8.77777777777778	0	0.599128473246645	0.543485744105719	0	40.4525826216199	37.0242026936603	20261.8663793104
246	0	6.88888888888889	0	0	0.343183778221998	0	0	43.4612821065836	0	4735.09868421051
247	4.88888888888889	9	4.66666666666667	0.751254628434391	0.646844295392811	0.699506940044982	43.6495533647368	43.2248441823518	45.7892279765035	13297.75
248	0	9.77777777777778	0	0	0.647072130259787	0	0	38.3123686072752	0	1345.47297297297
249	0	5.33333333333333	0	0	0.818047213491121	0	0	44.4528865222463	0	793.285714285715
250	5	11	3.88888888888889	0.632996002836044	0.707255622582008	0.57790628352977	40.8793196156978	42.934960799166	43.9606024425262	14788.6022727273
251	5.88888888888889	13.4444444444444	5.77777777777778	0.587146711178977	0.711491840456766	0.652112397766137	37.9617143240146	38.5922492266867	39.7422307946776	20800.375
252	0	13.6666666666667	0	0	0.602772484219281	0	0	39.4519413719495	0	10975.1666666666
253	5.88888888888889	16.3333333333333	6.55555555555555	0.673156254277143	0.688020209482777	0.603066148127534	31.816083492015	35.3792828117867	34.5462427259511	24447.8870967743
254	0	9.55555555555555	2.88888888888889	0	0.604816113896047	0.520432681080234	0	44.2004265259443	39.4710526391562	9960.15322580644
255	0	25.6666666666667	0	0	0.849028578539367	0	0	27.8356440752121	0	17241.3194444445
256	0	10.5555555555556	0	0	0.717781196360048	0	0	36.0594139583633	0	2172.57142857143
257	0	9.66666666666667	0	0	0.750777836211243	0	0	41.0295808855698	0	5080.90000000001
258	0	20.2222222222222	0	0	0.869682009190713	0	0	30.0596856101711	0	11720.5590277777
259	3.44444444444444	8.22222222222222	3.77777777777778	0.702760377230118	0.854778032604085	0.7051667888756	46.7062500239322	47.8204204395061	49.1123810576981	12565.5161290322
260	5.22222222222222	11.5555555555556	4.77777777777778	0.839312143820624	0.910005882277263	0.757635314060728	43.8681531658948	44.898291170503	48.5218210904176	24535.5390625
261	0	16.4444444444444	6.22222222222222	0	0.609071302012135	0.513015703433482	0	36.7993509670499	38.7839449622057	20684.6048387097
262	0	16.7777777777778	0	0	0.666277228781686	0	0	39.1841864745882	0	12727.5457317074
263	0	12.3333333333333	0	0	0.630848270355263	0	0	41.1064540339691	0	11020.4071428572
264	5.33333333333333	9	5.11111111111111	0.884285722714357	0.792438286378606	0.725341447552193	44.1056997798485	45.3798270926488	47.7293877808638	17426.5357142857
265	6.77777777777778	13.5555555555556	7.55555555555555	0.495245706225014	0.656837007978006	0.594111420319696	42.2205564388055	40.9040498621393	38.3777964173647	20118.1617647059
266	0	12.2222222222222	0	0	0.760561093552747	0	0	38.1543789715929	0	8041.12500000002
267	0	7.66666666666667	0	0	1	0	0	45.4919840166471	0	4140.73275862069
268	6.77777777777778	14.1111111111111	6.77777777777778	0.415713528906387	0.508623178989458	0.38308167033752	37.7235040274914	41.0870868920035	41.3197980848436	20006.51875
269	0	23.6666666666667	0	0	0.783900540081611	0	0	28.3526094784435	0	13015.9791666667
270	0	20.4444444444444	0	0	0.977408713141853	0	0	29.7541076168499	0	10585.3181818181
271	6.33333333333333	11.4444444444444	6.11111111111111	0.469011863135738	0.576380244053764	0.489406208233348	40.9958665915748	41.9797167516922	40.5371258563938	16616.7931034483
272	0	14.1111111111111	0	0	0.885399900104467	0	0	31.8929344459693	0	5303.890625
273	0	15	0	0	0.588700256883943	0	0	40.4068149807848	0	14200.525
274	9	23.6666666666667	11.3333333333333	0.346881120599499	0.519018334252041	0.390506660013828	36.777568272013	36.8540562896046	35.60208634438	31179.9090909092
275	0	15	6.55555555555555	0	0.67757298313327	0.57120229418693	0	39.4482488525226	38.2474015312004	16757.1583333334
276	5	10	5.66666666666667	0.925968350779627	0.933265231728257	0.910650352807439	40.8905393475354	42.619784726158	44.4700984437781	17330.2068965517
277	0	16.4444444444444	0	0	0.671229536433456	0	0	33.9091142169495	0	10421.3548387097
278	0	9.88888888888889	3.55555555555556	0	0.881632084492491	0.882719076741684	0	43.0400442602358	46.5850469846681	9765.18518518517
279	0	13	6.22222222222222	0	0.578998658609901	0.412530996652678	0	41.5584311911774	41.2092029852252	15795.7987804879
280	0	12.6666666666667	0	0	0.727698106774649	0	0	38.3077269070699	0	10061.8534482758
281	4	11.5555555555556	4.88888888888889	0.443246408958752	0.716612557067118	0.56002133520781	42.4202550631316	43.6205458456995	42.6477166357887	15120.3275862069
282	7.44444444444444	13.4444444444444	7.33333333333333	0.670965057717072	0.682867039626176	0.624049354522482	39.7830063312291	39.8393436922828	40.0340246623575	19713.5
283	0	9	0	0	0.725763998539886	0	0	42.8860823982745	0	3546.11111111111
284	0	10.5555555555556	0	0	0.885109833247549	0	0	32.3081670676753	0	6433.29411764705
285	5.11111111111111	12.1111111111111	5.55555555555555	0.626167622504655	0.694415740260027	0.674782044129626	37.1572912038985	38.1087418212002	39.9282267483529	16652.575
286	3.77777777777778	9.22222222222222	4.55555555555556	0.7051667888756	0.811690993806155	0.750800921160136	43.5298695200693	42.2667831674845	42.8666623571557	14434.75
287	5.44444444444444	11.4444444444444	6.66666666666667	0.72163218745589	0.695844910949766	0.721458629872337	40.9281063575175	41.5867870885516	42.9626606697941	22812.5625
288	4.33333333333333	8.22222222222222	4.77777777777778	0.680082329046093	0.693083428982922	0.658108878659406	43.6277163139321	44.6440715155984	45.1417479274244	10094.8125
289	8.11111111111111	13.3333333333333	8.33333333333333	0.689807150657971	0.571331790701496	0.70142280056657	30.6921458493431	29.236485829278	30.1433596434868	18831.3333333334
290	0	18.8888888888889	0	0	0.797140811688811	0	0	27.9770857931281	0	5996.00892857146
291	0	4.88888888888889	0	0	0.971580146824664	0	0	53.9152405351917	0	4002.25
292	0	14.8888888888889	0	0	0.718524874163314	0	0	33.690386468562	0	6951.79651162787
293	7.55555555555555	12.7777777777778	8.66666666666667	0.803622220803069	0.824365403516503	0.757770858824999	36.9763362623522	37.0584685016743	39.8938184353524	23222.5689655173
294	0	12.6666666666667	0	0	0.492493812892606	0	0	42.0595098353783	0	13437.1071428572
295	0	7.55555555555555	0	0	0.7322086627389	0	0	46.2216284038749	0	4296.07142857143
296	9.44444444444444	17.1111111111111	11.2222222222222	0.37004503210347	0.455741267415573	0.37480479938704	41.0574899102895	41.1132551894137	39.5328308056841	32450.4928571427
297	0	20.2222222222222	0	0	0.689495679874963	0	0	30.4882293154156	0	12517.5571428572
298	0	11.7777777777778	0	0	0.818718972823642	0	0	37.4127548277438	0	6620.83333333332
299	0	21.6666666666667	0	0	0.835252964248909	0	0	29.2025459095733	0	13234.7672413793
300	0	15.2222222222222	0	0	0.422388972440215	0	0	40.5178552905891	0	13528.4583333333
301	0	15.4444444444444	7.88888888888889	0	0.678620841790181	0.569306014659699	0	35.5385197432675	35.7106962592422	18771.625
302	0	12.5555555555556	5.33333333333333	0	0.923055911154598	0.903210510185297	0	37.2511027240806	37.2308200628446	11427.7672413793
303	0	12.2222222222222	5.11111111111111	0	0.747285424021306	0.71394518930963	0	36.7433550199933	38.0585030863049	13720.2177419355
304	0	11.6666666666667	5.11111111111111	0	0.809027517961568	0.81593948473753	0	40.0363701565243	41.4209129492114	11372.5775862069
305	0	20.8888888888889	11.3333333333333	0	0.437616247792414	0.29507638450312	0	38.1594716040709	36.552950986319	28792.7000000003
306	3.22222222222222	6.22222222222222	3.55555555555556	0.817516697133492	0.790839015078668	0.778311782494156	45.3090388532687	45.6783926066001	48.5807315941651	9351.82352941175
307	0	22.2222222222222	0	0	0.613578062323988	0	0	29.8518416227175	0	17930.1785714287
308	0	15.4444444444444	0	0	0.962316977105622	0	0	34.4632464013191	0	9738.64285714284
309	10.2222222222222	16.4444444444444	10	0.480143951666076	0.581573452838363	0.492729008338852	39.7314673052386	41.0235818094288	41.2261201566856	48853.358108108
310	0	14.3333333333333	0	0	0.624076275457551	0	0	32.9973620113649	0	16927.6442307693
311	8.44444444444444	14.5555555555556	10.3333333333333	0.475202016461823	0.621111693351951	0.555721000415181	38.9948880957004	39.8187611722563	38.9137907923321	44488.0192307695
312	0	17.6666666666667	6.33333333333333	0	0.810237376371561	0.851116603860411	0	33.6207301976492	33.4614319432399	19438.5243055555
313	0	5.33333333333333	0	0	0.638172677952965	0	0	43.2112890386981	0	580.000000000001
314	0	14.7777777777778	0	0	0.69559555339517	0	0	35.8681184877655	0	2818.28353658536
315	0	9	0	0	0.667679318476735	0	0	36.4835144356187	0	1357.83455882352
316	0	22.1111111111111	0	0	0.739610454630272	0	0	29.5396024102192	0	9374.79444444435
317	0	9.88888888888889	0	0	0.717882689272457	0	0	40.2501905392055	0	6969.19117647063
318	0	16	0	0	0.607007960870843	0	0	34.7881803311183	0	3132.72222222223
319	0	10.2222222222222	0	0	0.611572918592223	0	0	30.5889367867488	0	4697.33333333333
320	0	23.6666666666667	9.22222222222222	0	0.57172421007975	0.42140459249544	0	31.0251175640276	32.2969729449927	26257.953125
321	0	19.1111111111111	0	0	0.614907600152367	0	0	32.4441498024877	0	16222.1162790696
322	2.66666666666667	8.11111111111111	4.55555555555556	0.912870929175277	0.826002414603303	0.73681390248616	40.4574977250161	43.936285066957	43.632440743858	14717.7661290322
323	0	20.2222222222222	5.66666666666667	0	0.494129311110032	0.370203118925096	0	37.6002766719871	35.4382530008781	25094.1500000002
324	0	18	8.44444444444444	0	0.804029051074349	0.732691172544453	0	32.9084012381878	32.1413912768913	15194.375
325	0	7.55555555555555	0	0	0.831940215798469	0	0	44.6834149253315	0	5671.91176470588
326	0	20	0	0	0.744573797545026	0	0	30.6799549246994	0	12823.3181818182
327	10.3333333333333	16.4444444444444	8.77777777777778	0.536276756499559	0.685702351233817	0.636588665367549	34.7569780793494	35.5537215950284	31.7541603798566	27345.8720930229
328	0	9	0	0	0.606334202603982	0	0	43.4297627282871	0	3377.40740740741
329	7	11.7777777777778	6.88888888888889	0.785168982962541	0.863284143943654	0.853390695702966	39.2457242823591	40.0830249753703	41.6915329718512	28411.4274193548
330	4.33333333333333	10.2222222222222	4.77777777777778	0.787808410140197	0.74774088997768	0.568925894229691	39.7080278412737	42.8934656561951	44.6804183095652	15943.6060606061
331	0	18.7777777777778	0	0	0.75313977029331	0	0	30.2042133104739	0	9664.7111111112
332	0	22.2222222222222	0	0	0.795782490127002	0	0	29.5983010123866	0	14525.42578125
333	4.33333333333333	6.88888888888889	3.33333333333333	0.832840453731232	0.879786214889517	0.828078671210826	45.5843338842851	46.4187348642071	46.9964799556128	14696.203125
334	0	7.55555555555555	0	0	0.918703027994034	0	0	47.4828603440478	0	2345.09615384615
335	6.44444444444444	15	10.3333333333333	0.507985333287968	0.688011653332051	0.638303980065597	34.5275297104897	36.5491653604992	32.5503428187551	30396.231060606
336	0	8.11111111111111	0	0	0.662224687177965	0	0	41.2084891000539	0	5213.79310344829
337	0	14.6666666666667	0	0	0.622601948072234	0	0	39.8583052222151	0	12040.4027777777
338	5.33333333333333	9.66666666666667	5.44444444444444	0.745997633025085	0.749683391921191	0.885175378250172	37.9371548270044	41.2450653259315	41.8038873187185	14662.2633928572
339	0	9.22222222222222	0	0	0.788936711658737	0	0	40.5381007939491	0	10995.4857142857
340	0	11.8888888888889	0	0	0.786374652671929	0	0	35.6134855447963	0	11074.33125
341	0	18.7777777777778	9.11111111111111	0	0.706174047891567	0.628238895176092	0	32.2138997543613	33.8534497651055	20918.3125
342	0	8.77777777777778	0	0	0.68635107387479	0	0	43.5859541789866	0	5876.75000000002
343	0	21.8888888888889	0	0	0.830023260751969	0	0	28.6421015034439	0	14949.5757575757
344	0	5.55555555555555	0	0	0.860892045394467	0	0	42.303550471967	0	884.444444444446
345	0	14.4444444444444	0	0	0.592737334592229	0	0	35.6762856631145	0	16443.4054054053
346	0	16.1111111111111	0	0	0.587037594189592	0	0	35.4933326221021	0	13802.1022727272
347	0	12.5555555555556	0	0	0.863231315008816	0	0	33.1431302612143	0	8035.59868421048
348	0	6.66666666666667	2.44444444444444	0	0.762698916354404	0.766949235014665	0	48.5609720015819	44.4883820698841	9167.82196969695
349	0	14.4444444444444	0	0	0.791530503643485	0	0	32.4400797371021	0	9461.703125
350	0	18.2222222222222	0	0	0.458237947015248	0	0	37.6517447712782	0	15488.1081081082
351	12.2222222222222	21.5555555555556	13.2222222222222	0.780842605534177	0.822591034093003	0.828839883496688	31.6194497975665	31.5702107304195	32.0245992735916	51979.232142857
352	0	19	0	0	0.528113168657167	0	0	37.6375064947064	0	17444.0499999999
353	0	18.2222222222222	9.22222222222222	0	0.798854698854279	0.856080720967029	0	31.0841127197422	30.7598470090235	22533.2801724137
354	0	7.66666666666667	0	0	0.985442850494711	0	0	37.7835983309601	0	1037.125
355	0	8	0	0	0.84275025641905	0	0	43.7398960344713	0	7153.46666666668
356	6.66666666666667	14.5555555555556	6.44444444444444	0.775121174058686	0.783574140177048	0.792154528741049	37.737146892139	38.9051673076661	39.4560792469827	26522.8958333332
357	6	10.5555555555556	5.66666666666667	0.698223963370319	0.705371513853903	0.645281889189005	39.3768581636494	38.8693508369793	41.3209067119964	17137.4375
358	0	9.22222222222222	3.88888888888889	0	0.802298685034455	0.825374352059911	0	44.5058344182701	46.598610718267	7555.38839285715
359	3.11111111111111	17.7777777777778	6.88888888888889	0.777665428912933	0.918563576513756	0.731351215446877	35.914329200242	37.1265006644226	37.2055664621677	19004.4545454545
360	0	20.1111111111111	0	0	0.849974402706576	0	0	28.5616599836184	0	11345.672413793
361	0	18.4444444444444	0	0	0.441433061633094	0	0	36.6608476762847	0	5055.11206896553
362	0	8.77777777777778	0	0	0.637830467179288	0	0	42.6270059089651	0	6975.35344827588
363	0	20.7777777777778	0	0	0.779299182160192	0	0	31.2773813415554	0	13138.8529411764
364	11	20.1111111111111	10.6666666666667	0.904384756222357	0.835380694846392	0.701212825592202	34.7312733807285	34.2648478130097	36.3277282709735	40888.2222222221
365	0	5.33333333333333	0	0	0.257646812709093	0	0	40.3214249081126	0	2888.875
366	0	16.2222222222222	0	0	0.749611453861789	0	0	32.7549106164018	0	10157.9390243902
367	5.55555555555555	9.88888888888889	5.11111111111111	0.586918733370183	0.701959652592196	0.592123111922905	42.43141324791	42.7641954013538	41.9647879829113	15527.1304347826
368	0	9.33333333333333	0	0	0.662108771546138	0	0	38.2226909432391	0	1736.49137931033
369	0	5.88888888888889	0	0	0.825818978222306	0	0	40.3584953103875	0	789.96527777778
370	7.77777777777778	27.6666666666667	8	0.775664965052025	0.935476398955972	0.856527435468288	32.6838242629913	32.1197153346587	35.7879932604362	24883.0208333334
371	4.33333333333333	16.6666666666667	7.55555555555555	0.787808410140197	0.763914228091201	0.800064394656159	33.0919058405943	33.9596507630311	34.570095257502	17082.8
372	0	14.4444444444444	0	0	0.695133267730523	0	0	33.8129907237842	0	14577.1249999999
373	6	16	7.44444444444444	0.448747702175027	0.578172670176402	0.427035553869297	37.7356312198014	39.708588437331	42.1388995207736	24145.625
374	4.22222222222222	9.22222222222222	3.66666666666667	0.870663953665516	0.976309435358333	0.718028345329198	42.6788147055785	43.5777945056724	44.5065505063064	13266.1206896552
375	0	8.88888888888889	0	0	0.846401799502579	0	0	43.1855187552205	0	6764.00000000001
376	0	12	0	0	0.445946413510057	0	0	38.9914372375815	0	11242.9097222222
377	7.88888888888889	15.2222222222222	7.33333333333333	0.87735520675739	0.934832537423673	0.782801946679677	38.3188859942804	37.7947907866182	39.7915906329212	29790.2661290324
378	9	23.5555555555556	10.6666666666667	0.291280708912406	0.465797031069621	0.306801087782952	35.8133843874438	38.3763064468874	36.4701537040145	27906.5135135132
379	5.22222222222222	7	5	0.790311381392185	0.853382018538718	0.786084408015206	45.2593399558375	46.6932115624906	47.8758085764221	13145.5
380	5.66666666666667	13.6666666666667	6.33333333333333	0.757533409453418	0.897818027312094	0.939270035360598	40.1138687413518	38.0087241450259	38.4917221036909	21715.0795454546
381	11.2222222222222	20.4444444444444	12.7777777777778	0.297423830537645	0.440019880519982	0.342403251833062	35.7956344635433	37.9523620000442	38.2555296313354	32863.5135135137
382	7.22222222222222	11.7777777777778	6.88888888888889	0.811159347182067	0.804160151312624	0.699057990706625	39.2757826657706	39.9580671323971	41.3692118183227	25870.0416666668
383	0	6.44444444444444	0	0	0.934495527289066	0	0	47.2772979776343	0	6512.046875
384	0	13.5555555555556	0	0	0.586623551182489	0	0	39.1457825993911	0	12144.0646551725
385	0	11.2222222222222	0	0	0.867383766014076	0	0	36.9060851110498	0	7451.298076923
386	5.44444444444444	13.2222222222222	5.55555555555555	0.532253270898791	0.70428653470567	0.583890864234038	38.9520416840319	40.4587695779337	38.8845774552258	16269.375
387	0	13.1111111111111	0	0	0.47413552242409	0	0	29.5210510052031	0	17883.5043103447
388	4.22222222222222	7.88888888888889	3.66666666666667	0.81511587294991	0.811839669626488	0.685453552097664	42.6515624464251	44.3965326240039	43.7837604172786	11335.9875
389	0	19	0	0	0.843895930522342	0	0	35.8917073162113	0	18975.515625
390	0	18.6666666666667	0	0	0.842221582464207	0	0	30.8248632419897	0	11992.9261363636
391	0	10.2222222222222	0	0	0.682307405227264	0	0	42.9917331298381	0	10193.9435483871
392	6.11111111111111	10.1111111111111	7	0.583893288384806	0.718809617758256	0.503045949534103	43.1867566035042	43.2490849336543	42.3989124196462	19260.3076923077
393	7.44444444444444	11.5555555555556	7.55555555555555	0.881452406305349	0.945952278471468	0.889306125367066	42.487273511248	43.3509178182165	44.9735468215737	33799.75
394	0	16.8888888888889	0	0	0.780077427212273	0	0	30.0141072605004	0	7490.09999999997
395	0	14.6666666666667	0	0	0.705322491173897	0	0	36.4175505110731	0	8621.56034482759
396	7.55555555555555	14.1111111111111	9.77777777777778	0.92001661752196	0.835306354627014	0.866184315686915	38.6456897067945	39.4923731082555	34.2831791788624	33744.8214285714
397	0	11.7777777777778	0	0	0.900439619238184	0	0	30.3147376794237	0	9083.09558823531
398	5	7.77777777777778	4.44444444444444	0.629976748764031	0.668780067983017	0.661597725391044	44.0929178303316	46.1924917485988	46.6155520587694	11862
399	0	11.1111111111111	0	0	0.541865316722274	0	0	40.4374057846197	0	13680.7386363637
400	0	13.1111111111111	0	0	0.648591654377847	0	0	33.9862655277086	0	1992.92307692307
401	0	14.1111111111111	3.11111111111111	0	0.957785406551297	0.837667444149498	0	41.5027348386177	42.1851582636439	11207.328125
402	0	9.77777777777778	0	0	0.60751465729339	0	0	37.07678321157	0	1760.26851851852
403	0	13.3333333333333	5	0	0.704072997990223	0.647646774524648	0	37.4401503584937	38.7372416300164	15884
404	0	12.4444444444444	0	0	0.627471636674613	0	0	38.3575578007586	0	12114.2068965518
405	7.55555555555555	17.3333333333333	7.22222222222222	0.682947789109608	0.819808095944276	0.995262232782978	35.4635103298831	34.5528179281794	35.300466873643	19856.8189655171
406	6	13.6666666666667	6.11111111111111	0.796872941811703	0.854330003789911	0.756211432836556	38.2339199498578	38.8078171577296	41.4758833763636	19951.3333333333
407	5.55555555555555	12.1111111111111	6.22222222222222	0.627754757437876	0.773187127548038	0.739886762477425	40.4917679924798	40.8230264281523	39.8556758370205	17971.5303030303
408	0	15.2222222222222	6.33333333333333	0	0.707012478572575	0.624702993532418	0	38.8821525255988	40.3511503860789	18745.5416666667
409	0	20.1111111111111	0	0	0.751261408461654	0	0	30.0308014900044	0	6803.66666666661
410	0	13.8888888888889	7.55555555555555	0	0.768691939071536	0.777644592784437	0	38.1836565543883	38.6650831797938	16453.6935483871
411	0	18.7777777777778	0	0	0.74954809865492	0	0	32.385592116486	0	11641.5333333333
412	0	10.7777777777778	0	0	0.911557499125904	0	0	28.0645836718014	0	4323.34166666667
413	0	10.6666666666667	5.44444444444444	0	0.682035333368902	0.49379685696401	0	40.0674249074827	41.3590643574738	12469.5689655172
414	0	13.3333333333333	0	0	0.629664791567466	0	0	37.920259225568	0	7746.36931818178
415	1.77777777777778	8.11111111111111	5.44444444444444	1	0.911484300853484	0.884667955170059	34.8997074163355	43.7975832106558	43.2812486566463	14239.1375
416	5.88888888888889	12.8888888888889	7.22222222222222	0.600494244118556	0.704413966270283	0.585243406424238	37.4142925347824	39.3403611510323	37.9732091556921	20272.703125
417	5.77777777777778	11.5555555555556	5.77777777777778	0.676006370891756	0.673322069306056	0.575180942575081	40.8756902873963	42.362239847401	42.9560443544646	21344.0321428572
418	0	5.77777777777778	2.11111111111111	0	0.875983412386052	0.774739225797095	0	48.5719164647365	48.4880242012601	6455.59500000001
419	0	10.6666666666667	0	0	0.805704842489648	0	0	39.3723073959509	0	9507.72916666664
420	0	18.1111111111111	0	0	0.831711886115373	0	0	30.0725161594302	0	11451.5
421	0	10.4444444444444	0	0	0.763958886464106	0	0	42.4978479755205	0	4712.14999999999
422	3.44444444444444	6.55555555555555	2.66666666666667	0.914971900721034	0.966668261863737	0.912870929175277	47.7112394371202	47.0809167439513	48.6383718156163	9004.40865384615
423	6.77777777777778	25.5555555555556	9.88888888888889	0.880280687713117	0.794682566084192	0.884382951703743	30.7573886218116	30.6061479354139	31.1140607616127	32967.5588235293
424	0	10.5555555555556	0	0	0.496458547946289	0	0	38.6331946440575	0	1709.20394736842
425	0	19.3333333333333	0	0	0.835780124463912	0	0	31.852494989513	0	13647.7844827587
426	0	6.11111111111111	0	0	0.757264540979753	0	0	41.2400540028918	0	984.714285714287
427	5.66666666666667	9.22222222222222	5	0.701828471711483	0.773976340120201	0.706330458803544	42.1777274824698	41.3347648503644	41.6944532004228	18461.0546875
428	0	17.8888888888889	8.11111111111111	0	0.846193466256105	0.791280249305316	0	30.6484570171052	30.2642893738965	18107.4267241379
429	7.88888888888889	12.1111111111111	7.11111111111111	0.703448121275546	0.796763353861157	0.798782597671819	41.042516845052	41.940965246427	42.8326671782598	28568.1357142858
430	0	10.1111111111111	0	0	0.844176445348526	0	0	41.130159394685	0	10003.1875
431	6	10.7777777777778	6.55555555555555	0.708804261369118	0.810229122741694	0.753836939148359	41.1943386560805	41.6487870084395	43.1310192602711	24596.9583333335
432	0	21.4444444444444	0	0	0.640716916409464	0	0	33.0422206445154	0	12181.328125
433	0	10.3333333333333	0	0	0.880276064180629	0	0	35.6843031973923	0	3680.35546875
434	0	8.11111111111111	0	0	0.761237225001864	0	0	42.0613289481275	0	4240.83928571429
435	9.66666666666667	18	10.3333333333333	0.639150643774113	0.704652294174987	0.628427087187155	34.2192333318099	34.1418924560765	34.5625298863438	36629.9250000001
436	7.33333333333333	16.2222222222222	8.77777777777778	0.528712719763955	0.689953869256367	0.735361178704249	37.5684250000487	35.5689623387987	33.1048096105594	24125.5928571428
437	0	14.1111111111111	0	0	0.546920501042967	0	0	37.8107648213428	0	2554
438	6.66666666666667	16.8888888888889	9.11111111111111	0.569680848542594	0.646903334499702	0.531128815610394	34.7517113174134	34.9176176640537	36.2577379873541	28009.0571428571
439	0	10	0	0	0.576988107132343	0	0	39.8098278122299	0	1421.26388888889
440	5.55555555555555	10	6.33333333333333	0.860868905007857	0.912366606963606	0.863778892562171	41.9368927451761	42.9109428685608	42.6551333143639	22360.03515625
441	0	16.5555555555556	0	0	0.505746199108437	0	0	38.0913310119274	0	16362.9583333333
442	0	6.44444444444444	3	0	0.934495527289066	0.734155383846784	0	47.6190351826617	43.2743595571958	6873.22500000001
443	14.1111111111111	24.2222222222222	13.6666666666667	0.324685788503833	0.404609817852605	0.270123046495945	40.243471743745	40.3042598009456	39.9771700904374	35010.7901785714
444	6.44444444444444	13.1111111111111	8	0.75317824688695	0.787829265545072	0.813287888517476	36.8634849379094	37.0605944578752	35.123761445133	20950.9615384616
445	0	6.44444444444444	0	0	0.713446170675014	0	0	41.6244318306915	0	787.690476190476
446	0	14.4444444444444	0	0	0.780712756640014	0	0	31.9627360952277	0	13196.0588235294
447	0	7.77777777777778	0	0	0.744844906878641	0	0	44.6897133125462	0	2862.32407407407
448	0	10.3333333333333	0	0	0.670807314464313	0	0	40.153564201488	0	10363.5241935484
449	0	16.4444444444444	0	0	0.749339082383162	0	0	33.9531410361196	0	13989.1948529411
450	0	8.22222222222222	4.22222222222222	0	0.824870853827964	0.842147828678475	0	44.8522880822333	44.487997352077	11412.98046875
451	4.22222222222222	8.77777777777778	4.11111111111111	0.77164097662594	0.767616958808071	0.80786553638162	42.8779190028648	43.0727827139435	43.5737604543768	12885.3750000001
452	0	10	0	0	0.850038053766274	0	0	31.8180009758275	0	3570.05357142858
453	0	7.33333333333333	0	0	0.876667828553294	0	0	42.8696224464672	0	2843.77777777779
454	0	15.7777777777778	0	0	0.738407690646321	0	0	34.2688967240531	0	14584.5526315789
455	0	17.5555555555556	0	0	0.903257661846606	0	0	33.1568914148605	0	13266.2672413793
456	0	17.2222222222222	0	0	0.868035208591494	0	0	28.500375632057	0	7412.21875
457	4.66666666666667	10.1111111111111	5.44444444444444	0.706560605947276	0.716013477305665	0.776797830117741	41.8849312212548	42.9887396510596	44.1279729316889	22052.765625
458	0	8.55555555555555	0	0	0.671041097518221	0	0	40.7549242775552	0	1998.11111111111
459	0	8.22222222222222	0	0	0.661983450419291	0	0	42.0290819341188	0	2915.38888888888
460	0	13.3333333333333	0	0	0.462595896997346	0	0	37.7079944449164	0	2985.08620689654
461	0	15.4444444444444	0	0	0.58431593936795	0	0	35.4165997101774	0	15316.3749999999
462	0	5.44444444444444	0	0	0.881489486058152	0	0	50.3548333311254	0	3678.375
463	0	9.77777777777778	0	0	0.683224306788101	0	0	41.5175021608277	0	3929.07142857143
464	3.22222222222222	7.33333333333333	3.88888888888889	0.817516697133492	0.757151073878182	0.684905610012618	43.9815817753641	45.6607291009744	47.4439331069697	14463.265625
465	0	11.7777777777778	3.77777777777778	0	0.613904522892247	0.429493541443766	0	42.1038462048435	37.1685804935701	14876.2972972972
466	0	8.88888888888889	0	0	0.902123130165061	0	0	41.0056549105582	0	2996.52314814814
467	0	12.2222222222222	0	0	0.803417923654121	0	0	35.1663700533781	0	6930.97844827589
468	11.3333333333333	21.4444444444444	11.7777777777778	0.836970109646165	0.82086579482838	0.791709064274152	30.520733151126	31.972680587231	32.8718524938929	44761.1979166665
469	10.5555555555556	18	10.3333333333333	0.794081188676012	0.836721790605978	0.791675301593324	37.0888400163473	37.3207290544123	38.3532182797762	59913.7499999999
470	5.33333333333333	12.4444444444444	6.33333333333333	0.626543638250779	0.707077680683704	0.628363013867407	39.6299559901403	40.4454756541358	40.2216730075425	18947.5531250001
471	0	12.6666666666667	0	0	0.554736766841853	0	0	40.0575663190146	0	4637.79878048781
472	0	15.3333333333333	0	0	0.572867734357156	0	0	36.4712426393953	0	15112.075
473	5.77777777777778	11.7777777777778	6.11111111111111	0.6711654253964	0.749504272099248	0.738038056303815	40.1037726884812	41.5444234989079	41.9330558794913	17874.5483870968
474	5.44444444444444	12.1111111111111	4.55555555555556	0.87895905976668	0.88477041332232	0.846573322084375	39.4575383345465	39.5012162816719	41.1392839473316	19134.6833333333
475	8.66666666666667	12.5555555555556	6.66666666666667	0.828066050712769	0.884084031869504	0.855911221915652	36.4966829733911	38.5794877903355	39.9803591807627	21130.3571428571
476	0	7.55555555555555	3.33333333333333	0	0.849579092394729	0.654048645993173	0	46.1842050240002	45.295759556411	8687.16145833333
477	7.66666666666667	16.3333333333333	7.55555555555555	0.82676649478885	0.941801508440551	0.98714334277404	36.4674102968462	35.4383122401242	36.0976689835864	26094.9137931033
478	0	11.4444444444444	5.11111111111111	0	0.871263270660549	0.876460339463559	0	38.3832221104233	39.3606158261603	13164.4353448276
479	7.77777777777778	14.7777777777778	7.33333333333333	0.533984492729847	0.648816714471048	0.56368205071063	38.8607436741562	38.6145492853412	40.9001227072675	21050.5625
480	0	7.77777777777778	0	0	0.736606021671907	0	0	44.6605496047499	0	5864.54166666668
481	0	10.7777777777778	0	0	0.668647538531556	0	0	41.3557210034547	0	11280.4090909091
482	8.88888888888889	17.2222222222222	9.22222222222222	0.611754108269433	0.605354489202281	0.560064269937266	33.5485878188067	35.0365243371643	35.1079758757808	25966.53515625
483	8.66666666666667	16.3333333333333	8.77777777777778	0.800108008116561	0.845287114141161	0.757331663470926	34.9200146859401	35.7748236709646	38.5157440760892	33490.2250000001
484	0	9.11111111111111	0	0	0.720074899610717	0	0	43.758698448041	0	3705.08571428571
485	0	9.55555555555555	0	0	0.798237211746603	0	0	40.7351638927857	0	4504.84375
486	4.11111111111111	12	4.33333333333333	0.779317370370998	0.717160511104634	0.787808410140198	37.5914708704644	39.6558259540835	39.2673086639569	16437.1935483871
487	0	13.4444444444444	0	0	0.592431051755614	0	0	37.4615068258492	0	9039.15853658546
488	0	9.22222222222222	0	0	0.760140911222062	0	0	42.8367321689162	0	4719.38362068967
489	3	6.55555555555555	3.22222222222222	0.560550521408688	0.889093945894566	0.817516697133492	47.4554086434284	48.7435584420305	48.7394646891891	8631.046875
490	0	8.33333333333333	0	0	0.893336783205868	0	0	36.3759757144901	0	4356.39351851848
491	0	8.22222222222222	0	0	0.857001821706749	0	0	44.969461491514	0	6411.58189655173
492	4.33333333333333	7.44444444444444	4.44444444444444	0.832840453731232	0.977777650695717	0.805920855521924	43.2186324687588	45.1917971246079	46.7240109468404	13843.5555555556
493	0	9.44444444444444	0	0	0.817712173010116	0	0	34.7233911308357	0	1405.21999999999
494	0	11.2222222222222	0	0	0.771741164589135	0	0	38.5028356665604	0	9905.17592592595
495	0	8.44444444444444	0	0	0.843240086914174	0	0	37.4818514858766	0	1413.13888888889
496	0	13.8888888888889	0	0	0.588228277247427	0	0	36.8625905746223	0	13717.9166666666
497	5.77777777777778	10.2222222222222	6	0.988077607220137	0.923046264403133	0.782174906068167	44.1716270878943	45.0207812364652	45.0889509307807	26005.2499999999
498	0	11.8888888888889	0	0	0.805358409924291	0	0	35.4179770552822	0	12190.625
499	0	14.8888888888889	0	0	0.571609440685268	0	0	37.8794488483679	0	10945.7209302325
500	0	24.3333333333333	0	0	0.606478220195163	0	0	31.9739601218927	0	20776.6484375
501	0	12	4.77777777777778	0	0.683553866781901	0.591978129416789	0	38.8630165166428	37.5128539654674	14082.3333333334
502	0	5.66666666666667	0	0	0.861601511134023	0	0	42.1504054788045	0	777.391304347824
503	0	19.3333333333333	9.44444444444444	0	0.426782795789041	0.271225628839095	0	37.5564470629288	38.5421796557758	26015.2416666668
504	14.2222222222222	23.1111111111111	10.7777777777778	0.801594669325804	0.897262216626044	0.786656978109536	31.7086320142896	32.1370550238369	33.8029317036866	48256.2564102565
505	0	21	0	0	0.694749668625515	0	0	31.7282623101771	0	19568.7708333331
506	12	27.1111111111111	10.5555555555556	0.33894772425274	0.427063612897614	0.316752339593347	34.3086362610756	35.0229468711248	34.8732916147834	32702.4729729732
507	0	14.2222222222222	0	0	0.762278184732676	0	0	33.7692310671251	0	9919.6875
508	0	10.7777777777778	0	0	0.541847812947553	0	0	40.7954636717008	0	2689.125
509	0	6.11111111111111	0	0	0.963931750035645	0	0	41.8890579831742	0	859.625
510	0	11.2222222222222	0	0	0.682224315649484	0	0	40.2056951375331	0	7509.27272727276
511	0	13	0	0	0.676175640815102	0	0	38.0214250138684	0	12032.3
512	7.77777777777778	14.3333333333333	7.33333333333333	0.790805445265559	0.80134880693388	0.659385062823144	35.7868196407019	36.6948208802254	37.3089867276947	25044.8104838711
513	3	9.11111111111111	3.66666666666667	0.734155383846784	0.912223797039259	0.944666501875485	47.362446860201	45.6432509587571	41.9435927029493	9894.64516129034
514	0	7	3.77777777777778	0	0.818657063050683	0.691533330623204	0	46.0460174357163	47.6185811237373	9290.70370370371
515	0	22.5555555555556	0	0	0.579465967003574	0	0	34.7415304414303	0	19182.180232558
516	0	20.2222222222222	0	0	0.654654816295011	0	0	31.0458161818635	0	12192.9878048781
517	4.22222222222222	9.44444444444444	4.44444444444444	0.817366179996231	0.751953340560181	0.823054891753102	40.5228435663436	41.4412186227373	41.5361847087236	13622.25
518	0	24	0	0	0.630870243272615	0	0	29.0906217425443	0	17568.44
519	0	12.5555555555556	0	0	0.663147282028516	0	0	38.259992705506	0	9452.375
520	3.22222222222222	8.33333333333333	4.11111111111111	0.817516697133492	0.920143341831291	0.822591805825541	46.7312023126231	47.8385884822918	46.3735606823599	11849.72265625


