F:\AMNIS_data\pBGT-Bet-Hedging\chromosome\day-2_AMP_chromosome\rep-3\C07-noBF.daf
All

Object Number	Area_M01	Area_M02	Area_M04	Aspect Ratio_M01	Aspect Ratio_M02	Aspect Ratio_M04	Gradient RMS_M01_Ch01	Gradient RMS_M02_Ch02	Gradient RMS_M04_Ch04	Intensity_MC_Ch02
0	0	7	0	0	0.962174664841287	0	0	40.4370236549104	0	666.884615384614
1	0	6.22222222222222	0	0	0.759990192053354	0	0	32.7965644431457	0	976.739130434785
2	0	5.22222222222222	0	0	0.746562205379042	0	0	40.0286311463284	0	711.695000000001
3	0	5.33333333333333	0	0	0.83289644101613	0	0	33.9893823748998	0	962
4	0	6.55555555555555	0	0	0.915618597077542	0	0	30.2949035234417	0	991.177083333332
5	0	3.44444444444444	0	0	0.943569065116676	0	0	35.2767292952033	0	592.875
6	0	5.88888888888889	0	0	0.948257866708036	0	0	39.7122817770399	0	727.450000000002
7	0	5.66666666666667	0	0	0.838421826428967	0	0	31.5164038474923	0	839.453125000001
8	0	7.33333333333333	0	0	0.901421248853026	0	0	38.0773282388729	0	863.388888888887
9	0	9.11111111111111	0	0	0.682051350875076	0	0	32.7191444722239	0	1449.34558823529
10	0	7.22222222222222	0	0	0.783447988116436	0	0	37.4663617811427	0	990.375000000001
11	0	4.55555555555556	0	0	0.72760728844601	0	0	36.0073392131268	0	787.977272727273
12	0	7.88888888888889	0	0	0.69023203641888	0	0	30.9091059492817	0	1431.52173913044
13	0	6	0	0	0.929550753300199	0	0	33.5594559470224	0	781.739130434783
14	0	8.22222222222222	0	0	0.420552180570451	0	0	38.7606619166621	0	1300.34999999999
15	0	8.55555555555555	0	0	0.759759000412198	0	0	32.0418160188153	0	1369.40625
16	0	5.88888888888889	0	0	0.84791345824589	0	0	34.1297479790218	0	661.505434782608
17	0	20.1111111111111	0	0	0.442124439845353	0	0	36.3371526405483	0	1999.3125
18	0	5.44444444444444	0	0	0.846840733129082	0	0	33.2319883346626	0	855.706896551722
19	0	5.77777777777778	0	0	0.875983412386052	0	0	35.411518238619	0	998.880434782609
20	0	6.22222222222222	0	0	0.976086260210965	0	0	36.0228936925099	0	899.75
21	0	7.77777777777778	0	0	0.912248206308467	0	0	34.4216235565439	0	796.478260869564
22	0	2.33333333333333	0	0	1	0	0	37.3704965769444	0	780.695652173912
23	0	9.33333333333333	0	0	0.672727645051496	0	0	32.7247365084641	0	1491.6875
24	0	5.44444444444444	0	0	0.916617661238706	0	0	34.3648402634207	0	956.458333333333
25	0	7.33333333333333	0	0	0.723784469099704	0	0	39.6128261932368	0	1143.05
26	0	8.22222222222222	0	0	0.566177716133839	0	0	40.8944304241208	0	1162.25328947369
27	0	7.44444444444444	0	0	0.771929637286936	0	0	41.1433934174271	0	895.326923076922
28	0	6	0	0	0.824311624724024	0	0	33.4430846232578	0	848.744565217392
29	0	3.44444444444444	0	0	0.831230176743642	0	0	31.2062392228109	0	1246.2
30	0	14.2222222222222	0	0	0.49256599892546	0	0	38.4679990458011	0	1588.21951219513
31	0	10.5555555555556	0	0	0.372152502757939	0	0	39.8132987724962	0	1296.1280487805
32	0	4.11111111111111	0	0	0.874407449263836	0	0	32.2760337181578	0	878.500000000001
33	0	5.11111111111111	0	0	0.913768110461685	0	0	34.5156206376939	0	792.869565217391
34	0	9.55555555555555	0	0	0.822701891506671	0	0	39.0408502036954	0	1573.67229729729
35	0	7.33333333333333	0	0	0.762671134531372	0	0	34.1241102718086	0	1050.8125
36	0	6.33333333333333	0	0	0.851241929466484	0	0	32.3047196537351	0	781.095238095237
37	0	9.33333333333333	0	0	0.84398159952836	0	0	32.0653007526558	0	1196.875
38	0	4.55555555555556	0	0	0.751094859056067	0	0	34.3359716441464	0	758.782608695651
39	0	26.7777777777778	0	0	0.444658140641151	0	0	35.9247979504706	0	3159.04444444446
40	0	4.55555555555556	0	0	0.990857368870992	0	0	36.6138726634041	0	850.666666666666
41	0	5.88888888888889	0	0	0.853378103326332	0	0	44.8043434271347	0	617.365000000002
42	0	6.88888888888889	0	0	0.794469608759908	0	0	31.3959304476987	0	1118.515625
43	0	5.88888888888889	0	0	0.915740536156871	0	0	31.7748418361106	0	794.304347826088
44	0	5.33333333333333	0	0	0.8566098820054	0	0	33.0120263922851	0	1272.47844827586
45	0	9.33333333333333	0	0	0.316809466415841	0	0	33.0862520890846	0	1342.91145833333
46	0	3.77777777777778	0	0	0.996017507076946	0	0	32.8546906274172	0	752.581521739131
47	0	9.66666666666667	0	0	0.444202867678541	0	0	38.2240264366355	0	1002.00000000001
48	0	6.33333333333333	0	0	0.764536631555512	0	0	39.9615804932713	0	963.634868421048
49	0	14.8888888888889	0	0	0.398578784239729	0	0	30.07186100032	0	2190.72000000003
50	0	9.22222222222222	0	0	0.670847627823493	0	0	32.7911216269561	0	1214.00543478261
51	0	0.444444444444444	0	0	0	0	0	0	0	42
52	0	3.22222222222222	0	0	0.817516697133492	0	0	45.5267324711998	0	480.7421875
53	0	10	0	0	0.316554676512443	0	0	39.6949974718577	0	1342
54	0	6.55555555555555	0	0	0.897480759463367	0	0	39.1943621300079	0	1051.10714285714
55	0	6.77777777777778	0	0	0.586572497909487	0	0	40.980200516872	0	811.99324324324
56	0	13.8888888888889	0	0	0.319080291423515	0	0	37.0493297889273	0	1643.20731707318
57	0	2.44444444444444	0	0	0.90365584514398	0	0	30.7637842243834	0	716.979166666667
58	0	8.33333333333333	0	0	0.999260628364716	0	0	33.6628801129823	0	985.041666666668
59	0	7.22222222222222	0	0	0.969501866970983	0	0	28.282347088166	0	1073.66666666667
60	0	4.22222222222222	0	0	0.812697681436845	0	0	42.2163341377835	0	554.692307692307
61	0	11.3333333333333	0	0	0.591039328775347	0	0	28.2776241931654	0	1869.8869047619
62	0	9.11111111111111	0	0	0.906367528817097	0	0	27.8486585429815	0	1240.23076923077
63	0	5.44444444444444	0	0	0.875881643768931	0	0	32.3139147455719	0	777.043478260869
64	0	6.11111111111111	0	0	0.96270745917353	0	0	33.3259842733126	0	929.375
65	0	6.11111111111111	0	0	0.97128871069872	0	0	31.184048254493	0	1124.705
66	0	3.66666666666667	0	0	0.931891116296093	0	0	35.6357988483127	0	731.690217391304
67	0	4.11111111111111	0	0	0.874407449263834	0	0	31.3252918481739	0	922.916666666666
68	0	6.11111111111111	0	0	0.896168378442422	0	0	30.6216666395973	0	763.666666666666
69	0	7.22222222222222	0	0	0.856782491840402	0	0	32.8914577750285	0	920.291666666668
70	0	4.88888888888889	0	0	0.936171507959552	0	0	43.5228117676377	0	462.620000000001
71	0	12.7777777777778	0	0	0.639633328730623	0	0	29.4591394672138	0	1757.03448275863
72	0	4	0	0	0.839146382059225	0	0	36.4468411446948	0	1020.67391304348
73	0	26.4444444444444	0	0	0.491838008661736	0	0	34.3279277709365	0	3039.61764705881
74	0	0.333333333333333	0	0	0	0	0	0	0	380
75	0	5.11111111111111	0	0	0.819314567632053	0	0	31.8526046359858	0	1128.9
76	0	7.11111111111111	0	0	0.730111020836062	0	0	34.2797517457249	0	1067.145
77	0	6.55555555555555	0	0	0.851013238896193	0	0	35.5820056663991	0	873.031250000001
78	0	6.22222222222222	0	0	0.994843849915274	0	0	33.2433408249021	0	1302.81081081081
79	0	9.77777777777778	0	0	0.55739004772886	0	0	39.6899496914361	0	1145.46634615384
80	0	10.7777777777778	0	0	0.849106439735826	0	0	32.8488482893652	0	1607.49621212121
81	0	6.22222222222222	0	0	0.932222963175934	0	0	38.4959148066959	0	823.37068965517
82	0	7.77777777777778	0	0	0.884088303738764	0	0	30.8477694746533	0	991.880208333332
83	0	6	0	0	0.929550753300199	0	0	34.2751708429145	0	921.839285714285
84	0	7.22222222222222	0	0	0.87036137846044	0	0	34.3948271943138	0	891.309782608696
85	0	7	0	0	0.807828314936897	0	0	38.0177253296354	0	725.583333333332
86	0	5.33333333333333	0	0	0.816434466785626	0	0	34.6674347604373	0	1214.34782608696
87	0	3.88888888888889	0	0	0.79786536822004	0	0	47.4984189502512	0	428.307291666666
88	0	29.7777777777778	0	0	0.894866396775962	0	0	36.0641868260352	0	2874.04261363635
89	0	9.22222222222222	0	0	0.885109024533621	0	0	34.8045343599621	0	1390.24038461538
90	0	4.77777777777778	0	0	0.938472929118486	0	0	32.6885605802484	0	937.652173913045
91	0	7.66666666666667	0	0	0.945602682239238	0	0	39.3286727561724	0	1145.795
92	0	12.5555555555556	0	0	0.983072987369155	0	0	33.5357172664247	0	2557.21428571429
93	0	6.11111111111111	0	0	0.962707459173525	0	0	30.7791043048927	0	820.312499999999
94	0	8.11111111111111	0	0	0.879478590881834	0	0	29.5675599606726	0	947.416666666668
95	0	3.55555555555556	0	0	1	0	0	32.1121110081344	0	1153.5
96	0	7.33333333333333	0	0	0.514398743515772	0	0	27.107885370668	0	1770.375
97	0	6.33333333333333	0	0	0.876578228271497	0	0	34.5482981565096	0	722.983695652173
98	0	9.11111111111111	0	0	0.433754837950019	0	0	30.0060509795638	0	2204.60869565217
99	0	5.44444444444444	0	0	0.916617661238706	0	0	35.6269697120503	0	865.717391304348
100	0	8.66666666666667	0	0	0.92486212528644	0	0	31.1888924463059	0	1312.46
101	0	14	0	0	0.229341807668996	0	0	38.9527737915833	0	1654.3125
102	0	3.66666666666667	0	0	0.931891116296093	0	0	41.7021185108984	0	691.171875000001
103	0	3.11111111111111	0	0	0.828078671210825	0	0	33.6383893867244	0	1032.71875
104	0	6.11111111111111	0	0	0.962707459173529	0	0	37.3053856749734	0	874.08695652174
105	0	7	0	0	0.85884953809784	0	0	35.4305030657949	0	1004.08695652174
106	0	4.11111111111111	0	0	0.838339592399573	0	0	29.6656576853297	0	829.083333333333
107	0	10.1111111111111	0	0	0.287999839574337	0	0	38.915947507929	0	1266.45945945946
108	0	13.7777777777778	0	0	0.275121230260848	0	0	35.5780279251208	0	1862.73529411763
109	0	6.44444444444444	0	0	0.307938211881219	0	0	35.6872245235979	0	565.875
110	0	5.77777777777778	0	0	0.929019565760511	0	0	35.8309657825011	0	1384.25892857143
111	0	6.33333333333333	0	0	0.848256367169492	0	0	38.4585408136662	0	726.984375
112	0	7.33333333333333	0	0	0.492913585370097	0	0	42.3054691606505	0	758.65322580645
113	0	14.2222222222222	0	0	0.336341861974508	0	0	36.1049582423919	0	1472.22222222222
114	0	6.44444444444444	0	0	0.900642988293969	0	0	32.587667673948	0	1995.9411764706
115	0	5.55555555555555	0	0	0.860892045394467	0	0	30.0514775842465	0	918.078125000001
116	0	4	0	0	0.824550491204027	0	0	34.0408920267665	0	707.46195652174
117	0	5.77777777777778	0	0	0.809069445866557	0	0	40.8044240499825	0	696.145833333334
118	0	8.33333333333333	0	0	0.745996026047016	0	0	39.1565478152644	0	1014.53225806452
119	0	6.44444444444444	0	0	0.617894014650785	0	0	37.2073800201898	0	916.608695652176
120	0	5	0	0	0.743900973714688	0	0	44.1975137975518	0	680.227272727278
121	0	20.1111111111111	0	0	0.297479326498957	0	0	35.4491012025248	0	2740.00000000001
122	0	2.22222222222222	0	0	0.790569415042095	0	0	34.6485268749569	0	739.347826086957
123	0	27.4444444444444	0	0	0.399696407793245	0	0	32.3013949274335	0	2574.67073170731
124	0	7.77777777777778	0	0	0.904050216886884	0	0	33.8146380300656	0	1065.72
125	0	4.22222222222222	0	0	0.859439563690411	0	0	32.5233758440802	0	913.722826086958
126	0	8.44444444444444	0	0	0.923238974631501	0	0	29.6931467481079	0	814.152173913042
127	0	11.5555555555556	0	0	0.339296283994711	0	0	32.7044094759396	0	1444.25
128	0	7.11111111111111	0	0	0.767021968400409	0	0	36.4621442917148	0	988.65322580645
129	0	5.66666666666667	0	0	0.964670967950291	0	0	34.0979014311679	0	746.152173913045
130	0	14.8888888888889	0	0	0.391825115462075	0	0	32.9732735515376	0	2743.80249999998
131	0	5.33333333333333	0	0	0.657892363908207	0	0	31.3322839208804	0	1163.96428571429
132	0	6.11111111111111	0	0	0.964515027210007	0	0	33.3145564468564	0	888.291666666668
133	0	7	0	0	0.784691723160523	0	0	39.9518786661622	0	863.599999999997
134	0	14.7777777777778	0	0	0.230386791615189	0	0	34.5542723533869	0	2244.75862068965
135	0	11.5555555555556	0	0	0.531359976056367	0	0	35.780613402425	0	1418.63414634146
136	0	12.8888888888889	0	0	0.4768623078627	0	0	37.2221669626988	0	1192.66666666667
137	0	6.11111111111111	0	0	0.789607050028246	0	0	39.7059803911581	0	824.874999999998
138	0	7.66666666666667	0	0	0.662157189744163	0	0	33.645069924923	0	819.625
139	0	6.55555555555555	0	0	0.68941669297372	0	0	40.6789886086285	0	726.904761904764
140	0	3.77777777777778	0	0	0.996017507076946	0	0	37.4162380270067	0	613.271739130435
141	0	11.8888888888889	0	0	0.301627160259922	0	0	38.0843080499875	0	1222.8
142	0	10.5555555555556	0	0	0.644272934841924	0	0	33.8210636348256	0	1662.48106060607
143	0	7.55555555555555	0	0	0.88291032804587	0	0	30.8826019414942	0	1136.27173913043
144	0	6.33333333333333	0	0	0.961886471266576	0	0	39.9845908371444	0	869.576923076924
145	0	5.88888888888889	0	0	0.963200090638216	0	0	32.8008964079805	0	1129.38541666667
146	0	3.66666666666667	0	0	0.944666501875488	0	0	34.7567471028856	0	741.380434782609
147	0	14.7777777777778	0	0	0.665190502927058	0	0	28.6012856974399	0	2078.93750000001
148	0	7.11111111111111	0	0	0.251031994852068	0	0	39.4585978740722	0	760.863636363635
149	0	23.7777777777778	0	0	0.196894970237439	0	0	37.4121550501335	0	2068.75937500001
150	0	3.55555555555556	0	0	1	0	0	30.0613123286985	0	958.271739130433
151	0	3.55555555555556	0	0	0.965614149388614	0	0	33.6547333297494	0	893.179347826085
152	0	4.66666666666667	0	0	0.942768618611438	0	0	43.8211780462683	0	489.720238095239
153	0	6.33333333333333	0	0	0.961886471266574	0	0	34.5635411021138	0	757.625
154	0	3.44444444444444	0	0	0.831230176743642	0	0	33.330864074835	0	776.78804347826
155	0	15.2222222222222	0	0	0.612126973086523	0	0	32.9988558906891	0	1725.42857142859
156	0	5.77777777777778	0	0	0.875983412386052	0	0	34.9697729504644	0	839.065217391304
157	0	10.6666666666667	0	0	0.520558163920827	0	0	37.8256805405145	0	1053.05625
158	0	10.6666666666667	0	0	0.896725077002732	0	0	38.0945980857807	0	1538.81818181819
159	0	10.5555555555556	0	0	0.879934256437199	0	0	32.8599707705537	0	1161.72916666667
160	0	3.33333333333333	0	0	0.892538219111003	0	0	34.2895108929314	0	689.5
161	0	5.66666666666667	0	0	0.86389860963293	0	0	38.8853444466189	0	628.670454545455
162	0	14.4444444444444	0	0	0.516207307277517	0	0	38.0049191147213	0	1350.84482758621
163	0	0.444444444444444	0	0	0	0	0	0	0	225.25
164	0	0.444444444444444	0	0	0	0	0	0	0	110.317307692308
165	0	5	0	0	1	0	0	41.73461218597	0	659.833333333333
166	0	9.66666666666667	0	0	0.557152696182633	0	0	17.917956625207	0	768.769736842104
167	0	0.333333333333333	0	0	0	0	0	0	0	148.5625
168	0	2.88888888888889	0	0	0.290343352569771	0	0	58.5098961015468	0	3029.65500000005
169	0	0.333333333333333	0	0	0	0	0	0	0	227.386363636362
170	0	0.333333333333333	0	0	0	0	0	0	0	885.510714285717
171	0	8.11111111111111	0	0	0.480561653504975	0	0	36.9984897703663	0	1025.29861111112
172	0	3.88888888888889	0	0	0.772117236860912	0	0	38.5152384370016	0	450.011363636363
173	0	7.88888888888889	0	0	0.879672951101317	0	0	40.4990210955375	0	922.523809523811
174	0	6	0	0	0.763252167639262	0	0	37.7469826542847	0	834.114130434783
175	0	8.33333333333333	0	0	0.789496079898122	0	0	28.7324063879398	0	870.809523809523
176	0	29	0	0	0.288372929181874	0	0	30.3485851354889	0	3053.58881578948
177	0	7.77777777777778	0	0	0.551818300655841	0	0	38.515225023316	0	1051.58064516129
178	0	2.88888888888889	0	0	0.839047078536121	0	0	29.938882992975	0	732.722826086956
179	0	5.44444444444444	0	0	0.85174839176671	0	0	41.7786357248347	0	790.760869565216
180	0	18.8888888888889	0	0	0.213640563152409	0	0	37.2203928319761	0	2159.68437500001
181	0	4.66666666666667	0	0	0.949089024567232	0	0	41.9411224192594	0	748.276041666666
182	0	4.88888888888889	0	0	0.751254628434391	0	0	41.7081084445706	0	774.571428571427
183	0	5	0	0	1	0	0	42.1198489625935	0	702.483870967743
184	0	14	0	0	0.860922817374015	0	0	29.0758479771594	0	2051.71875
185	0	7.88888888888889	0	0	0.83212554839469	0	0	36.5432772895048	0	941.969512195123
186	0	4.66666666666667	0	0	0.863386602201293	0	0	34.5384910828898	0	884.607142857142
187	0	16.2222222222222	0	0	0.731834873190821	0	0	30.8254975148108	0	2291.02702702704
188	0	11.2222222222222	0	0	0.341915323538777	0	0	32.7886955368457	0	1563.22177419355
189	0	11.8888888888889	0	0	0.355177091488648	0	0	34.6955233378698	0	1194.77419354839
190	0	5	0	0	1	0	0	37.6384714102535	0	703.069444444445
191	0	5.88888888888889	0	0	0.902561055585883	0	0	32.8088622832193	0	1645.46249999999
192	0	8.22222222222222	0	0	0.620760495593628	0	0	37.1870765812935	0	1265.5
193	0	5.66666666666667	0	0	0.664984421706558	0	0	39.4268732768981	0	703.857142857142
194	0	0.333333333333333	0	0	0	0	0	0	0	314.321428571428
195	0	5.33333333333333	0	0	0.503597162670125	0	0	34.9285071669614	0	436.60294117647
196	0	4.55555555555556	0	0	0.990857368870992	0	0	45.3371240876925	0	489.096153846153
197	0	11.1111111111111	0	0	0.337239434614795	0	0	37.5300888869101	0	1284.2169117647
198	0	6.44444444444444	0	0	0.934495527289066	0	0	39.3384114525349	0	985.035714285713
199	0	6.22222222222222	0	0	0.941124794789102	0	0	39.6077634470377	0	771.199999999999
200	0	21.4444444444444	0	0	0.358827670181326	0	0	33.6474258850568	0	1787.82638888888
201	0	6.77777777777778	0	0	0.851698541157865	0	0	35.2658417135946	0	821.445652173911
202	0	8.11111111111111	0	0	0.710980755245215	0	0	36.6029396271488	0	858.955357142856
203	0	6	0	0	0.976276198639534	0	0	34.6441568827102	0	692
204	0	5.77777777777778	0	0	0.927659641437075	0	0	35.384392152774	0	899.315217391306
205	0	8.44444444444444	0	0	0.512793979541912	0	0	36.6432629845556	0	1180.22972972973
206	0	12.4444444444444	0	0	0.940252838750369	0	0	35.5759340000099	0	1857.625
207	0	10.7777777777778	0	0	0.747245192573869	0	0	34.4361613409518	0	1143.28571428571
208	0	4.77777777777778	0	0	0.908104865548167	0	0	44.8682306598981	0	562.2
209	0	24.1111111111111	0	0	0.195425322236271	0	0	34.1684346186389	0	2794.00000000002
210	0	7.22222222222222	0	0	0.677974467593622	0	0	36.4354797191291	0	1209.31730769232
211	0	6.44444444444444	0	0	0.710030087138363	0	0	41.95630916957	0	711.121621621616
212	0	7.11111111111111	0	0	0.889756521002609	0	0	33.4113774229979	0	1039.54166666667
213	0	5.22222222222222	0	0	0.832444564084087	0	0	31.0598008642643	0	848.869047619048
214	0	8.11111111111111	0	0	0.884874983170233	0	0	35.8556138783138	0	945.53125
215	0	4.22222222222222	0	0	0.859439563690411	0	0	34.3626448655958	0	1212.17
216	0	6.88888888888889	0	0	0.863714640352447	0	0	36.4314427571896	0	1041.609375
217	0	6.11111111111111	0	0	0.683635835442619	0	0	35.5945319978349	0	1196.58823529412
218	0	9.11111111111111	0	0	0.399413184733147	0	0	41.129406275093	0	1074.528125
219	0	6.11111111111111	0	0	0.948830028767028	0	0	37.5239418505348	0	761.249999999997
220	0	5.22222222222222	0	0	0.848273115345179	0	0	32.5230549771335	0	726.478260869566
221	0	14.4444444444444	0	0	0.414038676928936	0	0	37.2143421187846	0	1450.81985294118
222	0	15.2222222222222	0	0	0.478940032337859	0	0	31.8587208009601	0	2221.84943181819
223	0	19.6666666666667	0	0	0.197457103166102	0	0	36.1096851496851	0	2919.94444444446
224	0	5.88888888888889	0	0	0.75616901952284	0	0	33.3396878850006	0	929.21739130435
225	0	12.2222222222222	0	0	0.353371087821644	0	0	36.877952390493	0	1429.32142857144
226	0	0.444444444444444	0	0	0	0	0	0	0	143.181818181818
227	0	0.777777777777778	0	0	0	0	0	0	0	1383.19444444445
228	0	10.2222222222222	0	0	0.266777229737128	0	0	35.526675538784	0	1214.74193548387
229	0	24	0	0	0.213334482764743	0	0	34.7105991328288	0	2437.07142857144
230	0	1.33333333333333	0	0	0.29277002188456	0	0	55.0053095950682	0	168.9
231	0	3.22222222222222	0	0	0.723205086446493	0	0	33.1887719718772	0	459.974999999999
232	0	0.333333333333333	0	0	0	0	0	0	0	162.687500000001
233	0	7.66666666666667	0	0	0.496442823834099	0	0	31.4247688413018	0	1221.08695652174
234	0	0.333333333333333	0	0	0	0	0	0	0	207.366071428571
235	0	9	0	0	0.902892651137525	0	0	27.1236650451516	0	1732.70689655172
236	0	5.11111111111111	0	0	0.77102893728334	0	0	34.497958794156	0	410.7625
237	0	17	0	0	0.144435019766075	0	0	38.5205379160235	0	1927.66447368422
238	0	7.55555555555555	0	0	0.866435332155723	0	0	33.8304752327094	0	1453.94117647059
239	0	7	0	0	0.941734582266852	0	0	34.237759975284	0	1034.03
240	0	16.8888888888889	0	0	0.51919924080317	0	0	28.6607335929743	0	1813.14130434783
241	0	8.33333333333333	0	0	0.515724333608542	0	0	38.3180299279178	0	860.56730769231
242	0	6	0	0	0.73308588330879	0	0	40.5259516439524	0	734.142857142858
243	0	19.1111111111111	0	0	0.669261512677547	0	0	29.1092603070453	0	2347.60365853659
244	0	10.8888888888889	0	0	0.377840803902018	0	0	36.3832667053985	0	1210.45945945947
245	0	5	0	0	0.821750560855879	0	0	42.3671670527184	0	464.235000000001
246	0	7.44444444444444	0	0	0.589694542607799	0	0	36.4245447037619	0	1027.32608695652
247	0	7	0	0	0.864146754011177	0	0	34.9584675372443	0	1197.63586956522
248	0	6.33333333333333	0	0	0.916833016515034	0	0	42.9605229755313	0	1025.6125
249	0	5	0	0	0.815457507476026	0	0	43.5552415413807	0	528.21875
250	0	13	0	0	0.691925764167525	0	0	34.2188081622282	0	1416.45075757576
251	0	7.66666666666667	0	0	0.572011799151471	0	0	40.3229207349125	0	986.46739130435
252	0	5.22222222222222	0	0	0.867139292797755	0	0	31.6040939002737	0	1065.51724137931
253	0	8.88888888888889	0	0	0.886834213079169	0	0	38.2135686274214	0	1482.20238095238
254	0	20.7777777777778	0	0	0.388654645558264	0	0	30.5844289754265	0	2253.44696969697
255	0	3	0	0	0.819965741994742	0	0	32.3763820509509	0	579.70652173913
256	0	12.1111111111111	0	0	0.644489812155555	0	0	33.3760295785305	0	1365.95945945946
257	0	5.55555555555555	0	0	0.860892045394467	0	0	32.5279898699071	0	778.226190476191
258	0	4	0	0	0.839146382059225	0	0	32.6270543842802	0	735.75
259	0	5.33333333333333	0	0	0.866002637765478	0	0	36.8685733116411	0	797.799999999998
260	0	16.2222222222222	0	0	0.496962145289181	0	0	31.5658106229265	0	2279.10416666668
261	0	8.66666666666667	0	0	0.536329138338241	0	0	38.8281578503048	0	960.173913043482
262	0	23.1111111111111	0	0	0.561362579851521	0	0	28.716770451208	0	3263.3333333333
263	0	4.77777777777778	0	0	0.917465778507082	0	0	31.068648318771	0	1372.18229166667
264	0	9.33333333333333	0	0	0.727463229377836	0	0	31.7154382535454	0	1506.99
265	0	6.33333333333333	0	0	0.775872305689324	0	0	34.6422467050996	0	904.53409090909
266	0	7.55555555555555	0	0	0.657052979726071	0	0	39.2101431681219	0	795.26953125
267	0	2.88888888888889	0	0	0.839047078536121	0	0	33.7037542625629	0	746.614130434783
268	0	7.77777777777778	0	0	0.968757817905068	0	0	36.3076520526823	0	1024.5625
269	0	4.55555555555556	0	0	0.990857368870992	0	0	34.209904467258	0	843.369565217392
270	0	14.1111111111111	0	0	0.621045498106372	0	0	30.4153128769392	0	1557.22058823528
271	0	8.55555555555555	0	0	0.4266207570867	0	0	37.2165253012224	0	1110.7734375
272	0	19.4444444444444	0	0	0.837198665823735	0	0	29.8208777238702	0	1898.26736111112
273	0	6.66666666666667	0	0	0.751848591701149	0	0	32.6102312689349	0	1006.22282608696
274	0	7.44444444444444	0	0	0.518593492765804	0	0	40.5161186953739	0	1021.465
275	0	20.5555555555556	0	0	0.389379593076971	0	0	34.47187704868	0	2889.8888888889
276	0	3.55555555555556	0	0	1	0	0	34.4726602253012	0	979.103260869564
277	0	6.77777777777778	0	0	0.882509436276199	0	0	34.192842426317	0	1166.21428571429
278	0	7.44444444444444	0	0	0.691921984815283	0	0	37.0350433855271	0	881.020833333332
279	0	4.66666666666667	0	0	0.942768618611436	0	0	32.0392694857918	0	876.630434782606
280	0	6	0	0	0.967662953062971	0	0	32.3445125056442	0	794.630434782609
281	0	7.55555555555555	0	0	0.70976094593041	0	0	37.0873581818073	0	1290.125
282	0	3.55555555555556	0	0	1	0	0	46.8402625127859	0	407.045454545455
283	0	17	0	0	0.917253411658539	0	0	28.6163910605533	0	2153.65625
284	0	10.3333333333333	0	0	0.389712900279655	0	0	41.1068557285991	0	1077.95833333333
285	0	5	0	0	0.978539407996455	0	0	37.9890479196667	0	1371.38662790696
286	0	10.6666666666667	0	0	0.880315525015114	0	0	34.5885595332588	0	2633.89893617018
287	0	7	0	0	0.750507169055728	0	0	31.5926883334802	0	981.5625
288	0	7.22222222222222	0	0	0.8897773175081	0	0	39.9753575992422	0	1058.7
289	0	4.22222222222222	0	0	0.768096184091209	0	0	44.1436562087118	0	619.475
290	0	6	0	0	0.74286773384804	0	0	38.3932884258914	0	1723.9456521739
291	0	6.11111111111111	0	0	0.962281468468064	0	0	34.1908532562821	0	998.34375
292	0	14.1111111111111	0	0	0.475257425244409	0	0	27.9275468093033	0	1849.90972222222
293	0	12.6666666666667	0	0	0.744058747759911	0	0	28.4746366668298	0	1704.03703703704
294	0	10.2222222222222	0	0	0.646420375353558	0	0	34.2718365756277	0	1040.52173913044
295	0	9.44444444444444	0	0	0.820126116575284	0	0	34.6965116366675	0	1675.04411764705
296	0	4.11111111111111	0	0	0.852226038095512	0	0	34.4593739387578	0	1283.625
297	0	7.33333333333333	0	0	0.813490001824962	0	0	30.782725802744	0	1286.9669117647
298	0	8.33333333333333	0	0	0.227322154492068	0	0	42.8043760470263	0	857.25
299	0	18.8888888888889	0	0	0.741878897391491	0	0	30.2694762053403	0	8306.10267857145
300	0	15.2222222222222	0	0	0.342248948537381	0	0	37.898286130462	0	1260.7302631579
301	0	6.55555555555555	0	0	0.879453912686503	0	0	39.7775419992971	0	1066.68269230769
302	0	6.88888888888889	0	0	0.94278590932555	0	0	37.0990915679913	0	1133.64864864865
303	0	7.22222222222222	0	0	0.896962286438396	0	0	41.9653572956973	0	753.80743243244
304	0	4.11111111111111	0	0	0.860450956796303	0	0	32.5084068407384	0	1054
305	0	0.777777777777778	0	0	0	0	0	0	0	278.783333333333
306	0	6.88888888888889	0	0	0.348631416581462	0	0	36.5106630427315	0	754.999999999999
307	0	7.55555555555555	0	0	0.790501709661225	0	0	37.4782347954564	0	1070.67567567568
308	0	11.4444444444444	0	0	0.508212080110454	0	0	35.2268397311861	0	1457.13235294117
309	0	26.8888888888889	0	0	0.560107878522194	0	0	32.2056409952085	0	2127.94078947367
310	0	11.7777777777778	4.33333333333333	0	0.609749879189657	0.374359412563017	0	43.4354640994967	41.6565857611563	12405.3860294117
311	0	11.7777777777778	0	0	0.323473641798462	0	0	35.5755527023889	0	1439.07738095239
312	0	5.66666666666667	0	0	0.884959389907173	0	0	31.4222940589099	0	904.67391304348
313	0	7.11111111111111	0	0	0.879063790666808	0	0	37.4383759550427	0	1047.50480769231
314	0	8.33333333333333	0	0	0.919591684383985	0	0	29.4217739518439	0	1159.625
315	0	13.1111111111111	0	0	0.518410413466673	0	0	34.614081722338	0	1348.55769230769
316	0	4.44444444444444	0	0	0.853912563829967	0	0	36.0981365241328	0	641.198863636363
317	0	4.55555555555556	0	0	0.754116458528301	0	0	34.4718193357594	0	846.141304347826
318	0	11.5555555555556	0	0	0.288454943868839	0	0	37.3287516770364	0	1329.125
319	0	4.55555555555556	0	0	0.990857368871001	0	0	44.5883996692966	0	627.599999999999
320	0	9.55555555555555	0	0	0.561908651836514	0	0	28.5833286540814	0	1703.97727272728
321	0	6.66666666666667	0	0	0.848746537098974	0	0	34.5088594820701	0	930.500000000001
322	0	8	0	0	0.918372046367557	0	0	35.9546925153692	0	922.229166666668
323	0	4.55555555555556	0	0	0.993425787022402	0	0	36.0619079130193	0	722.048913043478
324	0	3.44444444444444	0	0	0.966359431705101	0	0	32.4577983636554	0	1458.13586956522
325	0	7	0	0	0.765459267252537	0	0	37.6536372480027	0	697.216216216217
326	0	40.7777777777778	0	0	0.429207902119023	0	0	33.3409643235092	0	4455.78250000005
327	0	12.8888888888889	0	0	0.549739384494732	0	0	35.7914578545656	0	1946.39204545455
328	0	7.11111111111111	0	0	0.920322763023375	0	0	37.720428632179	0	1264.32692307692
329	0	26.8888888888889	0	0	0.232876981186283	0	0	32.6797191509599	0	2913.57500000001
330	0	0.333333333333333	0	0	0	0	0	0	0	126.364583333334
331	0	8	0	0	0.254930185437878	0	0	32.869535305181	0	775.450000000001
332	0	5.33333333333333	0	0	0.816434466785626	0	0	32.742472627287	0	784.176470588236
333	0	10	0	0	0.5366627562553	0	0	38.6849357431514	0	877.490000000002
334	0	4.66666666666667	0	0	0.951069032576063	0	0	32.8056664641642	0	780.152173913043
335	0	8.22222222222222	0	0	0.613630904273197	0	0	39.5603942206945	0	1151.08333333334
336	0	9.66666666666667	0	0	0.904490841145049	0	0	29.6239657671369	0	1632.42105263159
337	0	6.55555555555555	0	0	0.762069669612998	0	0	39.3484873013594	0	866.292682926831
338	0	19.7777777777778	0	0	0.7148793232037	0	0	28.7087882646543	0	1801.09797297297
339	0	10.3333333333333	0	0	0.446313891046989	0	0	39.3716057188156	0	1467.29411764706
340	0	4.44444444444444	0	0	0.955971227446247	0	0	34.6458088261764	0	940.145833333331
341	0	8.22222222222222	0	0	0.43013258609523	0	0	38.5120646944325	0	1270.25390625
342	0	7.11111111111111	0	0	0.731351462561265	0	0	40.8243538917199	0	698.147321428572
343	0	7.33333333333333	0	0	0.761790111020557	0	0	35.595866074759	0	848.161458333334
344	0	11.7777777777778	0	0	0.622453498370332	0	0	32.0441523447644	0	2106.35472972974
345	0	6.55555555555555	0	0	0.971127520092591	0	0	38.4479031662271	0	788.864130434782
346	0	6.44444444444444	0	0	0.815950170783952	0	0	41.9925121252121	0	751.536458333337
347	0	4.22222222222222	0	0	0.876798086630039	0	0	35.1120371569359	0	771.999999999999
348	0	5.11111111111111	0	0	0.900938538463938	0	0	43.3041722321646	0	565.585
349	0	6.33333333333333	0	0	0.961886471266574	0	0	33.5689544694466	0	770.576086956521
350	0	5.44444444444444	0	0	0.851748391766711	0	0	36.6592998305144	0	1219.5
351	0	4.11111111111111	0	0	0.838339592399573	0	0	31.1150617919931	0	824.277173913043
352	0	0.333333333333333	0	0	0	0	0	0	0	293.097222222223
353	0	12	0	0	0.290631376592602	0	0	38.0808251176044	0	1190.01171875
354	0	7.33333333333333	0	0	0.801564205638867	0	0	31.7007936457067	0	1342.18918918919
355	0	11.5555555555556	0	0	0.224543499931627	0	0	35.575180786747	0	1766.94642857143
356	0	7.77777777777778	0	0	0.833166804987583	0	0	38.5898346048678	0	915.607142857142
357	0	14.2222222222222	0	0	0.489867450412546	0	0	34.3034450021051	0	1476.33783783784
358	0	6.22222222222222	0	0	0.9411247947891	0	0	37.6026093629664	0	784.254032258067
359	0	14.1111111111111	0	0	0.403930399622376	0	0	39.9252903602311	0	1471.19047619047
360	0	13.7777777777778	0	0	0.236461412125501	0	0	34.9166109520466	0	1317.27976190477
361	0	5.55555555555555	0	0	0.925199401177353	0	0	35.0123123352694	0	786.434782608694
362	0	3.77777777777778	0	0	0.996017507076961	0	0	29.6986038274085	0	968.086956521739
363	0	5.66666666666667	0	0	0.838421826428967	0	0	34.2522208987522	0	888.136363636364
364	0	5.55555555555555	0	0	0.669055405131096	0	0	39.7015222287535	0	750.245000000002
365	0	2.66666666666667	0	0	0.912870929175277	0	0	32.0187475755521	0	704.636363636363
366	0	5.77777777777778	0	0	0.978463513332341	0	0	30.8249334429574	0	1082.22916666667
367	9.11111111111111	17.7777777777778	9.22222222222222	0.87376968319221	0.838969606367946	0.868101316885602	31.6995898540047	33.4310842097986	33.743583742995	24179.3103448276
368	0	12.2222222222222	0	0	0.279221393726277	0	0	37.4267707507591	0	1655.90624999998
369	0	6.11111111111111	0	0	0.896168378442422	0	0	35.2222210043908	0	935.333333333334
370	0	9	0	0	0.974535095844414	0	0	32.7499435194887	0	1083.30208333333
371	0	0.333333333333333	0	0	0	0	0	0	0	276.249999999999
372	0	0.444444444444444	0	0	0	0	0	0	0	163.839285714285
373	0	0.555555555555555	0	0	0	0	0	0	0	81.1153846153848
374	0	5.88888888888889	0	0	0.959935309223519	0	0	35.6443413724337	0	1079.53125
375	0	6	0	0	0.929550753300199	0	0	35.1788113077633	0	1133.2
376	0	4.33333333333333	0	0	0.517868574141408	0	0	45.5793701252229	0	728.166666666665
377	0	0.555555555555555	0	0	0	0	0	0	0	582.342741935483
378	0	2.11111111111111	0	0	0.422644518661611	0	0	57.5686252465459	0	144.365384615384
379	0	11	0	0	0.866265170041597	0	0	31.3846553469688	0	1482.03571428571
380	0	6.11111111111111	0	0	0.92193501524477	0	0	31.8849568084845	0	937.535714285716
381	0	17	0	0	0.446583036468351	0	0	35.1913949446454	0	1484.375
382	0	9.66666666666667	0	0	0.615448782007269	0	0	34.5685210214948	0	873.839285714284
383	0	5.77777777777778	0	0	0.774954301838506	0	0	32.8568087310462	0	1177.56770833333
384	0	22.4444444444444	0	0	0.703985737576866	0	0	37.9936113824497	0	2515.52631578947
385	0	7.55555555555555	0	0	0.731529892988536	0	0	37.0049639233991	0	1402.62878787879
386	0	31.6666666666667	0	0	0.156651811232845	0	0	34.8841120322938	0	4656.7567567568
387	0	4.11111111111111	0	0	0.80786553638162	0	0	34.1040847624751	0	697.586956521739
388	0	5.66666666666667	0	0	0.844512265427155	0	0	33.9866146270164	0	894.499999999999
389	0	5.33333333333333	0	0	0.816434466785626	0	0	34.4659074809104	0	767.766304347828
390	0	6.55555555555555	0	0	0.762069669612997	0	0	34.004807710491	0	1062.28409090909
391	0	6	0	0	0.941462871973187	0	0	34.9680614057654	0	1178.65
392	0	9.33333333333333	0	0	0.615874319089696	0	0	36.7652135823515	0	1350.61363636364
393	0	5.11111111111111	0	0	0.870763980729971	0	0	31.7774421740646	0	1048.97916666667
394	0	5	0	0	1	0	0	34.7388953020734	0	1011.70833333333
395	0	7.55555555555555	0	0	0.953445942994303	0	0	34.7968441537375	0	1283.30113636363
396	0	4.55555555555556	0	0	0.990857368870992	0	0	35.3186951386788	0	747.331521739131
397	0	7.55555555555555	0	0	0.775795986104473	0	0	33.5043765421786	0	896.652173913043
398	0	10.1111111111111	0	0	0.85474767495882	0	0	34.8528622622078	0	1156.27604166667
399	0	9.33333333333333	0	0	0.783505723834565	0	0	33.4915330759319	0	1239.5
400	0	5	0	0	0.861063577233166	0	0	30.0732930460906	0	1399.34895833334
401	0	5	0	0	0.895225957223383	0	0	31.9570433843343	0	993.385416666666
402	0	7.22222222222222	0	0	0.947526655112942	0	0	31.5628848901111	0	1140.78804347826
403	0	5	0	0	0.866124430132265	0	0	32.6094121297737	0	881.684782608694
404	0	5	0	0	0.910511596469571	0	0	32.6414479831669	0	675.059782608696
405	0	7	0	0	0.737640106420787	0	0	38.8781884500241	0	842.066964285716
406	0	5.44444444444444	0	0	0.860555682748406	0	0	33.7186662181031	0	850.729166666667
407	0	5.11111111111111	0	0	0.747027874317396	0	0	41.4945054827751	0	737.260869565219
408	0	7.66666666666667	0	0	0.865225012623122	0	0	30.8521967051148	0	1006.89772727273
409	0	4.77777777777778	0	0	0.917465778507082	0	0	34.0265149419688	0	644.04347826087
410	0	5.22222222222222	0	0	0.850145328298789	0	0	30.6535047493232	0	709.142045454546
411	0	5.66666666666667	0	0	0.894469738012177	0	0	34.2038202169303	0	874.828125
412	0	17.5555555555556	0	0	0.936197810823948	0	0	32.8850850603343	0	2109.7
413	0	5.44444444444444	0	0	0.866243139484926	0	0	34.7634171615127	0	949.600000000001
414	0	25	0	0	0.518069272217426	0	0	27.3588888857492	0	2909.625
415	0	5.44444444444444	0	0	0.888894857702086	0	0	34.2999294369573	0	788.312499999999
416	0	8.44444444444444	0	0	0.878497184665253	0	0	34.5956919986036	0	1318.84375
417	0	5.11111111111111	0	0	0.144748234981713	0	0	44.4882504765303	0	610.107954545453
418	0	5	0	0	1	0	0	32.0231371150051	0	769.923913043477
419	0	5	0	0	0.831705496139213	0	0	30.2448440049926	0	929.71875
420	0	30.5555555555556	0	0	0.326666821456326	0	0	30.7188741241365	0	3396.98511904759
421	0	7.11111111111111	0	0	0.917675172783785	0	0	32.059606873606	0	938.130434782609
422	0	13.3333333333333	0	0	0.641465116768297	0	0	33.1659869315722	0	1386.09935897436
423	0	13.8888888888889	0	0	0.385137006799357	0	0	29.5112737836115	0	1652.734375
424	0	7.33333333333333	0	0	0.333973865965318	0	0	38.449169208836	0	1168.11428571428
425	0	10.5555555555556	0	0	0.631117654942491	0	0	31.8525920982056	0	1596.21875
426	0	9.11111111111111	0	0	0.889129954017917	0	0	35.4748212101327	0	1078.86486486486
427	0	4.66666666666667	0	0	0.949089024567233	0	0	31.2745859077326	0	850.836956521739
428	0	6.33333333333333	0	0	0.775872305689324	0	0	35.2410173141948	0	988.842391304347
429	0	7.33333333333333	0	0	0.930240611742504	0	0	38.8391289011758	0	801.546875
430	0	9.77777777777778	0	0	0.339539176490933	0	0	35.6239092013433	0	1429.28888888889
431	0	7.66666666666667	0	0	0.695148541065559	0	0	32.4023484460459	0	1377.7
432	0	4	0	0	0.839146382059225	0	0	33.186772561701	0	806.053571428571
433	0	5.44444444444444	0	0	0.673744655914796	0	0	42.1350546587076	0	699.777777777777
434	0	10.4444444444444	0	0	0.577695116793081	0	0	36.587600819852	0	1433.5
435	0	5.88888888888889	0	0	0.946958007029374	0	0	37.2243200072211	0	1042
436	0	4.55555555555556	0	0	0.751094859056067	0	0	32.1688621882185	0	763.934782608695
437	0	9.55555555555555	0	0	0.901291211512976	0	0	34.713631610671	0	2043.95000000001
438	0	4	0	0	0.839146382059226	0	0	34.5506890869189	0	669.90625
439	0	14.4444444444444	0	0	0.408621458731338	0	0	29.8049065514718	0	2097.50595238096
440	0	1.55555555555556	0	0	0.577288912588814	0	0	44.3246301586241	0	191.979166666666
441	0	1.11111111111111	0	0	0.353553390593274	0	0	56.0047046980272	0	99.875
442	0	5.44444444444444	0	0	0.630022925381555	0	0	39.8023902989655	0	659.685185185185
443	0	6.66666666666667	0	0	0.493534626825145	0	0	37.0233383519204	0	614.505681818181
444	0	0.777777777777778	0	0	0	0	0	0	0	130.7375
445	0	8.77777777777778	0	0	0.332377555927179	0	0	37.0161040991481	0	1357.48076923077
446	0	17.6666666666667	0	0	0.420416522599223	0	0	34.7936845213105	0	1817.31648936171
447	0	6.11111111111111	0	0	0.784202309376914	0	0	29.960234090353	0	1307.42934782609
448	0	6.66666666666667	0	0	0.481023707538669	0	0	38.7760605264616	0	1025.21212121212
449	0	0.666666666666667	0	0	0	0	0	0	0	252.075
450	0	6.77777777777778	0	0	0.880218663701168	0	0	35.028935233268	0	1017.078125
451	0	9.11111111111111	0	0	0.136511958503987	0	0	35.5186560168945	0	1990.54069767441
452	0	0.888888888888889	0	0	0	0	0	0	0	276.979166666667
453	0	5.11111111111111	0	0	0.857181124717186	0	0	30.2659480251648	0	1140.22916666667
454	0	4.33333333333333	0	0	0.847923155643865	0	0	35.4544485670818	0	782.875
455	0	7.77777777777778	0	0	0.960027619729194	0	0	32.6131138180482	0	1470.8
456	0	6.44444444444444	0	0	0.902114820681154	0	0	36.7689139394702	0	1325.92708333333
457	0	6	0	0	0.571459831253845	0	0	40.9433357246112	0	783.901315789475
458	0	5.66666666666667	0	0	0.964670967950291	0	0	33.349306330525	0	963.333333333334
459	0	15.8888888888889	0	0	0.424214673784265	0	0	35.3402148126966	0	1484.29347826087
460	0	7.44444444444444	0	0	0.322079927791005	0	0	30.442829204791	0	1916.55555555555
461	0	5.33333333333333	0	0	0.816434466785626	0	0	36.053299031509	0	994.999999999998
462	0	5.44444444444444	0	0	0.850549452373769	0	0	33.5081442589605	0	859.788043478262
463	0	5.44444444444444	0	0	0.884667955170059	0	0	39.6306604172317	0	778.687499999999
464	0	6.88888888888889	0	0	0.973960842683547	0	0	34.3639740343009	0	936.062499999999
465	0	12	0	0	0.773585062383088	0	0	39.3648319675669	0	1089
466	0	4.11111111111111	0	0	0.874407449263835	0	0	30.209484918955	0	972.583333333333
467	0	4.66666666666667	0	0	0.949089024567232	0	0	32.8716960369789	0	815.097826086957
468	0	5	0	0	1	0	0	34.6352131973666	0	774.16304347826
469	0	6.11111111111111	0	0	0.268910989080354	0	0	30.6631646149591	0	1534.3
470	0	5.88888888888889	0	0	0.969299520425307	0	0	35.3968322650899	0	1039.25
471	0	2.88888888888889	0	0	0.839047078536121	0	0	33.8628697122926	0	645.863095238095
472	0	5.66666666666667	0	0	0.845920473216239	0	0	32.1886295153737	0	1137.15217391305
473	0	5.44444444444444	0	0	0.860555682748406	0	0	37.5704270174262	0	912.192708333334
474	0	4.88888888888889	0	0	0.957550734473589	0	0	35.8646130327368	0	743.487500000001
475	0	6.33333333333333	0	0	0.796220984244049	0	0	34.3185011467827	0	924.829545454546
476	0	5.11111111111111	0	0	0.862148664213675	0	0	34.9355999228576	0	866.880208333334
477	0	8.55555555555555	0	0	0.892544953578224	0	0	36.0039070829044	0	1064.19791666667
478	0	5.66666666666667	0	0	0.964670967950291	0	0	34.1803481231655	0	973.614583333332
479	0	5.66666666666667	0	0	0.964670967950291	0	0	34.7608443324743	0	824.704999999999
480	0	5.55555555555555	0	0	0.860892045394467	0	0	31.7435748814599	0	1118.67708333333
481	0	6.33333333333333	0	0	0.950638754235147	0	0	34.074365038109	0	1195.546875
482	0	4.77777777777778	0	0	0.917465778507082	0	0	35.1277436404884	0	803.671875
483	0	5	0	0	1	0	0	34.6111867535228	0	780.656249999999
484	0	7.33333333333333	0	0	0.782801946679677	0	0	30.7347777125939	0	1245.27083333333
485	0	3.77777777777778	0	0	0.996017507076961	0	0	33.9720269993822	0	1546.30208333334
486	0	10.6666666666667	0	0	0.834436178445182	0	0	31.6717721332716	0	1306.26724137931
487	0	5.77777777777778	0	0	0.875983412386052	0	0	30.4314443756652	0	1248.40217391305
488	0	6.66666666666667	0	0	0.878202344670708	0	0	34.3719885609566	0	887.535714285713
489	0	7	0	0	0.899829687686966	0	0	40.3691067091884	0	860.64
490	0	7.88888888888889	0	0	0.707969314490071	0	0	34.0202922019299	0	1259
491	0	4.77777777777778	0	0	0.917465778507082	0	0	35.2419721630581	0	712.979166666666
492	0	9	0	0	0.89344197570719	0	0	29.69580169703	0	1292.46739130435
493	0	17.6666666666667	0	0	0.813513248495441	0	0	34.6067872223463	0	1827.03888888889
494	0	7.66666666666667	0	0	0.88727489870422	0	0	32.5333331989434	0	1187.296875
495	0	2.55555555555556	0	0	0.991683847303182	0	0	33.3899190184947	0	821.163043478261
496	0	11.2222222222222	0	0	0.439937402533988	0	0	37.2107185104674	0	1432
497	0	18.7777777777778	0	0	0.369949622837898	0	0	35.402693305344	0	2309.34210526317
498	0	5.88888888888889	0	0	0.961299082270579	0	0	36.8364426532787	0	1085.45454545455
499	0	5	0	0	1	0	0	33.7493069016502	0	785.5
500	0	6.77777777777778	0	0	0.370763980597766	0	0	33.2581660663226	0	1133.35416666667
501	0	3.11111111111111	0	0	0.782884623301228	0	0	36.0224363157254	0	732.869565217392
502	0	9	0	0	0.76483657138694	0	0	36.7511341837993	0	1090.44642857143
503	0	3.66666666666667	0	0	0.944666501875485	0	0	45.0602564150157	0	493.120370370371
504	0	6.33333333333333	0	0	0.682518244311304	0	0	39.4188375817473	0	766.575000000001
505	0	3.55555555555556	0	0	1	0	0	36.5676410860312	0	971.171875000001
506	0	5.66666666666667	0	0	0.964670967950291	0	0	34.7369428419241	0	886.333333333334
507	0	9.66666666666667	0	0	0.869142637618734	0	0	34.5917361418838	0	1126.07661290323
508	0	14.7777777777778	0	0	0.58820772300595	0	0	36.0641825986646	0	1619.14634146341
509	0	3.77777777777778	0	0	0.996017507076946	0	0	33.7422995931808	0	732.982954545455
510	0	19.8888888888889	0	0	0.433731782607503	0	0	33.9940537830837	0	2434.75
511	0	3.55555555555556	0	0	0.965614149388614	0	0	31.7445148256594	0	774.608695652173
512	0	6.77777777777778	0	0	0.883092879755074	0	0	36.4402750655409	0	737.527173913045
513	0	5.77777777777778	0	0	0.874672543621902	0	0	41.3270431004928	0	726.181818181821
514	0	23.3333333333333	0	0	0.597543841570194	0	0	34.8670685843017	0	2528.05357142857
515	0	7.22222222222222	0	0	0.636775623734137	0	0	34.3633955174645	0	981.920454545455
516	0	10	0	0	0.38035692637054	0	0	37.3734194580161	0	1463.68382352942
517	0	12.2222222222222	0	0	0.805021005950826	0	0	34.6971342047761	0	1301.08189655172
518	0	0.333333333333333	0	0	0	0	0	0	0	197.894230769231
519	0	6.33333333333333	0	0	0.831766708526113	0	0	35.5619217685476	0	1162.22916666667
520	0	5	0	0	0.74683420467836	0	0	35.8054006811187	0	644.4375
521	0	13.4444444444444	0	0	0.520811613881041	0	0	42.4080928285605	0	1371.4
522	0	12	0	0	0.469253760556782	0	0	37.4731360163022	0	1457.66666666667
523	0	4.44444444444444	0	0	0.436610545015403	0	0	37.8438305974309	0	460.75
524	0	26.8888888888889	0	0	0.640310161326712	0	0	28.7913881904722	0	2077.06578947368
525	0	1	0	0	0	0	0	0	0	274.261904761905
526	0	8.11111111111111	0	0	0.366491679429169	0	0	32.0149722075806	0	1222.02604166667
527	0	5.33333333333333	0	0	0.884285722714357	0	0	35.0776860234689	0	943.978260869564
528	0	1.11111111111111	0	0	0	0	0	0	0	292.1625
529	0	0.333333333333333	0	0	0	0	0	0	0	178.352272727273
530	0	6.55555555555555	0	0	0.805816219896358	0	0	34.6983754904617	0	688.695652173912
531	0	15.6666666666667	0	0	0.323153989819872	0	0	35.5259682576629	0	1534.0909090909
532	0	5.33333333333333	0	0	0.716396422494417	0	0	36.4976790565731	0	898.03
533	0	7.88888888888889	0	0	0.436585820028696	0	0	34.0508024238886	0	1581.16
534	0	9.55555555555555	0	0	0.416678030185877	0	0	34.0480614325223	0	1694.90625
535	0	6.33333333333333	0	0	0.741179950948002	0	0	40.022210884817	0	723.652173913045
536	0	5.77777777777778	0	0	0.875983412386052	0	0	32.8613480141167	0	1084.03125
537	0	3.55555555555556	0	0	1	0	0	33.5570077065319	0	711.019230769231
538	0	5.33333333333333	0	0	0.888956636984631	0	0	36.9720590073063	0	786.988636363635
539	5.55555555555555	11.7777777777778	4.88888888888889	0.520608818363939	0.648439236353141	0.477007439868846	42.4747324723872	42.8045465154335	40.4696888655938	18006.7105263158
540	0	7.55555555555555	0	0	0.626130494926663	0	0	40.1066512550246	0	961.493055555559
541	0	9.33333333333333	0	0	0.846867331780745	0	0	31.7903670819864	0	1177.5
542	0	17.4444444444444	0	0	0.294401429689043	0	0	35.7368157500153	0	2224.88888888888
543	0	7.44444444444444	0	0	0.700315979184357	0	0	40.8434588393763	0	731.240384615386
544	0	4.11111111111111	0	0	0.838339592399574	0	0	32.2052834741228	0	712.1875
545	0	7	0	0	0.818657063050684	0	0	34.5985461240303	0	1151.375
546	0	5.22222222222222	0	0	0.889851536922555	0	0	36.4918526665207	0	758.578125
547	0	5	0	0	1	0	0	34.8157583486631	0	865.363636363636
548	0	14.3333333333333	0	0	0.332853717149459	0	0	39.3474056113882	0	1528.875
549	0	7.77777777777778	0	0	0.633001186569367	0	0	32.6763822404295	0	1721.86824324324
550	0	5.11111111111111	0	0	0.949134760266241	0	0	33.4258642460221	0	1004.88541666667
551	0	25.8888888888889	0	0	0.27708726318363	0	0	33.1991663837277	0	2853.15312500001
552	0	11.5555555555556	0	0	0.517643278688625	0	0	35.1975646700028	0	1367.39285714286
553	0	5.55555555555555	0	0	0.95124019622086	0	0	43.9526245845538	0	700.262096774194
554	0	31.2222222222222	0	0	0.3732237666252	0	0	28.3011313329057	0	3133.6818181818
555	0	4.66666666666667	0	0	0.953664014640253	0	0	31.6838526292271	0	1029.27083333333
556	0	7.33333333333333	0	0	0.31653281273416	0	0	39.6910171915089	0	870.672413793102
557	0	7.33333333333333	0	0	0.671904118629776	0	0	34.1771951901586	0	1255.95833333334
558	0	5.77777777777778	0	0	0.70594937189114	0	0	41.8668944609895	0	687.42857142857
559	0	6.55555555555555	0	0	0.897480759463367	0	0	35.7753586933593	0	842.339285714286
560	0	9.44444444444444	0	0	0.667126863497968	0	0	39.0471728120158	0	1648.70967741935
561	0	3.66666666666667	0	0	0.950001733581385	0	0	47.7085209046351	0	541.184782608695
562	0	5	0	0	0.869088489064211	0	0	45.3246993712771	0	483.046875
563	0	10.4444444444444	0	0	0.526323855527972	0	0	36.09113788053	0	1303.953125
564	0	14.8888888888889	0	0	0.366495440907167	0	0	34.1374589446039	0	1699.67708333333
565	0	7.55555555555555	0	0	0.791099534933844	0	0	37.7154864196184	0	790.885869565219
566	0	0.333333333333333	0	0	0	0	0	0	0	274.90625
567	0	6.11111111111111	0	0	0.600359836278382	0	0	41.3729584941637	0	709.574999999999
568	0	2.66666666666667	0	0	0.266750312346778	0	0	50.4190356554148	0	238.244047619048
569	0	15.1111111111111	0	0	0.367408875261537	0	0	35.597105025853	0	1820.03125
570	0	3.66666666666667	0	0	0.198490504839949	0	0	54.047764603747	0	345.517857142856
571	0	0.444444444444444	0	0	0	0	0	0	0	1673.39500000001
572	0	24.6666666666667	0	0	0.50658638836403	0	0	37.4058869796235	0	2462.35465116278
573	0	5.55555555555555	0	0	0.860892045394467	0	0	38.9133056255392	0	785.848958333334
574	0	6.33333333333333	0	0	0.538265707910132	0	0	40.6866675957909	0	712.25
575	0	16.6666666666667	0	0	0.55505849069646	0	0	34.0405906607267	0	1985.82222222223
576	0	13.6666666666667	0	0	0.800139815841276	0	0	33.1388140430869	0	1831.703125
577	0	10	0	0	0.844077303749622	0	0	31.2371405277789	0	2323.63513513513
578	0	6.55555555555555	0	0	0.876166701712143	0	0	36.1113791775921	0	869.020348837207
579	0	5.66666666666667	0	0	0.690418286583844	0	0	43.7429311788194	0	644.749999999998
580	0	5.88888888888889	0	0	0.863710937155351	0	0	32.0675745469762	0	1486.32258064516
581	0	22.6666666666667	0	0	0.404752653571414	0	0	34.5928743842225	0	2536.80357142859
582	0	10.1111111111111	0	0	0.936638394392955	0	0	33.7464069740536	0	1485.25
583	0	15.4444444444444	0	0	0.237867157407863	0	0	37.4714146940443	0	1799.83522727274
584	0	7.33333333333333	0	0	0.877799895274195	0	0	31.2256111586585	0	1062.91145833333
585	0	5.11111111111111	0	0	0.776143560985464	0	0	31.9845332605881	0	961.760869565219
586	0	12.3333333333333	0	0	0.746617981309602	0	0	36.6710473584435	0	1238.75625
587	0	8	0	0	0.875856248666523	0	0	33.9641762882984	0	1974.41860465117
588	0	13.4444444444444	0	0	0.316490961803788	0	0	36.2230087223768	0	1384.0625
589	0	7.77777777777778	0	0	0.810212619765497	0	0	31.9452871267857	0	1083.69230769231
590	0	16.6666666666667	0	0	0.298405420304364	0	0	35.4273761627732	0	2172.09482758619
591	0	6.88888888888889	0	0	0.725198132505361	0	0	40.5635607918253	0	710.417857142858
592	0	16.1111111111111	0	0	0.544016829280403	0	0	42.1321033796899	0	1821.34198113209
593	0	11.7777777777778	0	0	0.823651298068385	0	0	32.1243774533934	0	1304.80434782608
594	0	9.77777777777778	0	0	0.533353818860248	0	0	36.3852465306915	0	1123.70512820513
595	0	9	0	0	0.713975511923742	0	0	37.3078141673013	0	1010.04017857143
596	0	0.444444444444444	0	0	0	0	0	0	0	158.6484375
597	0	2.55555555555556	0	0	0.289234095006842	0	0	52.3565682949746	0	253.615384615385
598	0	2	0	0	0.193649167310371	0	0	51.6143810348931	0	273
599	0	15.3333333333333	0	0	0.284130469497642	0	0	35.1293565375203	0	1825.75000000001
600	0	12.4444444444444	0	0	0.366646422562393	0	0	38.738660297067	0	1240.92708333333
601	0	8.22222222222222	0	0	0.854371275259055	0	0	35.5474871370608	0	896.444444444445
602	0	4.22222222222222	0	0	0.885845126248648	0	0	41.8614182316772	0	554.888888888888
603	0	10.4444444444444	0	0	0.941723176157682	0	0	28.2827693469238	0	1656.18604651163
604	0	2.55555555555556	0	0	0.991683847303182	0	0	32.1186100406729	0	985.521739130436
605	0	27.3333333333333	0	0	0.292136432603806	0	0	36.8496169104707	0	2772.99999999999
606	0	5.66666666666667	0	0	0.680595288028612	0	0	43.2911837830209	0	726.046052631576
607	0	5.66666666666667	0	0	0.959345429104723	0	0	41.1715516329733	0	673.90625
608	0	6.44444444444444	0	0	0.890932310810612	0	0	32.8228861568372	0	1001.89423076923
609	0	5.33333333333333	0	0	0.888956636984631	0	0	28.6984657612858	0	952.869565217391
610	0	8	0	0	0.457243581493724	0	0	37.0926329141699	0	1342.23214285714
611	0	7.44444444444444	0	0	0.772009524902437	0	0	37.5102167013496	0	996.346774193549
612	0	6.66666666666667	0	0	0.831810057432701	0	0	33.5412247303127	0	988.016304347827
613	0	23.7777777777778	0	0	0.480771561386009	0	0	29.3162456977987	0	2755.54411764705
614	0	7	0	0	0.855859396740004	0	0	39.0492471405726	0	1249.48469387756
615	0	20.4444444444444	0	0	0.190995877536681	0	0	36.1349730846905	0	2632.13888888887
616	0	9.44444444444444	0	0	0.631325660366045	0	0	41.6401626263731	0	1049.36585365854
617	0	20.2222222222222	0	0	0.304429608801455	0	0	33.610712310411	0	2295.21875
618	0	7.88888888888889	0	0	0.977557206143448	0	0	37.7118169464797	0	889.393939393941
619	0	20.7777777777778	0	0	0.561736670304844	0	0	37.7215797282122	0	2186.26851851853
620	0	7.33333333333333	0	0	0.88010660609071	0	0	36.0652614347913	0	1109.47826086956
621	0	4.66666666666667	0	0	0.95366401464025	0	0	33.5864081356253	0	1008.921875
622	0	6.88888888888889	0	0	0.89658054598668	0	0	31.1998836205372	0	1016
623	0	7.66666666666667	0	0	0.700178161630936	0	0	30.9602549365219	0	1650.84375
624	0	19.8888888888889	0	0	0.60689972112883	0	0	37.4991117672488	0	2071.91666666668
625	0	6.66666666666667	0	0	0.717692783544031	0	0	32.0349344125878	0	1187.79166666667
626	0	4.44444444444444	0	0	0.72754250938646	0	0	45.4675889930778	0	542.68
627	0	5.11111111111111	0	0	0.949134760266242	0	0	36.8027537536583	0	921
628	0	19	0	0	0.406270744794653	0	0	30.3898522126725	0	2957.41666666666
629	0	8.44444444444444	0	0	0.496064549743841	0	0	38.0576224980023	0	1065.87053571429
630	0	2.55555555555556	0	0	0.125433904845201	0	0	44.5699647786361	0	170.28125
631	0	2.55555555555556	0	0	0.991683847303182	0	0	32.6491196330562	0	1014.325
632	0	6	0	0	0.74286773384804	0	0	39.4720774173252	0	795.117857142854
633	0	7.22222222222222	0	0	0.58846882361211	0	0	38.8012106862962	0	960.571428571422
634	0	1.11111111111111	0	0	0.353553390593274	0	0	59.5041546234069	0	124.892857142857
635	0	4.11111111111111	0	0	0.838339592399573	0	0	39.2307747354351	0	806.25
636	0	2.44444444444444	0	0	0.354406427045475	0	0	53.4798613799217	0	204.352941176471
637	0	1.33333333333333	0	0	0	0	0	0	0	734.4375
638	0	4.11111111111111	0	0	0.801136602319778	0	0	34.0727720894602	0	1020.73913043478
639	0	0.333333333333333	0	0	0	0	0	0	0	152.35
640	0	5.77777777777778	0	0	0.929019565760509	0	0	36.2683760394688	0	1728.09375
641	0	7.11111111111111	0	0	0.492485883964585	0	0	40.6658127458273	0	983.076923076925
642	0	6.77777777777778	0	0	0.883172930490195	0	0	33.1969986614127	0	1158.4
643	0	4.44444444444444	0	0	0.706597516470888	0	0	43.6150168027665	0	569.041666666676
644	0	10.1111111111111	0	0	0.308488299904888	0	0	40.2809276049504	0	1536.40789473685
645	0	6.88888888888889	0	0	0.705224500771602	0	0	39.8016411252122	0	799.482758620689
646	0	6.11111111111111	0	0	0.896168378442423	0	0	33.4247600050488	0	819.999999999999
647	0	4.22222222222222	0	0	0.848379822061475	0	0	41.7211575624284	0	624.75
648	0	10.2222222222222	0	0	0.313783063037574	0	0	42.3458464829908	0	897.548780487809
649	0	6.88888888888889	0	0	0.623731618420693	0	0	29.5967063098597	0	2274.890625
650	0	9.11111111111111	0	0	0.79263092173935	0	0	30.960969358325	0	2200.72222222222
651	0	34.1111111111111	0	0	0.515287474759927	0	0	28.352289404282	0	2725.00499999998
652	0	4.77777777777778	0	0	0.980220543215398	0	0	40.2988260884897	0	646.699999999999
653	0	4.55555555555556	0	0	0.913989324928801	0	0	44.8620031253921	0	534.23275862069
654	0	1	0	0	0	0	0	0	0	265.653846153845
655	0	0.333333333333333	0	0	0	0	0	0	0	146.565789473685
656	0	4.88888888888889	0	0	0.191303376112337	0	0	45.6770886945956	0	420.192307692309
657	0	5.22222222222222	0	0	0.78410950138972	0	0	41.5175040686159	0	627.568181818182
658	0	3.33333333333333	0	0	0.462975152207094	0	0	27.7022727263378	0	490.153846153846
659	0	0.555555555555555	0	0	0	0	0	0	0	112.576923076923
660	0	0.444444444444444	0	0	0	0	0	0	0	357.381578947369
661	0	8.11111111111111	0	0	0.185950220123439	0	0	41.2078298152968	0	992.663043478265
662	0	2.22222222222222	0	0	0.174077655955698	0	0	53.9467905846385	0	292
663	0	0.444444444444444	0	0	0	0	0	0	0	75.125
664	0	9.44444444444444	0	0	0.53895750612733	0	0	39.9326915378965	0	979.040540540542
665	0	9.88888888888889	0	0	0.565526721209364	0	0	34.6487695582135	0	1717.21220930232
666	0	9	0	0	0.43498787125185	0	0	38.028231509519	0	1190.375
667	0	7	0	0	0.655463880315197	0	0	39.8009968110836	0	764.953571428572
668	0	34.1111111111111	0	0	0.698125661813219	0	0	27.1626502488042	0	3441.17441860467
669	0	12.4444444444444	0	0	0.578396554280035	0	0	33.3120711749809	0	1672.31707317072
670	0	3.66666666666667	0	0	0.944666501875485	0	0	47.697822750159	0	505.244565217392
671	0	3.88888888888889	0	0	0.836361731086649	0	0	45.7507900946516	0	1082.80514705882
672	0	14	0	0	0.431606656759835	0	0	38.5545964119186	0	1537.64634146343
673	0	30.5555555555556	0	0	0.765049344482918	0	0	25.7808661686412	0	3955.93617021278
674	0	6.55555555555555	0	0	0.545267632089179	0	0	39.9942514080583	0	711.905172413793
675	0	6.55555555555555	0	0	0.258756674619845	0	0	31.2704055650276	0	871.666666666669
676	0	6.33333333333333	0	0	0.407411550108328	0	0	43.2578281333288	0	935.269230769229
677	0	18.5555555555556	0	0	0.303045211526627	0	0	40.7976115487027	0	2049.1141304348
678	0	6.11111111111111	0	0	0.759316103218591	0	0	38.3570017024936	0	1086.60714285714
679	0	6.33333333333333	0	0	0.873820397258634	0	0	40.01315682639	0	838.851351351351
680	0	14.8888888888889	0	0	0.36589108526488	0	0	34.7205791208169	0	1217.74390243902
681	0	13.7777777777778	0	0	0.427783579129093	0	0	37.1234689191068	0	1480.93103448275
682	0	4.11111111111111	0	0	0.874407449263835	0	0	42.0343974025473	0	588.500000000001
683	0	9.33333333333333	0	0	0.569284998315635	0	0	38.4267105708272	0	1017.84375
684	0	7.33333333333333	0	0	0.963121037677753	0	0	34.9382645984868	0	888.895833333334
685	0	16.3333333333333	0	0	0.331641321925767	0	0	32.3203285025019	0	1543.98026315788
686	0	6.44444444444444	0	0	0.617829348658102	0	0	40.7567764365672	0	794.100961538462
687	0	4	0	0	0.841716472597874	0	0	48.8393581521341	0	520.635416666667
688	0	22	0	0	0.373991176386081	0	0	29.0957689051051	0	2346.72222222221
689	0	13.1111111111111	0	0	0.827689338482654	0	0	27.9429442071155	0	2099.73750000001
690	0	15.3333333333333	0	0	0.468416257848947	0	0	31.8367198160668	0	1442.71551724138
691	0	4.77777777777778	0	0	0.807575271064637	0	0	46.6855590294424	0	536.340909090909
692	0	0.333333333333333	0	0	0	0	0	0	0	120.8625
693	0	24.4444444444444	0	0	0.433052700235207	0	0	36.3851600744933	0	2626.64999999999
694	0	0.777777777777778	0	0	0	0	0	0	0	475.517857142857
695	0	2.11111111111111	0	0	0.774739225797095	0	0	45.5431851173596	0	290.517857142856
696	0	16.7777777777778	0	0	0.254125232361478	0	0	39.0515749128409	0	1939.99999999999
697	0	4.22222222222222	0	0	0.859439563690411	0	0	28.4331463962509	0	1678.14673913043
698	0	0.888888888888889	0	0	0	0	0	0	0	326.043749999999
699	0	0.777777777777778	0	0	0	0	0	0	0	825.276785714277
700	0	4.22222222222222	0	0	0.859439563690411	0	0	33.2534815782175	0	988.874999999999
701	0	11.6666666666667	0	0	0.307016420435525	0	0	36.5109656074129	0	1358.90909090909
702	0	6.44444444444444	0	0	0.620893924128378	0	0	41.0357741627463	0	717.342857142857
703	0	15.7777777777778	0	0	0.670675942269189	0	0	31.1819040696731	0	1754.94285714285
704	0	27.8888888888889	0	0	0.572873381657713	0	0	28.8848820362587	0	3929.9285714286
705	0	22	0	0	0.237394684590894	0	0	35.7311156629547	0	1937.6081081081
706	0	4.66666666666667	0	0	0.935495062691454	0	0	43.4518410029213	0	521.450000000001
707	0	6.11111111111111	0	0	0.948830028767028	0	0	32.873953322639	0	1111.73660714286
708	0	3.66666666666667	0	0	0.950001733581387	0	0	46.3327501926675	0	517.985
709	0	10.2222222222222	0	0	0.698135794870266	0	0	32.1807078112247	0	1557.85795454546
710	0	5.22222222222222	0	0	0.799432374408813	0	0	41.0896463184037	0	587.295454545454
711	0	4	0	0	0.874222478071968	0	0	46.4563018317458	0	517.427884615385
712	0	6.77777777777778	0	0	0.854221622151553	0	0	31.5250936079719	0	1033.75
713	0	7	0	0	0.877032966894367	0	0	39.631343549827	0	887.600000000003
714	0	6.88888888888889	0	0	0.769355315368759	0	0	40.2142540740794	0	837.189655172415
715	0	5.33333333333333	0	0	0.655576978744641	0	0	38.5701614226459	0	2048.765625
716	0	4	0	0	0.839146382059226	0	0	33.1787142326284	0	1009.73076923077
717	0	11.1111111111111	0	0	0.752538084044325	0	0	34.5772373678788	0	1271.31578947369
718	0	14.7777777777778	0	0	0.276935833097737	0	0	39.0958278075611	0	1865.39999999999
719	0	5.88888888888889	0	0	0.320573654788056	0	0	38.8958849104642	0	492.642857142858
720	0	7.22222222222222	0	0	0.577202833484356	0	0	40.091430228508	0	961.158653846152
721	0	13.7777777777778	0	0	0.556945820675094	0	0	33.9213698336302	0	1678.41015625
722	0	1.11111111111111	0	0	0	0	0	0	0	216.507352941177
723	0	0.555555555555555	0	0	0	0	0	0	0	133.8
724	0	13.6666666666667	0	0	0.288571475192854	0	0	36.8660382981735	0	1823.59375
725	0	7.44444444444444	0	0	0.748656619128727	0	0	32.5560855872109	0	1326.77127659575
726	0	0.333333333333333	0	0	0	0	0	0	0	26.8
727	0	17.1111111111111	0	0	0.645872574053415	0	0	32.5287178007347	0	2492.9411764706
728	0	23.4444444444444	0	0	0.810028735727477	0	0	28.2666437397078	0	19875.4595588236
729	0	6.55555555555555	0	0	0.697498354017939	0	0	42.0800688382374	0	884.425000000002
730	0	11	0	0	0.347633183598947	0	0	37.6887698692176	0	1420.13157894737
731	0	12.3333333333333	0	0	0.583299544239296	0	0	40.3551257156979	0	1430.86805555555
732	0	11.2222222222222	0	0	0.410809530805647	0	0	39.905705013042	0	1234.91346153847
733	0	11.1111111111111	0	0	0.415811288838523	0	0	38.1757812966448	0	1184.94444444445
734	0	1.88888888888889	0	0	0.48280708851865	0	0	45.8218571921244	0	258.65
735	0	2	0	0	0.40983024615248	0	0	48.1020434323469	0	140.384615384615
736	0	22.6666666666667	0	0	0.287368429923593	0	0	38.1029772615354	0	2496.83333333335
737	0	6	0	0	0.976276198639538	0	0	39.7485305811641	0	838.782608695653
738	0	5.33333333333333	0	0	0.872829242993471	0	0	37.1021768880285	0	825.010869565216
739	0	4.77777777777778	0	0	0.917465778507082	0	0	35.2670841841145	0	668
740	0	8.44444444444444	0	0	0.921786908373365	0	0	29.6424881880874	0	999.478260869564
741	0	7.22222222222222	0	0	0.745451548849306	0	0	38.2568839856935	0	1031.75
742	0	6.55555555555555	0	0	0.904454500302321	0	0	33.2367352351809	0	886.967391304347
743	0	9.22222222222222	0	0	0.633972721912223	0	0	33.1634490884377	0	1002.30434782609
744	0	2.55555555555556	0	0	0.991683847303182	0	0	33.9782108412863	0	926.640625000002
745	0	6.55555555555555	0	0	0.235327927392549	0	0	39.4939377663638	0	1725.57142857142
746	0	4.88888888888889	0	0	0.857423949044757	0	0	44.1015266217563	0	765.862500000004
747	0	15.8888888888889	0	0	0.252973779496143	0	0	31.4801125533732	0	2982.01219512194
748	0	3.55555555555556	0	0	0.965614149388614	0	0	32.7245466148942	0	1007.640625
749	0	3.55555555555556	0	0	1	0	0	38.9175005587961	0	3106.0138888889
750	0	7.33333333333333	0	0	0.829962237382993	0	0	36.5936951987481	0	918.323275862071
751	0	5.44444444444444	0	0	0.866745480502254	0	0	44.8464386238517	0	531.384615384615
752	0	12.8888888888889	0	0	0.583523407637067	0	0	40.3298831771846	0	1520.15056818181
753	0	0.333333333333333	0	0	0	0	0	0	0	283.387500000001
754	0	0.333333333333333	0	0	0	0	0	0	0	153.928571428571
755	0	3.11111111111111	0	0	0.837667444149498	0	0	29.3950959707878	0	793.005434782609
756	0	0.888888888888889	0	0	0	0	0	0	0	257.4
757	0	0.444444444444444	0	0	0	0	0	0	0	126.615384615385
758	0	14.3333333333333	0	0	0.877098960537157	0	0	21.581174642841	0	907.428571428567
759	0	0.333333333333333	0	0	0	0	0	0	0	212
760	0	0.777777777777778	0	0	0	0	0	0	0	332.857142857143
761	0	18.8888888888889	0	0	0.753418239968109	0	0	34.8750491821281	0	1556.70588235295
762	0	4.77777777777778	0	0	0.740782735551555	0	0	39.0359632725063	0	724.142857142858
763	0	6	0	0	0.934981630835418	0	0	29.6182808257862	0	1436.08333333332
764	0	3.66666666666667	0	0	0.931891116296093	0	0	31.678862944125	0	838.521739130435
765	0	19.7777777777778	0	0	0.423998738282292	0	0	34.006534673225	0	1659.44186046511
766	0	18.4444444444444	0	0	0.504830188604191	0	0	38.2997913609821	0	1787.47916666667
767	0	27.8888888888889	0	0	0.779057827087601	0	0	28.8677890565655	0	3832.65340909089
768	0	8.22222222222222	0	0	0.824883664002062	0	0	33.7795702209358	0	914.505434782609
769	0	16.1111111111111	0	0	0.646265015957479	0	0	32.0114821440647	0	1566.14285714285
770	0	19.3333333333333	0	0	0.875333551280085	0	0	28.2876806720491	0	15206.6666666666
771	0	4	0	0	0.839300853887923	0	0	47.8464940856023	0	594.11
772	0	12.6666666666667	0	0	0.752733872035892	0	0	36.1641048081473	0	4561.05921052634
773	0	0.333333333333333	0	0	0	0	0	0	0	97.2750000000002
774	0	6.33333333333333	0	0	0.914154705933292	0	0	41.1900056871027	0	749.400000000001
775	0	4.77777777777778	0	0	0.924297124720157	0	0	42.9538651344788	0	498.090909090909
776	0	27.2222222222222	0	0	0.579711567952089	0	0	26.7442696075455	0	2428.33333333333
777	0	8.44444444444444	0	0	0.57987549577587	0	0	37.5746971673824	0	940.632352941179
778	0	6.33333333333333	0	0	0.790558575318084	0	0	40.1171418692503	0	845.297297297295
779	0	19.8888888888889	0	0	0.826178473716082	0	0	23.7522235810329	0	3576.86666666668
780	0	8.22222222222222	0	0	0.728958576399975	0	0	36.6516716036272	0	877.809782608694
781	0	6.11111111111111	0	0	0.90207032710174	0	0	31.0281786922507	0	1490.6875
782	0	10.6666666666667	0	0	0.860132427766833	0	0	39.5791223504254	0	8751.515625
783	0	9.22222222222222	0	0	0.359865693652746	0	0	38.34407508083	0	1016.59375
784	0	8.11111111111111	0	0	0.621605988496987	0	0	37.6149297589702	0	1055.23684210526
785	0	14	0	0	0.27402969188165	0	0	34.167076122967	0	2459.03260869565
786	0	18.6666666666667	0	0	0.366427400582267	0	0	32.5990108401438	0	1941.50000000002
787	0	14	0	0	0.723435641974815	0	0	32.0510823056343	0	1625.625
788	0	4.11111111111111	0	0	0.801136602319778	0	0	35.1229209482957	0	885.593749999999
789	0	3.33333333333333	0	0	0.18073455772685	0	0	55.0807742091434	0	389.75
790	0	8.22222222222222	0	0	0.634155300568838	0	0	40.3875617097676	0	834.199999999999
791	0	18.1111111111111	0	0	0.62925544054046	0	0	25.9813942124518	0	2714.39930555554
792	0	32.5555555555556	0	0	0.375788487334782	0	0	32.6408017479719	0	3011.45833333333
793	0	4.77777777777778	0	0	0.832984066388828	0	0	41.9687213184231	0	576.12
794	0	5.11111111111111	0	0	0.913768110461684	0	0	41.3299169885432	0	739.956521739131
795	0	6.33333333333333	0	0	0.715088487576448	0	0	40.5832816144392	0	627.679999999999
796	0	6	0	0	0.779752485400767	0	0	33.4951136825175	0	908.208333333332
797	0	5.55555555555555	0	0	0.891738390783371	0	0	38.1673460105916	0	746.488970588236
798	0	5.88888888888889	0	0	0.959935309223517	0	0	35.5862192507423	0	786.967391304349
799	0	4.33333333333333	0	0	0.865344907135035	0	0	36.1156659536372	0	596
800	0	8.44444444444444	0	0	0.926109288952272	0	0	37.7970382910631	0	1338.05487804882
801	0	4.33333333333333	0	0	0.847923155643865	0	0	30.3851522253927	0	880.999999999999
802	0	0.666666666666667	0	0	0	0	0	0	0	81.25
803	0	2.55555555555556	0	0	0.319908013534744	0	0	54.6913632890783	0	242.5
804	0	2.77777777777778	0	0	1	0	0	36.7075779191953	0	622.65625
805	0	4	0	0	0.789247491360926	0	0	38.5926520905474	0	397.95
806	0	7.66666666666667	0	0	0.821506179560219	0	0	36.7825211647626	0	1111.32608695652
807	0	5.77777777777778	0	0	0.878460004594851	0	0	41.8857583075254	0	772.464285714287
808	0	4	0	0	0.839146382059225	0	0	45.5197713041714	0	489.28125
809	0	13	0	0	0.805540086224999	0	0	30.0566637940152	0	1640.58152173914
810	0	5.11111111111111	0	0	0.864193149917573	0	0	31.8645894993467	0	1096.57142857143
811	0	6.55555555555555	0	0	0.935534974463409	0	0	40.0591235942506	0	853.521739130434
812	0	6	0	0	0.737258659538121	0	0	39.9598729437588	0	709.415540540538
813	0	30.2222222222222	0	0	0.450236342034041	0	0	35.0531026553117	0	2740.74107142858
814	0	5	0	0	0.978539407996455	0	0	41.8465935705495	0	763.078125
815	0	10.3333333333333	0	0	0.586120741941674	0	0	39.0455586938	0	1271.33783783784
816	0	9	0	0	0.422904289790157	0	0	34.0931606151029	0	2063.21120689657
817	0	8.33333333333333	0	0	0.781604157942077	0	0	36.6032426095283	0	935.73828125
818	0	5.77777777777778	0	0	0.867376912058556	0	0	39.9473151017079	0	827.875
819	0	7.77777777777778	0	0	0.56938583779282	0	0	33.1996858085129	0	978.350000000001
820	0	17.1111111111111	0	0	0.476130808317809	0	0	33.6460256453364	0	2036.0489130435
821	0	5.55555555555555	0	0	0.357592529946806	0	0	36.0016047909393	0	518.34375
822	0	6.66666666666667	0	0	0.680730804964721	0	0	31.938511966007	0	441.921875
823	0	0.333333333333333	0	0	0	0	0	0	0	265.355769230769
824	0	5.44444444444444	0	0	0.875881643768931	0	0	43.9405100239426	0	628.6375
825	0	2.77777777777778	0	0	0.560741807166105	0	0	45.6874223643414	0	431.999999999999
826	0	5.88888888888889	0	0	0.747941266460629	0	0	38.9027882423015	0	701.875
827	0	6.88888888888889	0	0	0.650308160252609	0	0	40.2575679593083	0	725.178030303028
828	0	11.1111111111111	0	0	0.243213659532095	0	0	42.8864290356023	0	992.150000000002
829	0	7.77777777777778	0	0	0.525142446122391	0	0	35.8693118392188	0	1777.30454545455
830	0	5.77777777777778	0	0	0.696331215727323	0	0	42.6627504288528	0	594.383333333332
831	0	7.22222222222222	0	0	0.915743959800601	0	0	37.1121356856242	0	874.117857142856
832	0	11.8888888888889	0	0	0.347438029394339	0	0	36.338417794704	0	2072.09134615385
833	0	12.5555555555556	0	0	0.789927545624912	0	0	31.5068808599853	0	1630.26524390244
834	0	8.55555555555555	0	0	0.858951279457442	0	0	37.4476505868289	0	956.04761904762
835	0	8.77777777777778	0	0	0.718743725470648	0	0	36.1236870552098	0	1292.21428571429
836	0	11.2222222222222	0	0	0.34781761877767	0	0	39.9026266419667	0	1562.94791666667
837	0	22.4444444444444	0	0	0.468809968053147	0	0	35.9932480406909	0	2770.5434782609
838	0	19.6666666666667	0	0	0.249710333757897	0	0	32.775538436076	0	2096.23397435896
839	0	5.33333333333333	0	0	0.675579839378229	0	0	40.8733148256027	0	688.379999999999
840	0	8.44444444444444	0	0	0.518477311379088	0	0	38.120073447062	0	1017.9375
841	0	5.22222222222222	0	0	0.840264818676296	0	0	42.0295576814429	0	562.201612903227
842	0	0.444444444444444	0	0	0	0	0	0	0	217.096153846153
843	0	7.11111111111111	0	0	0.688328963379127	0	0	38.6607076433167	0	823.0625
844	0	8.11111111111111	0	0	0.413286176575554	0	0	39.1595680235377	0	1107.66666666667
845	0	19.5555555555556	0	0	0.378559896769894	0	0	35.9098203504689	0	2623.06382978723
846	0	5.88888888888889	0	0	0.946958007029374	0	0	41.9945465206716	0	800.112068965522
847	0	12.2222222222222	0	0	0.757047080761428	0	0	38.9993299619385	0	1211.25
848	0	6	0	0	0.865529637694357	0	0	30.5315831707115	0	2436.59926470589
849	0	5.22222222222222	0	0	0.746562205379042	0	0	40.2945011612178	0	757.725961538461
850	0	15	0	0	0.339861667305672	0	0	35.7576385238341	0	1860.36249999999
851	0	18.5555555555556	0	0	0.184283433782065	0	0	35.2849044964476	0	1931.27272727271
852	0	19.1111111111111	0	0	0.339830635844029	0	0	32.9853168241114	0	1964.48214285715
853	0	9.22222222222222	0	0	0.834471924780618	0	0	29.3007268761601	0	2097.37999999999
854	0	36.5555555555556	0	0	0.441589343526431	0	0	27.9556671621193	0	3047.27631578947
855	0	21	0	0	0.165703285948867	0	0	35.6881307304009	0	2148.28716216215
856	0	3.77777777777778	0	0	0.721568921153563	0	0	45.8810030910667	0	483.727272727272
857	0	0.333333333333333	0	0	0	0	0	0	0	173.479166666667
858	0	21.7777777777778	0	0	0.172776921707432	0	0	35.219360589452	0	2973.63235294118
859	0	6	0	0	0.302544286337597	0	0	35.3155320558091	0	863.083333333332
860	0	8.77777777777778	0	0	0.563754371375051	0	0	37.3522506061935	0	1303.91666666667
861	0	5.88888888888889	0	0	0.813482992605903	0	0	33.5005733946594	0	1671.31048387097
862	0	5.33333333333333	0	0	0.252101758387496	0	0	45.1897000613028	0	585.223684210524
863	0	8.22222222222222	0	0	0.668791215171878	0	0	36.6098099308941	0	1463.95703125
864	0	11.2222222222222	0	0	0.328860717307356	0	0	26.9360278952324	0	3791.05714285709
865	0	5	0	0	0.978539407996455	0	0	42.9171784201001	0	585.822916666667
866	0	5.88888888888889	0	0	0.959935309223515	0	0	35.3573241206953	0	2242.96739130433
867	0	8.22222222222222	0	0	0.316486026061194	0	0	44.7077965542397	0	983.914772727272
868	0	16	0	0	0.549453169355922	0	0	35.4276738641471	0	1943.07142857143
869	0	3.66666666666667	0	0	0.931891116296094	0	0	32.565364441213	0	576.04
870	0	16.1111111111111	0	0	0.688795743305201	0	0	37.5727942660231	0	1770.85135135136
871	0	13.7777777777778	0	0	0.588366225070184	0	0	32.142670960324	0	1657.3125
872	0	8.66666666666667	0	0	0.81503267604792	0	0	35.4494654910156	0	1230.41666666667
873	0	7	0	0	0.275817602921742	0	0	39.7801935126033	0	592.986842105263
874	0	12.1111111111111	0	0	0.531611933589782	0	0	35.5173457465716	0	1605.89024390244
875	0	0.777777777777778	0	0	0	0	0	0	0	246.44
876	0	7.11111111111111	0	0	0.581196647178156	0	0	40.9449804883599	0	851.868055555557
877	0	3.33333333333333	0	0	0.441170476593334	0	0	40.130468571738	0	413.1
878	0	9.33333333333333	0	0	0.68750783904712	0	0	39.5643722562468	0	1071.4375
879	0	5.11111111111111	0	0	0.834732886338348	0	0	39.7530556897247	0	688.453125
880	0	4.88888888888889	0	0	0.957550734473588	0	0	39.6266787516489	0	1421.76704545455
881	0	14.8888888888889	0	0	0.386275005339035	0	0	34.1527534966093	0	1318.9625
882	0	5.77777777777778	0	0	0.766087737253883	0	0	39.1154980556771	0	576.271739130434
883	0	6.44444444444444	0	0	0.625704423784454	0	0	33.7500703045162	0	1444.34482758621
884	0	0.444444444444444	0	0	0	0	0	0	0	100.033333333333
885	0	3	0	0	0.766398154173425	0	0	34.8704282350483	0	511.625
886	0	3.22222222222222	0	0	0.840523829672472	0	0	32.3085669645183	0	983.356481481481
887	0	0.444444444444444	0	0	0	0	0	0	0	263.558823529413
888	0	8.77777777777778	0	0	0.521947922428114	0	0	39.5607822686273	0	972.413793103447
889	0	4.77777777777778	0	0	0.182457231347102	0	0	43.7298629549707	0	806.440000000002
890	0	5.33333333333333	0	0	0.732714239637701	0	0	43.0272989809517	0	574.71551724138
891	0	4.66666666666667	0	0	0.94908902456723	0	0	42.1886801990765	0	535.25
892	0	4.33333333333333	0	0	0.847923155643865	0	0	39.6898868931116	0	739.722826086958
893	0	22.8888888888889	0	0	0.502357288816087	0	0	31.395626137395	0	2063.94594594595
894	0	9.11111111111111	0	0	0.605242898785813	0	0	40.3449444545097	0	2604.54779411764
895	0	7.66666666666667	0	0	0.622763509008682	0	0	39.8381285480023	0	1007.95192307693
896	0	3.33333333333333	0	0	0.528495113918931	0	0	39.7162872777377	0	949.10714285714
897	0	0.333333333333333	0	0	0	0	0	0	0	649.281250000003
898	0	7	0	0	0.71416171815316	0	0	39.7508431608943	0	771.344827586206
899	0	11.5555555555556	0	0	0.336047248600606	0	0	38.3700806170335	0	1495.65865384614
900	0	4.55555555555556	0	0	0.953699748226052	0	0	43.8525251617785	0	702.342948717945
901	0	3.77777777777778	0	0	0.841156081152548	0	0	34.5939891342663	0	689.41847826087
902	0	6.22222222222222	0	0	0.67628739891119	0	0	30.4178202053582	0	1549.64
903	0	22.7777777777778	0	0	0.538284449164046	0	0	30.9707914542775	0	2757.58823529413
904	0	7.88888888888889	0	0	0.858218325287077	0	0	40.7914786114626	0	1182.05405405406
905	0	7.55555555555555	0	0	0.856634054818347	0	0	39.0906294878279	0	1059.46036585366
906	0	0.555555555555555	0	0	0	0	0	0	0	564.771739130436
907	0	4.88888888888889	0	0	0.752663578934299	0	0	39.9343680249743	0	1188.50000000001
908	0	0.333333333333333	0	0	0	0	0	0	0	35.0625
909	0	4.11111111111111	0	0	0.275709232272525	0	0	43.7942887488745	0	466.902777777779
910	0	11.5555555555556	0	0	0.364533080116872	0	0	35.5628186315793	0	1296.06
911	0	6.44444444444444	0	0	0.666101423723052	0	0	42.7059656031095	0	780.395833333335
912	0	21.8888888888889	0	0	0.390377020127724	0	0	36.8325747660946	0	2063.67447916666
913	0	5.33333333333333	0	0	0.80169830558729	0	0	41.845062519953	0	634.618749999999
914	0	4.11111111111111	0	0	0.860450956796303	0	0	35.9635285936341	0	1432.38671875
915	0	4.55555555555556	0	0	0.993425787022402	0	0	46.6636869898067	0	539.214999999999
916	0	4.66666666666667	0	0	0.579554707831931	0	0	41.1731613547168	0	717.553571428571
917	0	27.8888888888889	0	0	0.728213606552077	0	0	28.0473167598679	0	2824.24038461536
918	0	14.1111111111111	0	0	0.532515771885161	0	0	26.8038845821203	0	3170.3658536585
919	0	11.2222222222222	0	0	0.736876519819209	0	0	34.2341375621454	0	1380.24324324325
920	0	23.3333333333333	0	0	0.436552379411594	0	0	27.9468019515438	0	2617.59635416668
921	0	15.6666666666667	0	0	0.581338128967976	0	0	31.2397446352475	0	2311.39189189189
922	0	4.55555555555556	0	0	0.193463379726182	0	0	50.3048061936168	0	349.180555555556
923	0	14.6666666666667	0	0	0.425353421757739	0	0	40.1709096906789	0	1383.23397435898
924	0	5.22222222222222	0	0	0.915403816574121	0	0	42.810760225503	0	681.348214285714
925	0	25	11.6666666666667	0	0.539437085135808	0.436045516043162	0	29.8099758051443	29.2715046373525	29495.078125
926	0	5.44444444444444	0	0	0.681356520539817	0	0	43.5267939255016	0	644.318181818183
927	0	7.22222222222222	0	0	0.608927933430293	0	0	37.7481381391757	0	1095.52777777778
928	0	6.44444444444444	0	0	0.659788487701618	0	0	35.9103776152442	0	982.499999999999
929	0	6.33333333333333	0	0	0.261408674036294	0	0	40.7118144076088	0	1806.9375
930	0	8.33333333333333	0	0	0.231656311993617	0	0	43.3946618646011	0	1138.44907407407
931	0	6.66666666666667	0	0	0.907019697253251	0	0	39.5610871544654	0	1302.5849056604
932	0	7.33333333333333	0	0	0.684850941532683	0	0	41.743736864792	0	848.084999999998
933	0	8.88888888888889	0	0	0.380045714983343	0	0	36.4243624751665	0	1124.92857142857
934	0	7.33333333333333	0	0	0.74009775080704	0	0	40.4223683349231	0	831.944852941174
935	0	7.55555555555555	0	0	0.679937357988552	0	0	39.5273831289392	0	770.76
936	0	7.55555555555555	0	0	0.734250323407025	0	0	40.3065624252981	0	934.849999999999
937	0	4.55555555555556	0	0	0.722320234326368	0	0	47.719430097299	0	472.29347826087
938	0	6.77777777777778	0	0	0.765757115297571	0	0	39.3196676748152	0	878.53125
939	0	17.1111111111111	0	0	0.706083621270446	0	0	34.9720894110159	0	1831.52027027029
940	0	10.2222222222222	0	0	0.542080184327748	0	0	37.4105775108033	0	997.560000000002
941	0	19.3333333333333	0	0	0.995677344606259	0	0	31.7340712641672	0	12220.140625
942	0	0.666666666666667	0	0	0	0	0	0	0	545.344827586207
943	0	0.666666666666667	0	0	0	0	0	0	0	126.97619047619
944	0	4.55555555555556	0	0	0.990857368871001	0	0	45.4190654514685	0	537.947916666667
945	0	3.66666666666667	0	0	0.796972584437602	0	0	37.7983732940023	0	867.8125
946	0	2.22222222222222	0	0	0.413745010630283	0	0	49.1666115668856	0	252.826923076922
947	0	5.55555555555555	0	0	0.905522415780553	0	0	39.7695012233735	0	1327.01453488372
948	0	5.88888888888889	0	0	0.452518206564915	0	0	39.2460885109565	0	878.470588235295
949	0	9.88888888888889	0	0	0.287027285188549	0	0	33.4281402183106	0	1421.70588235294
950	0	6.44444444444444	0	0	0.653133663356823	0	0	41.1099918050808	0	755.09375
951	0	7.33333333333333	0	0	0.495925211634427	0	0	29.4900208856811	0	1568.68103448276
952	0	6	0	0	0.941462871973187	0	0	41.8206111054505	0	712.516304347825
953	0	10.4444444444444	0	0	0.687650001584723	0	0	35.3362846230477	0	1228.32267441861
954	0	5.11111111111111	0	0	0.819314567632054	0	0	39.4927110555576	0	580.086538461539
955	0	14.5555555555556	0	0	0.682529811529256	0	0	34.0246856177501	0	1583.06428571428
956	0	6.77777777777778	0	0	0.811237839571804	0	0	33.1581564560527	0	965.4609375
957	0	9.88888888888889	0	0	0.690447754578092	0	0	33.3360757219534	0	1258.32352941177
958	0	1.11111111111111	0	0	0.353553390593274	0	0	50.9383575456548	0	152.125
959	0	6.44444444444444	0	0	0.77491489853171	0	0	40.4993211995965	0	785.581521739131
960	0	4.44444444444444	0	0	0.967267316002181	0	0	41.3964285635543	0	648.085227272727
961	0	6.44444444444444	0	0	0.715053305430503	0	0	39.2339504206607	0	971.434782608697
962	0	4.66666666666667	0	0	0.887573328084496	0	0	38.030263601534	0	1018.65217391305
963	0	13	0	0	0.41037073271212	0	0	34.6892396062624	0	1474.71710526317
964	0	6.55555555555555	0	0	0.870779069527813	0	0	38.6665884992547	0	926.189516129034
965	0	7.33333333333333	0	0	0.876667828553293	0	0	39.1277383269017	0	895.09782608696
966	0	4.66666666666667	0	0	0.836911185296302	0	0	41.6170883980737	0	635.865
967	0	5	0	0	0.810686962614349	0	0	41.5473959659288	0	640.146739130436
968	0	7.55555555555555	0	0	0.763144657287579	0	0	38.2931758606284	0	1061.77822580645
969	0	6.88888888888889	0	0	0.793111186572836	0	0	40.1054260750109	0	833.625000000001
970	0	18	0	0	0.493690623553177	0	0	33.6680609455799	0	1928.85227272728
971	0	5.88888888888889	0	0	0.79001184389195	0	0	41.1685126650741	0	655.38043478261
972	0	18.6666666666667	0	0	0.568143301918393	0	0	29.9283187615984	0	2980.99489795913
973	0	4.33333333333333	0	0	0.847923155643865	0	0	41.1824796228787	0	628.472826086956
974	0	8.33333333333333	0	0	0.865995210249157	0	0	35.8641621802224	0	1069.29166666667
975	0	5.66666666666667	0	0	0.964670967950292	0	0	39.3201189286147	0	736.532608695653
976	0	6.44444444444444	0	0	0.934495527289065	0	0	29.0467820391132	0	1869.11160714287
977	0	34	0	0	0.161343019966065	0	0	18.0372171673287	0	2919.37962962962
978	0	6.33333333333333	0	0	0.745992934273621	0	0	31.0366505139397	0	1341.625
979	0	5	0	0	1	0	0	35.4587856200254	0	904.989130434781
980	0	6	0	0	0.948367111390067	0	0	32.7617780310368	0	863.11956521739
981	0	5	0	0	0.50778179155868	0	0	21.1093646527333	0	647.884615384615
982	0	6.44444444444444	0	0	0.886351757016132	0	0	40.5370700096818	0	712.599999999998
983	0	4.66666666666667	0	0	0.877055728645187	0	0	41.0983170528098	0	623.078703703704
984	0	4.77777777777778	0	0	0.896394783661066	0	0	34.3297089020148	0	817.460000000001
985	0	4.55555555555556	0	0	0.990857368871001	0	0	39.1230713476807	0	732.697916666666
986	0	6.33333333333333	0	0	0.961886471266571	0	0	35.6445228541952	0	920.445652173914
987	0	8.22222222222222	0	0	0.852722887106849	0	0	34.9183791309873	0	1311.48076923077
988	0	14.5555555555556	0	0	0.424950960288789	0	0	36.5542164635514	0	1536.19444444446
989	0	5.22222222222222	0	0	0.870659094531107	0	0	42.2463625705955	0	670.423076923078
990	0	6.11111111111111	0	0	0.896168378442423	0	0	39.5283411026042	0	1005.11206896552
991	0	5.88888888888889	0	0	0.78470797672875	0	0	33.3346135206199	0	946.350961538461
992	0	3.66666666666667	0	0	0.931891116296094	0	0	44.4055646398747	0	492.432692307692
993	0	5.33333333333333	0	0	0.646143708263534	0	0	34.4440124692226	0	1343.94827586207
994	0	9.66666666666667	0	0	0.480188439432887	0	0	35.550244448955	0	1609.53804347826
995	0	5.22222222222222	0	0	0.685108757508686	0	0	34.1497986519732	0	1320.30952380952
996	0	7	0	0	0.779063854056486	0	0	35.3755019946649	0	1668.0892857143
997	0	10.1111111111111	0	0	0.952625853260068	0	0	37.1054408978428	0	1486.51041666667
998	0	6.11111111111111	0	0	0.963931750035645	0	0	39.7342078889678	0	1156.48275862069
999	0	6.66666666666667	0	0	0.838876713018896	0	0	40.6104418508327	0	593.749999999999
1000	0	10.8888888888889	0	0	0.263890971804057	0	0	33.0870668717509	0	1781.21511627908


