F:\AMNIS_data\pBGT-Bet-Hedging\chromosome\day-2_AMP_chromosome\rep-3\C08-noBF.daf
All

Object Number	Area_M01	Area_M02	Area_M04	Aspect Ratio_M01	Aspect Ratio_M02	Aspect Ratio_M04	Gradient RMS_M01_Ch01	Gradient RMS_M02_Ch02	Gradient RMS_M04_Ch04	Intensity_MC_Ch02
0	0	18.7777777777778	0	0	0.198705802145745	0	0	36.0785311080233	0	2327.42229729728
1	0	25.6666666666667	0	0	0.795097831054712	0	0	39.1654478724542	0	2578.98641304349
2	0	14	0	0	0.421617799586528	0	0	35.0378154934701	0	1849.19871794871
3	0	6.88888888888889	0	0	0.552503947844176	0	0	38.644101869626	0	893.846153846155
4	0	5.77777777777778	0	0	0.711191688202997	0	0	39.411642338027	0	822.616071428571
5	0	5.88888888888889	0	0	0.58052247436167	0	0	39.8141365882195	0	776.740384615386
6	0	9.22222222222222	0	0	0.401204383499593	0	0	37.3031672517029	0	1238.5
7	0	13.1111111111111	0	0	0.397574514820723	0	0	37.3261541712902	0	1652.43421052633
8	0	10.8888888888889	0	0	0.367982783134664	0	0	38.4869081482031	0	1396.68750000001
9	0	4.55555555555556	0	0	0.990857368871001	0	0	32.0512408502896	0	985.437499999999
10	0	5.66666666666667	0	0	0.777847357103175	0	0	40.3696397634042	0	655.916666666666
11	0	7.55555555555555	0	0	0.741046204343462	0	0	30.9645501801858	0	1395.375
12	0	30	0	0	0.584300443145802	0	0	37.8947793230698	0	3516.7916666667
13	0	11.8888888888889	0	0	0.313150948061832	0	0	38.9547402728219	0	1581.91118421053
14	0	9.22222222222222	0	0	0.801171174007568	0	0	36.4177095340898	0	1243.18548387097
15	0	7.55555555555555	0	0	0.741404975887895	0	0	38.7715645467893	0	842.25
16	0	5.33333333333333	0	0	0.866002637765478	0	0	44.1653689515787	0	688.054347826088
17	0	35.2222222222222	0	0	0.418448045365373	0	0	34.7794187834271	0	3538.8359375
18	0	15.3333333333333	0	0	0.236567735579664	0	0	37.4575385172716	0	2156.70270270271
19	0	25.8888888888889	0	0	0.326985390433265	0	0	35.6544793691401	0	2452.83189655177
20	0	12.7777777777778	0	0	0.228770667417408	0	0	38.4262030711051	0	1506.62499999999
21	0	18.3333333333333	0	0	0.357547309105622	0	0	35.61707461891	0	2334.60197368422
22	0	11.3333333333333	0	0	0.333240367614797	0	0	37.3325050521892	0	1400.97435897435
23	0	14.6666666666667	0	0	0.295368659128341	0	0	36.4838784065932	0	1980.85714285713
24	0	14.6666666666667	0	0	0.250254121757843	0	0	36.2328658741213	0	2013.27142857144
25	0	19.8888888888889	0	0	0.237903580227902	0	0	36.5686718717334	0	3023.39393939397
26	0	13.4444444444444	0	0	0.716575869638966	0	0	32.6606594449664	0	1349.21428571429
27	0	7.11111111111111	0	0	0.752846914567798	0	0	37.3209281247416	0	1190.9375
28	0	14.5555555555556	0	0	0.316519780919911	0	0	38.5597577887997	0	2015.57142857143
29	0	15.2222222222222	0	0	0.261411067604596	0	0	37.7071673333108	0	2111.35365853659
30	0	8.55555555555555	0	0	0.544232981697429	0	0	38.2113425259032	0	1369.12209302325
31	0	29.3333333333333	0	0	0.236453448393402	0	0	33.2520643497266	0	3156.30000000001
32	0	12	0	0	0.359914870969806	0	0	35.7684160907989	0	1406.56418918919
33	0	18.3333333333333	0	0	0.857547557600142	0	0	36.8794321238847	0	2198.04891304347
34	0	5.33333333333333	0	0	0.83289644101613	0	0	43.2446494834834	0	684.550000000001
35	0	10.8888888888889	0	0	0.35421201302199	0	0	38.7997530367375	0	1481.77604166667
36	0	10.6666666666667	0	0	0.834233952823372	0	0	36.7488754837201	0	1445.04999999999
37	0	9.11111111111111	0	0	0.804415832657408	0	0	35.804939970156	0	1255.125
38	0	7.55555555555555	0	0	0.920253331514896	0	0	34.9799068450918	0	1062.26041666667
39	0	8.88888888888889	0	0	0.867367280224924	0	0	35.6670486069841	0	982.434782608698
40	0	20	0	0	0.683890737641143	0	0	38.0723130882375	0	2326.37777777777
41	0	7	0	0	0.879967235660738	0	0	32.8425569787607	0	1632.23863636363
42	0	9.88888888888889	0	0	0.770225201878595	0	0	31.2638516725411	0	1276.39583333333
43	0	5.22222222222222	0	0	0.85722355501935	0	0	41.1247178359965	0	712.666666666665
44	0	8.11111111111111	0	0	0.862298268007024	0	0	30.8037000163046	0	1601.46153846154
45	0	14	0	0	0.261339214089429	0	0	39.1749397790787	0	1737.5197368421
46	0	7.44444444444444	0	0	0.89510061652588	0	0	36.9579373088714	0	922.03125
47	0	9.88888888888889	0	0	0.414845245572773	0	0	38.6834058286731	0	1337.84210526316
48	0	6.77777777777778	0	0	0.880218663701168	0	0	30.9806459096239	0	1287.36538461539
49	0	6.77777777777778	0	0	0.760393149984363	0	0	31.8853683097488	0	1252.25
50	0	9.77777777777778	0	0	0.906251726023394	0	0	29.4949020375219	0	1327.09895833333
51	0	5.55555555555555	0	0	0.860892045394467	0	0	35.1853117102232	0	1439.95833333333
52	0	21.4444444444444	0	0	0.681201096953602	0	0	30.6322690142239	0	10406.5
53	0	6.77777777777778	0	0	0.900592894969391	0	0	42.0928656549116	0	868.564102564102
54	0	8	0	0	0.445881587426955	0	0	40.8648981589977	0	1019.88571428572
55	0	4	0	0	0.839146382059225	0	0	41.4990198865517	0	495.342391304348
56	0	17.5555555555556	0	0	0.183525748656595	0	0	39.5926820748864	0	2007.77564102566
57	0	12.3333333333333	0	0	0.347940851409325	0	0	39.7495807745339	0	1462.96590909091
58	0	5.44444444444444	0	0	0.661747182328377	0	0	44.4770225038218	0	744.739130434783
59	0	7.77777777777778	0	0	0.921230937256163	0	0	30.8779964306053	0	1497.365
60	0	8.11111111111111	0	0	0.409297679848135	0	0	34.0927635344759	0	1269.22826086957
61	0	4.88888888888889	0	0	0.957550734473588	0	0	33.9604435487034	0	945.799999999999
62	0	7.33333333333333	0	0	0.828745733164707	0	0	32.3305813491081	0	1242.421875
63	0	4.33333333333333	0	0	0.847923155643865	0	0	31.2332534504403	0	1465.23
64	0	14	0	0	0.716154957058729	0	0	36.0530026909449	0	1799.68918918919
65	0	12.2222222222222	0	0	0.301390421422165	0	0	38.2530488909337	0	1452.76724137931
66	0	12.1111111111111	0	0	0.507170522176077	0	0	36.0209072246529	0	1270.8
67	0	6.88888888888889	0	0	0.878736255835703	0	0	28.9853506280054	0	1570.05769230769
68	0	6.55555555555555	0	0	0.881819337809624	0	0	31.0927117317226	0	1299.24
69	0	10.1111111111111	0	0	0.424736043936564	0	0	38.3581544369193	0	1241.50735294118
70	0	11	0	0	0.38910645202978	0	0	38.141697203678	0	1534.36363636364
71	0	19.6666666666667	0	0	0.420210565769172	0	0	30.6922622478461	0	2812.77857142858
72	0	10	0	0	0.889111778852855	0	0	33.809938509314	0	1068.84895833333
73	0	10.1111111111111	0	0	0.358124411013279	0	0	39.7085723677749	0	1280.91891891892
74	0	12.6666666666667	0	0	0.292153732383912	0	0	39.1100843811321	0	1780.91428571428
75	0	7	0	0	0.892621299007659	0	0	36.5964425827146	0	1256.546875
76	0	18.4444444444444	0	0	0.214517192507913	0	0	37.8916070520873	0	2379.48076923077
77	0	8.77777777777778	0	0	0.597156458012788	0	0	39.680626596226	0	997.864285714285
78	0	7.77777777777778	0	0	0.869032674483823	0	0	34.9147071713589	0	1171.89
79	0	15.5555555555556	0	0	0.300059459172448	0	0	36.350588375932	0	1997.77906976745
80	0	13.4444444444444	0	0	0.385739069448552	0	0	38.0425208175875	0	1675.20000000001
81	0	6.22222222222222	0	0	0.738332173512031	0	0	35.0209864948604	0	726.107142857144
82	0	10.2222222222222	0	0	0.503137004742726	0	0	35.54886511275	0	1389.83653846154
83	0	11.5555555555556	0	0	0.382104225839697	0	0	38.3028553123518	0	1491.34210526316
84	0	8.55555555555555	0	0	0.892214703126452	0	0	34.1100931906537	0	1216.1875
85	0	22.4444444444444	0	0	0.609290632402081	0	0	37.4409820796194	0	2677.9574468085
86	0	61.2222222222222	0	0	0.556322321345865	0	0	29.7670212165116	0	4761.6458333333
87	0	7	0	0	0.687130944883037	0	0	37.9380817323592	0	1018.64
88	0	21.4444444444444	0	0	0.243030612942536	0	0	35.7403397053236	0	2979.81578947371
89	0	5.11111111111111	0	0	0.846460831604151	0	0	44.2436935615834	0	684.661458333334
90	0	7.33333333333333	0	0	0.630145808074807	0	0	38.973567882334	0	795.87
91	0	8.66666666666667	0	0	0.455724284170236	0	0	39.1863957954162	0	1100.40540540541
92	0	13	0	0	0.267768428900783	0	0	39.4639751492054	0	1588.33012820512
93	0	14	0	0	0.339190818249562	0	0	35.491126782327	0	1748.71590909089
94	0	12.6666666666667	0	0	0.786122493378005	0	0	34.8976608861352	0	1878.00609756097
95	0	25.1111111111111	0	0	0.193969490685429	0	0	35.8772543208751	0	2987.109375
96	0	8.66666666666667	0	0	0.825567053512804	0	0	36.1240413728894	0	892.913043478261
97	0	25.5555555555556	0	0	0.308963827158118	0	0	35.3458065764106	0	3258.28658536583
98	0	6.77777777777778	0	0	0.730376161799591	0	0	39.3001639136491	0	973.5
99	0	9.77777777777778	0	0	0.43811407085577	0	0	38.2527560096548	0	1193.43181818182
100	0	7.33333333333333	0	0	0.803181005542755	0	0	32.400730134341	0	1188.5
101	0	3.44444444444444	0	0	0.966359431705101	0	0	32.0306669341676	0	1001.375
102	0	9.55555555555555	0	0	0.764192963420149	0	0	29.7665427146442	0	1574.5
103	0	6.88888888888889	0	0	0.521747948222495	0	0	41.1991272059693	0	850.125
104	0	5	0	0	1	0	0	39.8685909964472	0	970.229166666665
105	0	9.33333333333333	0	0	0.92308993779181	0	0	32.5996822035482	0	1030.875
106	0	13.3333333333333	0	0	0.872887945966323	0	0	33.1865403549552	0	10110.1696428572
107	0	3.66666666666667	0	0	0.931891116296094	0	0	31.9039856968862	0	1068.5
108	0	11.5555555555556	0	0	0.331241707467012	0	0	40.654885953759	0	1673.1981707317
109	0	16.7777777777778	0	0	0.262069122540741	0	0	36.4303759342412	0	2203.52142857144
110	0	14.8888888888889	0	0	0.273455257513753	0	0	35.7975998057816	0	1730.88095238094
111	0	8.44444444444444	0	0	0.810683707660852	0	0	41.089043218248	0	1202.33333333334
112	0	17.5555555555556	0	0	0.430804947354089	0	0	32.0273654687818	0	2775.98750000002
113	0	8.66666666666667	0	0	0.479961916484697	0	0	41.2367529534567	0	1005.94230769231
114	0	11.3333333333333	0	0	0.411190754463679	0	0	36.7876062176925	0	1341.98387096774
115	0	14.3333333333333	0	0	0.289899141271396	0	0	36.6284473171157	0	1858.51689189191
116	0	24.8888888888889	0	0	0.847640452824152	0	0	31.0789719143166	0	2915.1838235294
117	0	7.22222222222222	0	0	0.489346159696735	0	0	40.7773419150805	0	929.18243243243
118	0	9.77777777777778	0	0	1	0	0	32.9580844206481	0	1433.3611111111
119	0	5.55555555555555	0	0	0.860892045394467	0	0	35.8615981874828	0	1044.08695652174
120	0	14.3333333333333	0	0	0.330365007164257	0	0	38.6854827205419	0	2229.04054054054
121	0	4.55555555555556	0	0	0.744210121432386	0	0	33.3811133974461	0	799.545
122	0	9.77777777777778	0	0	0.48917110095598	0	0	38.9363247882562	0	1259.91025641026
123	0	7.44444444444444	0	0	0.907369639949349	0	0	32.9808671507028	0	926.333333333334
124	0	5	0	0	0.910548443995082	0	0	34.1229717544091	0	665.893750000001
125	0	13.3333333333333	0	0	0.298441398415076	0	0	38.5675860570832	0	1906.53124999999
126	0	16.5555555555556	0	0	0.298778618421495	0	0	36.9833184832262	0	2171.43581081079
127	0	11.6666666666667	0	0	0.353283606379195	0	0	37.946235838398	0	1472.52702702703
128	0	14.1111111111111	0	0	0.314512659549537	0	0	40.3896258090312	0	1935.70689655173
129	0	10.6666666666667	0	0	0.685621311194753	0	0	36.5665330428555	0	1281.375
130	0	9.77777777777778	0	0	0.490661456738654	0	0	37.8716402787542	0	1220.16761363637
131	0	13.7777777777778	0	0	0.295790229796273	0	0	37.3948584281448	0	1830.81597222224
132	0	11.5555555555556	0	0	0.360047207465921	0	0	37.804500828395	0	1646.25714285715
133	0	12.6666666666667	0	0	0.326748562754274	0	0	37.7031978071099	0	1808.75
134	0	3.55555555555556	0	0	0.965614149388614	0	0	33.2679402161355	0	728.677083333333
135	0	12.8888888888889	0	0	0.285670205151892	0	0	39.5784331798753	0	2083.70454545453
136	0	2.88888888888889	0	0	0.839047078536121	0	0	38.6447880452686	0	758.286458333333
137	0	8.55555555555555	0	0	0.527142960325546	0	0	39.4729613205126	0	1188.5
138	0	1.22222222222222	0	0	0	0	0	0	0	539.314655172411
139	0	0.333333333333333	0	0	0	0	0	0	0	219.631578947369
140	0	19.4444444444444	0	0	0.242182767780389	0	0	32.2361047706989	0	2470.60810810809
141	0	3.11111111111111	0	0	0.837667444149498	0	0	36.734050367863	0	846.65625
142	0	3.66666666666667	0	0	0.931891116296093	0	0	38.707035413909	0	745.418478260869
143	0	9.66666666666667	0	0	0.897060924924043	0	0	32.6445458192021	0	1226.83854166667
144	0	12.7777777777778	0	0	0.297931924031741	0	0	39.6913539337475	0	1930.8125
145	0	13.6666666666667	0	0	0.602594203069577	0	0	39.1117289041409	0	6571.9431818182
146	0	7.77777777777778	0	0	0.510297790517599	0	0	39.13262726003	0	937.885714285712
147	0	12.2222222222222	0	0	0.309030603071643	0	0	37.450544504969	0	1692.28846153846
148	0	4.88888888888889	0	0	0.868722863564152	0	0	41.5174601168364	0	527
149	0	9.66666666666667	0	0	0.335471572259858	0	0	37.6088280003324	0	1916.27631578948
150	0	7.22222222222222	0	0	0.599664215849962	0	0	38.2020531364753	0	915.745192307694
151	0	10	0	0	0.860618097870592	0	0	35.0649788709055	0	1476.58
152	0	5.11111111111111	0	0	0.960965018132662	0	0	43.3580244959249	0	554.184210526316
153	0	12.2222222222222	0	0	0.292351276444911	0	0	38.9138822374624	0	1787.02631578946
154	0	21.8888888888889	0	0	0.429386538241186	0	0	37.8489162284469	0	2852.19062499999
155	0	14.6666666666667	0	0	0.301906254197607	0	0	39.6440301518203	0	1924.73161764705
156	0	16.4444444444444	0	0	0.306632658310709	0	0	38.1947658987426	0	1888.25581395349
157	0	22.1111111111111	0	0	0.209425821222554	0	0	37.667738972013	0	2522.32051282052
158	0	6.44444444444444	0	0	0.797912230887227	0	0	39.8677409067693	0	767
159	0	36.5555555555556	0	0	0.496356632668436	0	0	29.9051956230803	0	4398.95047169813
160	0	9.22222222222222	0	0	0.919365673924855	0	0	33.0040277061254	0	1276.11413043478
161	0	2.88888888888889	0	0	0.839047078536121	0	0	43.6631233906627	0	1562.00000000001
162	0	9.33333333333333	0	0	0.481623316842037	0	0	39.4460577302794	0	1141.48958333334
163	0	5.77777777777778	0	0	0.689558043237406	0	0	42.0260959172356	0	754.318181818183
164	0	14.3333333333333	0	0	0.708717685548928	0	0	32.9178671716745	0	1402.69270833334
165	0	8.22222222222222	0	0	0.911905572821698	0	0	29.4433752002166	0	1196.41666666667
166	0	9.66666666666667	0	0	0.368984621599393	0	0	39.8730914134541	0	1416.44687499999
167	0	4.11111111111111	0	0	0.874407449263834	0	0	43.0450924391927	0	574.062500000001
168	0	6.55555555555555	0	0	0.782670282351237	0	0	37.2923022328307	0	1046.79166666667
169	0	7.11111111111111	0	0	0.884615209628653	0	0	34.3472192729998	0	1331.02
170	0	11.7777777777778	0	0	0.366627958492329	0	0	37.7982196910413	0	1241.62500000001
171	0	17.4444444444444	6.66666666666667	0	0.942668981443542	0.86430898012749	0	32.5567038826779	32.1647499314707	18359.2424242424
172	0	10.1111111111111	0	0	0.578459494662007	0	0	36.4439060838966	0	1122.93055555556
173	0	12.1111111111111	0	0	0.328964792052232	0	0	39.0107818514875	0	1504.78846153847
174	0	16.7777777777778	0	0	0.520487388841447	0	0	35.9448367459346	0	1872.73928571429
175	0	13.6666666666667	0	0	0.304187934755013	0	0	37.3897542276143	0	1910.88461538462
176	0	20.1111111111111	0	0	0.866069460774801	0	0	38.2161910188904	0	2702.38461538461
177	0	6	0	0	0.937477844054274	0	0	30.5242483285761	0	1035.80769230769
178	0	5.11111111111111	0	0	0.685715465435076	0	0	33.4539074209939	0	1044.3125
179	0	6.55555555555555	0	0	0.534031655609163	0	0	42.4581516414454	0	751.392857142859
180	0	7	0	0	0.855859396740004	0	0	35.9803846621755	0	1306.32608695652
181	0	8	0	0	0.87370679634548	0	0	33.87930768178	0	1366.59375
182	0	9.88888888888889	0	0	0.450960220492441	0	0	39.2773767484087	0	1132.42857142857
183	0	13	0	0	0.233086594110267	0	0	37.7942569944452	0	1435.375
184	0	9.77777777777778	0	0	0.762498246795562	0	0	37.1180019817569	0	1243.41666666667
185	0	18.7777777777778	0	0	0.219293658190135	0	0	35.4781511108705	0	1964.23469387754
186	0	5.77777777777778	0	0	0.737763643519979	0	0	44.3327457564502	0	676.939999999999
187	0	13.7777777777778	0	0	0.366052508728158	0	0	37.8035198714935	0	2036.7894736842
188	0	5.66666666666667	0	0	0.861601511134024	0	0	33.445312219099	0	1595.8152173913
189	0	5.44444444444444	0	0	0.884667955170059	0	0	43.2609629435217	0	751.46153846154
190	0	13.5555555555556	0	0	0.808971184640658	0	0	35.0804705773824	0	5487.5
191	0	7.66666666666667	0	0	0.780142425178326	0	0	31.2274041198798	0	1456.16304347826
192	0	13.4444444444444	0	0	0.666914355923678	0	0	27.4744328282576	0	2278
193	0	20.6666666666667	0	0	0.243195023451164	0	0	38.1229208027881	0	2289.703125
194	0	5	0	0	0.804382183900186	0	0	43.7482306336258	0	612.274390243902
195	0	9.11111111111111	0	0	0.369426958412135	0	0	31.0211556349674	0	1892.40000000001
196	0	16.7777777777778	0	0	0.227496352111622	0	0	37.4427560316712	0	2116.484375
197	0	15.6666666666667	0	0	0.316243678031978	0	0	36.9748417312488	0	2213.04651162791
198	0	7.66666666666667	0	0	0.625975283273787	0	0	38.4759264784604	0	1068.34615384615
199	0	18.1111111111111	0	0	0.300392231910399	0	0	36.0406921935111	0	2234.61170212767
200	0	13.4444444444444	0	0	0.822395573670164	0	0	34.4924368402391	0	1399.328125
201	0	11.8888888888889	0	0	0.375494851865656	0	0	37.8193755364671	0	1792.03571428573
202	0	8.88888888888889	0	0	0.513847547632968	0	0	40.5630467167039	0	1199.11805555556
203	0	9.55555555555555	0	0	0.38027268926857	0	0	35.6635266627853	0	1452.85483870968
204	0	10.4444444444444	0	0	0.423722962136142	0	0	37.9768029724078	0	1519.8515625
205	0	12.2222222222222	0	0	0.867909350844914	0	0	37.4686923646126	0	8134.87053571425
206	0	9.22222222222222	0	0	0.517748404934341	0	0	38.6675904177033	0	978.058333333332
207	0	17.7777777777778	0	0	0.21425316816958	0	0	38.4596109146657	0	1630.25641025642
208	0	1.88888888888889	0	0	0.395204519933749	0	0	56.31207927279	0	237.573863636364
209	0	0.444444444444444	0	0	0	0	0	0	0	85.3846153846154
210	0	5.11111111111111	0	0	0.463936483452747	0	0	41.7425068917144	0	509.329545454546
211	0	0.555555555555555	0	0	0	0	0	0	0	262.1875
212	0	5.44444444444444	0	0	0.889612689883083	0	0	38.9364364195451	0	1001
213	0	4	0	0	0.62265750620421	0	0	41.2735764552993	0	507.916666666666
214	0	4.88888888888889	0	0	0.958563570234378	0	0	38.2907622525291	0	735.7265625
215	0	0.888888888888889	0	0	0	0	0	0	0	130.125
216	0	3.66666666666667	0	0	0.379967486030522	0	0	51.3219385599931	0	506.839285714285
217	0	1.22222222222222	0	0	0	0	0	0	0	241.590909090909
218	0	8.88888888888889	0	0	0.388524508807704	0	0	39.0004696656148	0	1443.25
219	0	7.55555555555555	0	0	0.599052701850585	0	0	37.0542408754072	0	1154.49999999999
220	0	3.66666666666667	0	0	0.931891116296093	0	0	36.5972006084418	0	680.96875
221	0	11	0	0	0.326109767738485	0	0	36.4017367799149	0	1360.66891891892
222	0	5	0	0	0.854848169848196	0	0	30.538423415649	0	1029.5
223	0	12.6666666666667	0	0	0.273624921791857	0	0	36.9775525254631	0	1804.86363636365
224	0	10	0	0	0.445858944210714	0	0	40.0888707222488	0	1144.75
225	0	15.8888888888889	0	0	0.267991132259332	0	0	38.6103321081196	0	1799.93421052632
226	0	10.6666666666667	0	0	0.321919361036312	0	0	38.2319709144163	0	1394.05555555555
227	0	21.5555555555556	0	0	0.694899355156487	0	0	35.9818729904371	0	1525.15217391304
228	0	6	0	0	0.781113830948647	0	0	42.0084307996104	0	716.863636363638
229	0	6	0	0	0.948367111390071	0	0	33.5612249872155	0	948.562499999999
230	0	11.3333333333333	0	0	0.326937044825022	0	0	34.2078586883159	0	1300.62931034483
231	0	15.7777777777778	0	0	0.265409915210248	0	0	38.5045990904001	0	2053.75
232	0	11.2222222222222	0	0	0.332117055629993	0	0	38.7021889052334	0	1552.8695652174
233	0	8.11111111111111	0	0	0.862994997020868	0	0	30.7371255002841	0	1440.5
234	0	20.8888888888889	0	0	0.868523082489911	0	0	29.7232782606692	0	13842.0403225806
235	0	7.44444444444444	0	0	0.385859470369752	0	0	40.4297543190396	0	1132.64705882353
236	0	7.66666666666667	0	0	0.252590141302367	0	0	46.7787216633542	0	911.500000000001
237	0	5.44444444444444	0	0	0.832645117893126	0	0	42.5321124624714	0	718.261904761904
238	0	22.6666666666667	0	0	0.587309522219194	0	0	38.1366340729038	0	2502.29999999997
239	0	30.7777777777778	0	0	0.271507904021612	0	0	36.0954865862548	0	3650.07692307694
240	0	12.7777777777778	0	0	0.461061621640535	0	0	35.8683172809557	0	1364.41891891892
241	0	6.88888888888889	0	0	0.879786214889518	0	0	31.3585768986642	0	1276.8125
242	0	8	0	0	0.455052677560658	0	0	39.4561848899644	0	996.145270270271
243	0	6.44444444444444	0	0	0.900642988293968	0	0	37.8922457193141	0	994.749999999998
244	0	9	0	0	0.95487043534631	0	0	34.1273546995569	0	952.28125
245	0	9.22222222222222	0	0	0.3130620182739	0	0	41.7247464855698	0	1888.67091836734
246	0	7.88888888888889	0	0	0.921111010454779	0	0	32.5216348797187	0	1015.07608695652
247	0	5.33333333333333	0	0	0.888956636984631	0	0	40.4247989392052	0	766.403409090908
248	0	10.3333333333333	0	0	0.351523299171884	0	0	39.2818450895684	0	1314.85294117647
249	0	18	0	0	0.290777104057526	0	0	36.213280370264	0	2098.615625
250	0	4	0	0	0.839146382059225	0	0	36.392534461842	0	1301.69565217391
251	0	23.3333333333333	0	0	0.224608186897281	0	0	35.7013896025843	0	2564.82371794872
252	0	10.6666666666667	0	0	0.244280826013686	0	0	37.1561052318855	0	1288.27127659574
253	0	5.77777777777778	0	0	0.730310049014354	0	0	41.7703570754555	0	611.13043478261
254	0	15.5555555555556	0	0	0.432607974766248	0	0	34.4381550004957	0	2112.0523255814
255	0	6.11111111111111	0	0	0.949695445578049	0	0	37.4786664845005	0	1159.52678571429
256	0	3.77777777777778	0	0	0.996017507076946	0	0	43.7841652906149	0	787.679347826088
257	0	7.33333333333333	0	0	0.85536323727673	0	0	34.8112304783233	0	1907.30434782608
258	0	11.1111111111111	0	0	0.391431398393159	0	0	38.5619506699665	0	1426.5
259	0	4.88888888888889	0	0	0.957550734473588	0	0	37.8978244285331	0	1117.46634615385
260	0	14.2222222222222	0	0	0.232075309059402	0	0	39.6858911491115	0	1547.15853658538
261	0	7.77777777777778	0	0	0.962397538530522	0	0	32.849965798788	0	1005.25
262	0	11.8888888888889	0	0	0.43185478675831	0	0	37.3906943316012	0	1756.77631578946
263	0	8.22222222222222	0	0	0.725498399964968	0	0	39.0096602546386	0	1149.88043478261
264	0	13.3333333333333	0	0	0.338765434427473	0	0	36.5400648927732	0	1695.75
265	0	16.7777777777778	0	0	0.309605475298544	0	0	36.2864402432436	0	2055.33333333334
266	0	20.6666666666667	0	0	0.23948551021039	0	0	36.6223343913595	0	2985.70930232561
267	0	13	0	0	0.328838837733094	0	0	39.3258530794469	0	1660.50000000001
268	0	11.5555555555556	0	0	0.349347738130933	0	0	39.602010234052	0	1624.87499999999
269	0	14.7777777777778	0	0	0.283235447360565	0	0	38.5954466819712	0	1924.46621621623
270	0	10.4444444444444	0	0	0.460938119028874	0	0	37.6227183945636	0	1419.79296875
271	0	16.8888888888889	0	0	0.288277577359288	0	0	38.0892168805314	0	1829.13520408163
272	0	15.1111111111111	0	0	0.309279745092022	0	0	38.4237066747895	0	1983.93902439024
273	0	8.22222222222222	0	0	0.426240423977548	0	0	39.0246454667245	0	1129.17857142857
274	0	10.3333333333333	0	0	0.330910990773819	0	0	35.8582393917147	0	1320.45833333333
275	0	6.33333333333333	0	0	0.542053013771315	0	0	37.1126458751674	0	815.239130434781
276	0	14.1111111111111	0	0	0.313433295608272	0	0	37.0960695095589	0	1687.39285714287
277	0	11.1111111111111	0	0	0.399175863697094	0	0	38.3975537295304	0	1331.51013513513
278	0	18.1111111111111	0	0	0.227338520236322	0	0	35.1456308783409	0	1913.25862068964
279	0	13.5555555555556	0	0	0.290244191490635	0	0	38.8809221652899	0	1725.75
280	0	10.7777777777778	0	0	0.37757492078749	0	0	39.5556590123855	0	1241.74107142857
281	0	12.4444444444444	0	0	0.337537340492926	0	0	35.9558497939945	0	1721.21323529411
282	0	7.22222222222222	0	0	0.501142477901528	0	0	40.8060989191546	0	1328.30067567568
283	0	6.88888888888889	0	0	0.469713187654347	0	0	38.0105513775858	0	913.827205882354
284	0	15.1111111111111	0	0	0.241042590234657	0	0	37.9209978837212	0	2092.51136363635
285	0	13.8888888888889	0	0	0.299563792873062	0	0	37.9293361330815	0	1544.58108108108
286	0	17.8888888888889	0	0	0.772917571807464	0	0	33.0615424126666	0	2059.51515151515
287	0	6.44444444444444	0	0	0.67157067026512	0	0	38.7117184621704	0	869.390624999998
288	0	10.3333333333333	0	0	0.42897478445278	0	0	37.854623332098	0	1376.84765625
289	0	8.44444444444444	0	0	0.519777196507258	0	0	40.2576104101903	0	938.525862068968
290	0	5.88888888888889	0	0	0.742306629372469	0	0	40.7571081257171	0	777.273809523809
291	0	6.11111111111111	0	0	0.595468866136546	0	0	42.5661898263824	0	740.333333333335
292	0	14.6666666666667	0	0	0.267045196999087	0	0	39.7916354597225	0	1653.89285714287
293	0	7.66666666666667	0	0	0.439578824423099	0	0	41.2906459060202	0	828.57142857143
294	0	9.77777777777778	0	0	0.297935940441618	0	0	38.5096836694802	0	1218.87132352941
295	0	6	0	0	0.801259651864643	0	0	32.135288229283	0	1005.845
296	0	11.4444444444444	0	0	0.345953016171109	0	0	37.2223498712918	0	1527.08333333334
297	0	13.4444444444444	0	0	0.337472290533834	0	0	36.8795114161361	0	1519.74242424242
298	0	10	0	0	0.380815711989636	0	0	38.0237403641939	0	1319.20689655172
299	0	11	0	0	0.364353082207066	0	0	37.7733438268876	0	1233.3
300	0	6.55555555555555	0	0	0.541111446728394	0	0	41.5369389349755	0	799.859375
301	0	24.6666666666667	0	0	0.520444999566683	0	0	32.8417793251875	0	2281.9166666667
302	0	12.1111111111111	0	0	0.395811987392321	0	0	37.0996458353937	0	1462.46428571429
303	0	18.6666666666667	0	0	0.270887137288454	0	0	37.2403820846096	0	1873.25714285715
304	0	25.7777777777778	0	0	0.835912515983572	0	0	33.5240081598629	0	3080.25595238089
305	0	11.6666666666667	0	0	0.323365985408876	0	0	38.8645734087353	0	1543.19078947368
306	0	10.2222222222222	0	0	0.312510811418019	0	0	39.2448056308895	0	1407.0945945946
307	0	19.7777777777778	0	0	0.267353328882913	0	0	37.2073572038127	0	2377.08445945945
308	0	17.5555555555556	0	0	0.30229403497756	0	0	32.7333150202362	0	2095.78571428571
309	0	6.22222222222222	0	0	0.859579718336389	0	0	41.8763456031091	0	734.138888888889
310	0	11.2222222222222	0	0	0.389395117772786	0	0	38.1225422283079	0	1366.4375
311	0	10	0	0	0.457233513839322	0	0	39.3626616454464	0	1238.29374999999
312	0	7	0	0	0.868233943090698	0	0	28.0885528136613	0	1194.96022727273
313	0	23.3333333333333	0	0	0.716367152544318	0	0	27.5936657661035	0	4613.56136363631
314	0	7.88888888888889	0	0	0.420896733361665	0	0	40.9629428478364	0	1136.95
315	0	23.6666666666667	0	0	0.568707391339426	0	0	38.1593502859038	0	3475.23317307688
316	0	7.77777777777778	0	0	0.452434131448665	0	0	37.8918510346594	0	924.822368421055
317	0	23.4444444444444	0	0	0.456768202482163	0	0	35.70761249376	0	2483.76744186047
318	0	10.3333333333333	0	0	0.373805956782779	0	0	39.6738658861993	0	1161.31818181818
319	0	7.44444444444444	0	0	0.74077027298402	0	0	38.4927116813487	0	958.653846153845
320	0	6.55555555555555	0	0	0.629946711212116	0	0	40.9587508393355	0	922.892857142858
321	0	9.22222222222222	0	0	0.398476790549694	0	0	39.5185063771737	0	1110.325
322	0	15.3333333333333	0	0	0.316578685102666	0	0	34.001329618299	0	2313.67105263159
323	0	7.55555555555555	0	0	0.510470952298742	0	0	39.528823052628	0	842.756410256408
324	0	6.11111111111111	0	0	0.896168378442422	0	0	42.5523172426412	0	998.634615384617
325	0	11.7777777777778	0	0	0.369274284883455	0	0	39.9488792479706	0	1911.11486486486
326	0	11.4444444444444	0	0	0.381681555428732	0	0	34.854100136105	0	1492.97916666666
327	0	11.5555555555556	0	0	0.361152325949532	0	0	36.7846496195743	0	1518.53571428571
328	0	8	0	0	0.432404806016162	0	0	38.181974290734	0	992.870689655168
329	0	9.55555555555555	0	0	0.495293518700393	0	0	36.6540980708289	0	1261.48484848485
330	0	13.6666666666667	0	0	0.486209775803756	0	0	32.1772547413865	0	1586.48749999999
331	0	17.5555555555556	0	0	0.28519579735261	0	0	38.4564994258849	0	2217.11280487805
332	0	11.3333333333333	0	0	0.343370683563983	0	0	35.6348023149425	0	1989.13194444443
333	0	13.4444444444444	0	0	0.299925305271868	0	0	39.2642435447294	0	1517.89825581394
334	0	9.77777777777778	0	0	0.461066703803679	0	0	39.2692962962497	0	1097.41666666667
335	0	9.77777777777778	0	0	0.425086987752353	0	0	36.9440101550125	0	1345.68548387097
336	0	5.55555555555555	0	0	0.886294731857806	0	0	43.4508691192335	0	729.57608695652
337	0	4.77777777777778	0	0	0.96773088587926	0	0	31.2236573477678	0	991.75
338	0	9.88888888888889	0	0	0.376429569787042	0	0	41.1867889857874	0	1327.375
339	0	10.7777777777778	0	0	0.421669686460174	0	0	37.4179772191728	0	1293.08620689655
340	0	6.66666666666667	0	0	0.433428671841997	0	0	40.2774127992137	0	802.965517241381
341	0	20	0	0	0.592840554049187	0	0	35.4426186513418	0	2443.7818627451
342	0	15.1111111111111	0	0	0.568341016385046	0	0	37.766163962096	0	2050.08333333334
343	0	26.3333333333333	0	0	0.345376656599417	0	0	37.8462020492509	0	2605.08018867925
344	0	10.6666666666667	0	0	0.370784878667304	0	0	36.6866211101371	0	1512.17187499999
345	0	11.7777777777778	0	0	0.376110017409828	0	0	37.4758709586355	0	1307.48571428572
346	0	10.8888888888889	0	0	0.30120327223725	0	0	38.8056166550532	0	1576.17307692308
347	0	8.66666666666667	0	0	0.540077950796646	0	0	32.6550435537354	0	1937.98387096775
348	0	5.33333333333333	0	0	0.888956636984631	0	0	38.2051255162666	0	2475.60294117648
349	0	12.4444444444444	0	0	0.294684757533508	0	0	38.0939189444031	0	1664.54166666666
350	5	9.33333333333333	4.55555555555556	0.782884469736798	0.824873834061109	0.750800921160136	40.603169447988	42.958038142382	44.9226519973468	12446.6057692308
351	0	14.7777777777778	0	0	0.305192808022223	0	0	37.6820780749246	0	1887.73648648648
352	0	4.77777777777778	0	0	0.884054661709886	0	0	47.5363739858061	0	542.578125
353	0	11.3333333333333	0	0	0.387338383830387	0	0	38.5891757651368	0	1435.2361111111
354	0	22.3333333333333	0	0	0.168238113256791	0	0	39.2408903554764	0	2972.02564102567
355	0	11.4444444444444	0	0	0.391064814737355	0	0	37.7360938887157	0	1853.78787878789
356	0	10.8888888888889	0	0	0.326669795052958	0	0	39.1147523970381	0	1512.43243243242
357	6.88888888888889	13.4444444444444	6.55555555555555	0.53930247963037	0.697693530662406	0.595200644329697	37.3200250717177	38.0769336930995	37.6959794555688	18294.7430555555
358	0	5.22222222222222	0	0	0.889851536922555	0	0	31.6865435076943	0	1022.625
359	0	7.88888888888889	0	0	0.735837719055811	0	0	39.9014816716745	0	1000
360	0	15.5555555555556	0	0	0.254780205513403	0	0	36.9760667594741	0	2013.78365384613
361	0	7	0	0	0.508205636805939	0	0	39.1879029479515	0	795.922413793102
362	0	11.6666666666667	0	0	0.329736513992853	0	0	38.3928017273052	0	1562.36206896552
363	0	4.88888888888889	0	0	0.637847378933364	0	0	38.9114450346528	0	778.5
364	0	18.6666666666667	0	0	0.414139212120654	0	0	32.2801209260748	0	2494.625
365	0	13	0	0	0.695489409753173	0	0	30.5975363040364	0	1425.546875
366	0	44.3333333333333	0	0	0.708928923974615	0	0	29.7034056081893	0	3547.62499999999
367	0	9.44444444444444	0	0	0.887867909843566	0	0	37.9296434602258	0	1234.8
368	0	7.88888888888889	0	0	0.893543043186973	0	0	31.2445643990675	0	1090.88541666667
369	0	9.88888888888889	0	0	0.434325682399361	0	0	40.8854238434064	0	1283.66216216216
370	0	14.7777777777778	0	0	0.633436191219415	0	0	36.1422834107775	0	2206.68611111111
371	0	13.1111111111111	0	0	0.354889772748949	0	0	35.5819572451713	0	1803
372	0	5.77777777777778	0	0	0.994579424241076	0	0	39.4224794249234	0	723.902173913042
373	0	8.66666666666667	0	0	0.853334902314954	0	0	39.0264443166401	0	916.685185185187
374	0	5.77777777777778	0	0	0.691657466353358	0	0	41.7171164979445	0	776.965909090909
375	0	12.8888888888889	0	0	0.357180346502043	0	0	36.2635426225918	0	1867.17741935483
376	0	5.22222222222222	0	0	0.84880600079136	0	0	30.4284623323712	0	775.010869565219
377	0	6.55555555555555	0	0	0.897480759463367	0	0	39.6126702471729	0	818.307692307692
378	0	15.7777777777778	0	0	0.288147271941511	0	0	37.4865800912943	0	1933.08125000001
379	0	13.7777777777778	0	0	0.281516694947283	0	0	39.6132563136229	0	2505.44871794872
380	0	6.55555555555555	0	0	0.577059968462978	0	0	37.795056640328	0	907.284090909094
381	0	6.88888888888889	0	0	0.839073916754336	0	0	36.514193218796	0	982.571428571427
382	0	10.5555555555556	0	0	0.384576282732854	0	0	38.195982824572	0	1321.1875
383	0	9.44444444444444	0	0	0.934280948150817	0	0	35.5224883189368	0	1230.78125
384	0	4.22222222222222	0	0	0.859439563690411	0	0	41.5317074472746	0	640.38
385	0	13.7777777777778	0	0	0.376141052105213	0	0	39.4526868548277	0	1724.18243243244
386	0	28.3333333333333	0	0	0.191924337813386	0	0	34.0850733245975	0	3063.51315789475
387	0	14.8888888888889	0	0	0.253118372152329	0	0	39.323644038383	0	1912.63513513513
388	0	26.3333333333333	0	0	0.724902463306533	0	0	32.4911038295885	0	2792.35416666668
389	0	13.1111111111111	0	0	0.313333363303488	0	0	36.2292774467484	0	1910.80714285715
390	0	17.7777777777778	0	0	0.260277838252302	0	0	39.1136767078054	0	2103.63414634147
391	0	7.33333333333333	0	0	0.878547344345434	0	0	32.7272853127243	0	1606
392	0	8.11111111111111	0	0	0.856687508766955	0	0	32.4477955565293	0	1434.80208333334
393	0	8.22222222222222	0	0	0.915283382565445	0	0	30.1591067046604	0	992.197916666665
394	0	12.8888888888889	0	0	0.801449595376507	0	0	30.1858395654753	0	1759.375
395	0	6.66666666666667	0	0	0.692192604319391	0	0	38.2122125694421	0	737.547619047618
396	0	9.22222222222222	0	0	0.631340284669401	0	0	38.1276965733071	0	1377.875
397	0	11.3333333333333	0	0	0.312196126857582	0	0	40.7659321182749	0	1499.66554054054
398	0	14.1111111111111	0	0	0.275600771752541	0	0	39.0498506215761	0	1986.82720588236
399	0	30.3333333333333	0	0	0.280643349109653	0	0	37.3640007358123	0	2767.359375
400	0	14.3333333333333	0	0	0.315214526079872	0	0	36.7682650116244	0	1691.52857142858
401	0	0	0	0	0	0	0	0	0	1.39999999999998
402	0	4.11111111111111	0	0	0.80786553638162	0	0	30.5829353235651	0	884.702380952382
403	0	13.2222222222222	0	0	0.272911271181331	0	0	37.2006924400024	0	1607.12500000001
404	0	9.22222222222222	0	0	0.786119145827858	0	0	31.1319060297425	0	964.999999999999
405	0	7	0	0	0.881542380403278	0	0	39.7494592285272	0	1059.72413793103
406	0	22.3333333333333	0	0	0.870405091104652	0	0	28.8355505777123	0	14658.4090909091
407	0	8.55555555555555	0	0	0.970854828741859	0	0	39.7764079227674	0	1056.16964285714
408	0	7.44444444444444	0	0	0.933570460465551	0	0	37.7615973963048	0	1146.86249999999
409	0	4.55555555555556	0	0	0.990857368870992	0	0	28.108716545023	0	1487.05
410	0	8.44444444444444	0	0	0.4359278489991	0	0	39.0689141532773	0	1130.84913793103
411	0	11.5555555555556	0	0	0.414301968788137	0	0	38.3871578091842	0	1312.49652777777
412	0	19.8888888888889	0	0	0.252996015114232	0	0	34.9989073213626	0	2257.25
413	0	11.3333333333333	0	0	0.871824569926642	0	0	31.4097183616514	0	1825.82692307692
414	0	10.1111111111111	0	0	0.361405139568564	0	0	37.4718559412441	0	1336.97727272727
415	0	13.8888888888889	0	0	0.302770408264848	0	0	39.1073490515756	0	2007.8888888889
416	0	6.22222222222222	0	0	0.542444065870855	0	0	37.2225522135814	0	787.437499999999
417	0	9.33333333333333	0	0	0.946896486392909	0	0	30.8919447570256	0	1646.245
418	0	12.2222222222222	0	0	0.363290632491364	0	0	37.7164354254925	0	1629.73125000001
419	0	16.3333333333333	0	0	0.279885387480594	0	0	36.4205746247566	0	2059.78125
420	0	3.44444444444444	0	0	0.720576692122892	0	0	32.6661483162355	0	836.659090909091
421	0	6	0	0	0.948367111390069	0	0	34.6126345110616	0	1308.09375
422	0	19.1111111111111	0	0	0.235467844449871	0	0	38.218951409773	0	2362.3
423	0	10.2222222222222	0	0	0.426714913114199	0	0	39.4118023651117	0	1217.47972972973
424	0	4.77777777777778	0	0	0.917465778507082	0	0	30.1949438623252	0	1406.4
425	0	8.44444444444444	0	0	0.699838327509789	0	0	38.0434699292727	0	1009.98275862069
426	0	7.77777777777778	0	0	0.935411555079085	0	0	36.7025190274635	0	1026.875
427	0	20.5555555555556	0	0	0.460154499997071	0	0	34.4059292908947	0	2871.36250000002
428	0	24	0	0	0.389644413123954	0	0	33.5648506543927	0	2528.8875
429	0	6.88888888888889	0	0	0.911292771144125	0	0	37.1071916871367	0	1505.08
430	0	4.22222222222222	0	0	0.876798086630039	0	0	34.8717241697256	0	1728.40625
431	0	12.1111111111111	0	0	0.78749875378929	0	0	31.6675510186144	0	1594.47
432	0	7.66666666666667	0	0	0.948164030754128	0	0	31.3336332203207	0	1103.75
433	0	8.33333333333333	0	0	0.83131099540254	0	0	34.5055471536535	0	1052.94791666667
434	0	7.11111111111111	0	0	0.920322763023375	0	0	31.8893032157377	0	1641.25
435	0	7	0	0	0.954110670487982	0	0	32.2677526735138	0	865.227272727274
436	0	14.8888888888889	0	0	0.294020528987626	0	0	36.6719566918159	0	1879.71428571429
437	0	23.4444444444444	0	0	0.662205557860332	0	0	27.9693288544944	0	2903.20673076924
438	0	8.11111111111111	0	0	0.933044200516346	0	0	29.252149173519	0	1057.675
439	0	16.4444444444444	0	0	0.323649481040339	0	0	36.1949253731876	0	2354.10606060606
440	0	7.33333333333333	0	0	0.627961674160238	0	0	37.536717749684	0	856.875000000003
441	0	7.77777777777778	0	0	0.930656183984815	0	0	32.5951990969033	0	1024.75
442	0	16	0	0	0.276123575497407	0	0	35.1346345943921	0	1835.80303030304
443	0	7.33333333333333	0	0	0.920130194113084	0	0	31.9536182762146	0	1076.75
444	0	7	0	0	0.72188935598719	0	0	36.6686227477057	0	871.500000000001
445	0	25	0	0	0.55231637387552	0	0	40.1946907229013	0	2999.87499999999
446	0	28.5555555555556	0	0	0.303466792263076	0	0	30.6079937876288	0	2899.9411764706
447	0	11	0	0	0.712062555710904	0	0	30.6950626823639	0	1767.21875
448	0	13.4444444444444	0	0	0.348224814411117	0	0	36.5130661889906	0	1850.05882352942
449	0	8.33333333333333	0	0	0.635726703349417	0	0	37.9608196748303	0	955.137931034483
450	0	6.55555555555555	0	0	0.844831210754173	0	0	39.5066291472877	0	692.75
451	0	10.1111111111111	0	0	0.86862269491279	0	0	30.4712391473416	0	1431.025
452	0	12.5555555555556	0	0	0.260043870997754	0	0	39.9647669234494	0	1381.18382352941
453	0	6.77777777777778	0	0	0.836867318192554	0	0	31.2545292795498	0	1752.65625
454	0	5.11111111111111	0	0	0.864193149917573	0	0	36.2488720412464	0	921.364583333332
455	0	13.2222222222222	0	0	0.892009937848187	0	0	29.4539684573276	0	1489.51453488372
456	0	10	0	0	0.37895015675501	0	0	39.1608810836111	0	1598.5763888889
457	0	16.6666666666667	0	0	0.441085229804041	0	0	31.4883506373571	0	1816.60869565217
458	0	4.55555555555556	0	0	0.990857368870992	0	0	28.7028882078055	0	1228.9375
459	0	11.1111111111111	0	0	0.334001356668539	0	0	32.3315819017494	0	1701.9669117647
460	0	9.22222222222222	0	0	0.852290242180482	0	0	30.842533087392	0	1511.5
461	0	8	0	0	0.915788550843869	0	0	36.6041395301248	0	847.228260869568
462	0	10.5555555555556	0	0	0.795615576913718	0	0	34.1421318845089	0	1133.375
463	0	7.77777777777778	0	0	0.912479088380597	0	0	32.0987673731525	0	1599.42592592592
464	0	10.5555555555556	0	0	0.788047630104959	0	0	30.4829193549482	0	2105.11079545455
465	0	6.11111111111111	0	0	0.380219330578173	0	0	38.1188949566398	0	1059.97826086957
466	0	5.88888888888889	0	0	0.868400373176167	0	0	40.4825632554773	0	742.227272727274
467	0	8.33333333333333	0	0	0.581485637748856	0	0	36.241733066589	0	887.096153846155
468	0	7.55555555555555	0	0	0.772321055404178	0	0	37.2903755143175	0	959.954545454545
469	0	13.7777777777778	0	0	0.286892825635395	0	0	38.0640566211406	0	1724.01488095237
470	0	14.5555555555556	0	0	0.279690944285166	0	0	38.2556690264927	0	2182.29411764706
471	0	8.22222222222222	0	0	0.883034410761577	0	0	36.1661089592716	0	1204.51041666667
472	0	7.44444444444444	0	0	0.88918620785667	0	0	28.4638909352653	0	1294.84
473	0	14.6666666666667	0	0	0.331172877058011	0	0	37.6114773302895	0	2214.81060606061
474	0	7.88888888888889	0	0	0.417039351270152	0	0	30.9042897159106	0	1923.41666666667
475	0	10.7777777777778	0	0	0.688091090984743	0	0	34.0855008146263	0	1192.15625
476	0	14	0	0	0.352759043446432	0	0	38.0050865047257	0	1818.54729729729
477	0	7	0	0	0.89860459369927	0	0	32.9963553774548	0	1060.375
478	0	4.11111111111111	0	0	0.874407449263836	0	0	35.8524342425645	0	1013
479	0	8.33333333333333	0	0	0.900746835455455	0	0	38.9563138119994	0	1350.01724137931
480	0	7.33333333333333	0	0	0.676131764695499	0	0	40.1878248933094	0	805.982954545456
481	0	6.66666666666667	0	0	0.407181918307357	0	0	43.6260769020291	0	819.80769230769
482	0	24.6666666666667	0	0	0.412141901893112	0	0	35.0788514799396	0	2180.05263157894
483	0	7.55555555555555	0	0	0.960260666432782	0	0	35.1251483896806	0	1164.58695652174
484	0	6.33333333333333	0	0	0.739944525351544	0	0	33.0460319198355	0	1630.015
485	0	9.33333333333333	0	0	0.876757650782316	0	0	32.1911420517	0	1066.65217391305
486	0	17.5555555555556	0	0	0.707067247737527	0	0	37.8934761369461	0	1968.66118421052
487	0	5	0	0	0.895225957223382	0	0	32.3157982172829	0	959.65909090909
488	0	11.4444444444444	0	0	0.452335991254648	0	0	36.1259149258224	0	1169.03125
489	0	10.6666666666667	0	0	0.96702999599831	0	0	31.3250937968539	0	1833.53197674419
490	0	5.44444444444444	0	0	0.889612689883083	0	0	34.6615183687494	0	1198.01351351351
491	0	9	0	0	0.964346937413215	0	0	35.5865103053834	0	1234.35
492	0	5	0	0	0.854848169848196	0	0	30.7292608077355	0	1140.40104166667
493	0	12.4444444444444	0	0	0.279955599073407	0	0	38.3927917725997	0	1634.4696969697
494	0	6.77777777777778	0	0	0.883535058718244	0	0	37.7127173125781	0	877.17391304348
495	0	26.2222222222222	0	0	0.641544285378919	0	0	38.2140200932829	0	3263.34999999999
496	0	19	0	0	0.598258802904207	0	0	38.1456068585403	0	2112.92
497	0	9.55555555555555	0	0	0.442530883922307	0	0	38.1033635143086	0	1217.74358974358
498	0	5.11111111111111	0	0	0.864193149917573	0	0	32.7662673765241	0	1056.28125
499	0	11.5555555555556	0	0	0.331241707467012	0	0	39.7986896084583	0	1648.15789473685
500	0	7.11111111111111	0	0	0.952639383849056	0	0	30.1175995867399	0	2845.98670212768
501	0	14.5555555555556	0	0	0.76615719318294	0	0	32.1948079215108	0	1238.52717391304
502	0	5.88888888888889	0	0	0.903139291382839	0	0	33.6386317741756	0	1075.45652173913
503	0	15.2222222222222	0	0	0.271497586309192	0	0	36.2135263796427	0	2311.21283783784
504	0	19.2222222222222	0	0	0.23303342421889	0	0	33.9025572312605	0	2414.69117647057
505	0	6.33333333333333	0	0	0.902213401372732	0	0	33.6633961420958	0	1035.25
506	0	12.8888888888889	0	0	0.320794893448951	0	0	38.1387442191265	0	1800.5
507	0	10	0	0	0.552938016363648	0	0	31.9258562768249	0	1770.39583333333
508	0	8.33333333333333	0	0	0.797664483572808	0	0	34.406823265059	0	1276.04583333333
509	0	19.3333333333333	0	0	0.276934656276495	0	0	35.6778679356606	0	2108.06250000001
510	0	14.7777777777778	0	0	0.337515400961332	0	0	38.5610756996309	0	1746.32954545454
511	0	16.8888888888889	0	0	0.365190428923726	0	0	33.6248544879296	0	1978.35483870967
512	0	17.2222222222222	0	0	0.252770733249419	0	0	37.5299554324368	0	2269.5024509804
513	0	7.77777777777778	0	0	0.68777046204848	0	0	38.0921660796556	0	955.75
514	0	19.2222222222222	0	0	0.244670942420392	0	0	35.9365166428935	0	2937.32500000002
515	0	10.2222222222222	0	0	0.926854927001797	0	0	31.4152279095448	0	1278.45833333333
516	0	4.66666666666667	0	0	0.949089024567232	0	0	32.3534030742411	0	1451.535
517	0	5.22222222222222	0	0	0.848273115345178	0	0	33.4129784346672	0	1191.609375
518	0	15.8888888888889	0	0	0.539185850295933	0	0	33.2495293450905	0	1792.53488372092
519	0	3.44444444444444	0	0	0.831230176743642	0	0	31.3274583618101	0	957.375
520	0	7	0	0	0.571832427567434	0	0	42.9306854540872	0	828.181818181821
521	0	7.22222222222222	0	0	0.780779118389187	0	0	32.7734259860562	0	1158.85714285714
522	0	4.55555555555556	0	0	0.771792933318375	0	0	33.8013660454049	0	784.281249999999
523	0	8.55555555555555	0	0	0.38852748834164	0	0	39.0685084895917	0	1191.25641025641
524	0	8.33333333333333	0	0	0.777468874476365	0	0	33.7472266187566	0	1793.82
525	0	5.77777777777778	0	0	0.879591904326802	0	0	30.1920310219577	0	940.244791666666
526	0	8	0	0	0.858344751867256	0	0	35.5568405374735	0	847.049999999999
527	0	5.77777777777778	0	0	0.994222944149259	0	0	31.0366917484793	0	956.858695652174
528	0	7	0	0	0.806685342298067	0	0	30.3206643169621	0	1194.29
529	0	8	0	0	0.777383730473399	0	0	33.5064130320343	0	1446
530	0	6.55555555555555	0	0	0.726752192272422	0	0	32.9422336300582	0	1102.1875
531	0	14.8888888888889	0	0	0.301910244405759	0	0	35.8861386042705	0	2054.96052631578
532	0	15.7777777777778	0	0	0.285509605475843	0	0	35.3363950587949	0	2229.08333333332
533	0	21.5555555555556	0	0	0.226424016380254	0	0	36.1061340165454	0	2578.57317073169
534	0	10.5555555555556	0	0	0.329576859396204	0	0	38.2409803046196	0	1503.40625
535	0	7.22222222222222	0	0	0.917529429933096	0	0	31.9756203781125	0	1177.87
536	0	16.8888888888889	0	0	0.752715010796968	0	0	27.847995998426	0	2613.4875
537	0	10.6666666666667	0	0	0.752663290204611	0	0	35.1793740731989	0	1237.375
538	0	12.1111111111111	0	0	0.370183805840699	0	0	39.2577531863847	0	1735.77659574468
539	0	26	0	0	0.634741769525566	0	0	31.8961624449132	0	3360.62500000002
540	0	8.22222222222222	0	0	0.405145813382297	0	0	38.8573435294472	0	1327.32371794872
541	0	9.55555555555555	0	0	0.765519376190095	0	0	32.6639403135817	0	1666.25
542	0	5	0	0	1	0	0	35.0548504697754	0	857.17391304348
543	0	3	0	0	0.819965741994741	0	0	36.64723165514	0	1087.53125
544	0	13	0	0	0.329601477913231	0	0	38.0028684977385	0	1646.89583333334
545	0	7.88888888888889	0	0	0.911837730891887	0	0	34.0458004851163	0	1295.85416666667
546	0	8.66666666666667	0	0	0.938177767825668	0	0	34.5979086375134	0	899.892857142859
547	0	11.8888888888889	0	0	0.497394381321098	0	0	34.0773050820363	0	1927.24390243904
548	0	10.3333333333333	0	0	0.416854323386053	0	0	39.5125820036383	0	1385.98571428571
549	0	6	0	0	0.826490669712022	0	0	32.0269507948936	0	1063.79166666667
550	0	16.5555555555556	0	0	0.268816321311672	0	0	36.4254681995513	0	2466.83928571429
551	0	8.33333333333333	0	0	0.423335857693728	0	0	40.5789831239885	0	1231.5
552	0	4.22222222222222	0	0	0.859439563690411	0	0	34.4848430534346	0	662.108695652174
553	0	8.55555555555555	0	0	0.422716817160609	0	0	39.6177912579555	0	1033.10344827586
554	0	10.6666666666667	0	0	0.388505898159303	0	0	37.603423136715	0	1900.41105769229
555	0	13.1111111111111	0	0	0.371273756592567	0	0	36.4645995089387	0	2066.77142857143
556	0	11.7777777777778	0	0	0.323081818880628	0	0	36.076207333485	0	1553.95121951219
557	0	8.11111111111111	0	0	0.634598689614154	0	0	31.8022596972564	0	1526.25568181818
558	0	12.2222222222222	0	0	0.407929813689821	0	0	36.3582671450729	0	2036.5172413793
559	0	11	0	0	0.389724639390674	0	0	37.6602588176552	0	1513.30405405405
560	0	27.4444444444444	0	0	0.632720650532806	0	0	37.1746904591055	0	3641.33333333329
561	0	5	0	0	0.827558530301206	0	0	33.9695698180454	0	967.249999999999
562	0	10.1111111111111	0	0	0.46327181822644	0	0	37.2636942597775	0	1433.76500000001
563	0	11.2222222222222	0	0	0.329750850222211	0	0	38.0076268814093	0	1651.32500000001
564	0	7	0	0	0.638514112580209	0	0	37.0090917490187	0	916.630208333336
565	0	19.1111111111111	0	0	0.242507962325267	0	0	38.215683082869	0	2450.40540540541
566	0	8.77777777777778	0	0	0.576958095818351	0	0	38.1161444744582	0	1224.06048387097
567	0	4.11111111111111	0	0	0.860450956796303	0	0	37.8768308426444	0	655.614130434783
568	0	36	0	0	0.332668288458162	0	0	32.6905463438565	0	2912.41666666664
569	0	15.3333333333333	0	0	0.289085938015578	0	0	36.9241405481953	0	1823.96875
570	0	16	0	0	0.417968168706051	0	0	35.9065796404557	0	1879.18437500001
571	0	8.44444444444444	0	0	0.841562930462006	0	0	34.7715981019519	0	1007.09756097561
572	0	18.6666666666667	0	0	0.120255608303412	0	0	36.9326507022178	0	2153.07758620689
573	0	15.5555555555556	0	0	0.269059614030915	0	0	30.8437489234279	0	4686.6796875
574	0	13.8888888888889	0	0	0.790676310393981	0	0	33.2769536373238	0	1717.875
575	0	11	0	0	0.375231875593127	0	0	38.9103573246835	0	1399.075
576	0	3.88888888888889	0	0	0.936776932043143	0	0	46.8328383074028	0	543.159090909092
577	0	13.7777777777778	0	0	0.420821995304078	0	0	34.4931129690431	0	2026.82499999999
578	0	10.4444444444444	0	0	0.356118676223547	0	0	38.4832085451853	0	1834.02734375
579	0	8	0	0	0.456468761907061	0	0	38.3677279423475	0	1062.08720930233
580	0	14.1111111111111	0	0	0.330579418321617	0	0	37.818576120554	0	1847.8409090909
581	0	15.7777777777778	0	0	0.318337995804687	0	0	36.5375286084227	0	2217.13513513515
582	0	13.6666666666667	0	0	0.336891609367067	0	0	37.3428394222522	0	2115.88888888887
583	0	15.8888888888889	0	0	0.360211361503601	0	0	37.0028793299944	0	1813.95833333334
584	0	4.55555555555556	0	0	0.916753179915499	0	0	31.1089246977603	0	861.791666666667
585	0	7.22222222222222	0	0	0.794376669106005	0	0	36.0759545930821	0	1315.72093023256
586	0	11.3333333333333	0	0	0.263779017506025	0	0	38.4923649517268	0	1612.72972972972
587	0	6.55555555555555	0	0	0.837417441240096	0	0	38.5981905768011	0	797.499999999999
588	0	4.44444444444444	0	0	0.823054891753102	0	0	44.9898695374014	0	586
589	0	12.5555555555556	0	0	0.38413811676602	0	0	38.4112343323837	0	1528.97560975611
590	0	3	0	0	0.819965741994742	0	0	32.3503437536905	0	1278.33854166667
591	0	12.5555555555556	0	0	0.317492382503197	0	0	39.8124580798262	0	1601.68243243244
592	0	43.6666666666667	0	0	0.712658511679832	0	0	30.9809821715127	0	3715.63461538464
593	0	7.66666666666667	0	0	0.795757481033467	0	0	39.3784116673819	0	1003.08854166666
594	0	7.55555555555555	0	0	0.978017824700901	0	0	41.6566396574565	0	1217.27083333333
595	0	9.11111111111111	0	0	0.771408573304475	0	0	38.0391164056196	0	1115.23913043478
596	0	16.4444444444444	0	0	0.26512635882673	0	0	37.2080129545023	0	1997.05263157896
597	0	26	0	0	0.186640628323123	0	0	35.5744726467127	0	3198.77027027026
598	0	16.3333333333333	0	0	0.308428188657844	0	0	36.6968881658616	0	1934.00000000001
599	0	9.55555555555555	0	0	0.592924183823793	0	0	38.2083949786836	0	1211.6875
600	0	4.55555555555556	0	0	0.990857368871001	0	0	27.1122546814163	0	834.25
601	0	16	0	0	0.267642895648389	0	0	38.2927910420533	0	1856.9236111111
602	0	15.6666666666667	0	0	0.300243543324892	0	0	35.8775624402672	0	2039.57142857145
603	0	6.77777777777778	0	0	0.905225402671887	0	0	37.9863505916661	0	2229.19999999998
604	0	3.66666666666667	0	0	0.557280048026937	0	0	38.3856370268864	0	590.036290322581
605	0	11.8888888888889	0	0	0.271744791959693	0	0	40.4340588612854	0	1655.9513888889
606	0	21.4444444444444	0	0	0.202386292876977	0	0	37.9696133226122	0	2592.68243243245
607	0	16.3333333333333	0	0	0.365239937162142	0	0	31.7746947261912	0	1899.62857142858
608	0	16.2222222222222	0	0	0.352742083021389	0	0	36.3464497038398	0	1822.89189189188
609	0	6.66666666666667	0	0	0.664120004539671	0	0	40.7945749391873	0	662.676470588247
610	0	11.8888888888889	0	0	0.367303648606729	0	0	37.5826122206055	0	1532.57317073172
611	0	11.8888888888889	0	0	0.372995376102458	0	0	36.6233520951455	0	1410.2734375
612	0	18.3333333333333	0	0	0.674120853176821	0	0	40.0115156189832	0	1999.78048780488
613	0	11.5555555555556	0	0	0.599232517915838	0	0	32.6868262787966	0	1662.49999999998
614	0	5.55555555555555	0	0	0.836973576445998	0	0	41.7960592963827	0	877.875
615	0	24.2222222222222	0	0	0.325463332488248	0	0	37.0275883248738	0	1988.38235294117
616	0	6.44444444444444	0	0	0.768830504493197	0	0	30.8553320254986	0	681.655172413791
617	0	22.1111111111111	0	0	0.485360211272304	0	0	35.8990770550301	0	2815.75
618	0	11	0	0	0.345562836510185	0	0	39.8049655931162	0	1450.725
619	0	8.22222222222222	0	0	0.451548450171541	0	0	37.957073227745	0	1048.6875
620	0	11	0	0	0.371737327623137	0	0	37.3970557334373	0	1333.98275862069
621	0	12.5555555555556	0	0	0.250828535128227	0	0	39.1718262293944	0	2466.9296875
622	0	5.88888888888889	0	0	0.959935309223519	0	0	31.363786061357	0	907.59375
623	0	13	0	0	0.412774554703445	0	0	36.0791178165311	0	1513.13988095235
624	0	10.8888888888889	0	0	0.332071582790366	0	0	37.9080099081176	0	1445.80902777777
625	0	10.1111111111111	0	0	0.786748478304452	0	0	34.8263843689193	0	1252.88362068966
626	0	7.33333333333333	0	0	0.417044383649491	0	0	40.3309755458819	0	975.666666666665
627	0	4.33333333333333	0	0	0.795160818119294	0	0	42.5836527948647	0	514.475961538463
628	0	11.8888888888889	0	0	0.348514709842642	0	0	38.2266570969057	0	1681.57575757577
629	0	19.5555555555556	0	0	0.288031907252696	0	0	36.6026961588729	0	2038.98863636365
630	0	30.6666666666667	0	0	0.367330410641182	0	0	28.2580057790441	0	3114.94374999998
631	0	6	0	0	0.741786928179046	0	0	40.4748146048983	0	999.414473684207
632	0	6.33333333333333	0	0	0.95292247705421	0	0	43.0702734199201	0	878.255000000002
633	0	33.5555555555556	0	0	0.423924246622212	0	0	31.3091537526139	0	3874.37750000004
634	0	4.66666666666667	0	0	0.953664014640252	0	0	32.7125440724061	0	761.447916666666
635	0	4.77777777777778	0	0	0.917465778507083	0	0	32.518213642259	0	907.536458333332
636	0	12.1111111111111	0	0	0.622861510389386	0	0	33.8173068579672	0	2256.15625
637	0	5.66666666666667	0	0	0.669577083749848	0	0	43.3999328508733	0	814.666666666668
638	0	8.22222222222222	0	0	0.56637322992979	0	0	39.3634535416532	0	1077.88043478261
639	0	12.4444444444444	0	0	0.341585348926014	0	0	38.1902405981071	0	1640.18421052631
640	0	12.4444444444444	0	0	0.345430529987681	0	0	35.1815501190231	0	1539.275
641	0	22.3333333333333	0	0	0.254698117578462	0	0	35.4043098244223	0	3839.18269230773
642	0	16.5555555555556	0	0	0.608584914190861	0	0	37.5625995253811	0	1882.54166666666
643	0	6.44444444444444	0	0	0.936871498397634	0	0	34.102446212183	0	953.723958333332
644	0	5.11111111111111	0	0	0.832725234245327	0	0	40.1663425358441	0	688.197368421053
645	0	31.5555555555556	0	0	0.375149756947355	0	0	31.5980743110397	0	3997.18509615388
646	0	12	0	0	0.750748042498129	0	0	34.1655967150932	0	1411.66666666667
647	0	9.22222222222222	0	0	0.327613287180499	0	0	38.3342986245542	0	1330.70000000001
648	0	15.3333333333333	0	0	0.311750624780646	0	0	37.5225306639148	0	1832.28804347825
649	0	8.11111111111111	0	0	0.864149899761743	0	0	31.0967150910459	0	1415.955
650	0	5	0	0	0.895225957223383	0	0	31.7945721728575	0	910.296874999999
651	0	13.8888888888889	0	0	0.434967524559736	0	0	32.5606290408137	0	1909.00000000001
652	0	12	0	0	0.395630104213906	0	0	40.343231759245	0	1712
653	0	7.33333333333333	0	0	0.562995248737383	0	0	36.7548465767084	0	925.25
654	0	4.44444444444444	0	0	0.95597122744625	0	0	32.17629369967	0	783.233695652173
655	0	5.44444444444444	0	0	0.889612689883084	0	0	30.7334658771838	0	1429.328125
656	0	11.2222222222222	0	0	0.379767962409254	0	0	39.9817258847835	0	1472.82857142858
657	0	13.2222222222222	0	0	0.329235865747934	0	0	38.6072423188607	0	1762.45945945947
658	0	6.22222222222222	0	0	0.868553950490285	0	0	32.1031189087919	0	1215.66
659	0	11.7777777777778	0	0	0.386623718591906	0	0	36.8857055041723	0	1392.06666666666
660	0	16.8888888888889	0	0	0.227740962345796	0	0	37.0190127682873	0	2770.16666666668
661	0	8.66666666666667	0	0	0.851487595334335	0	0	31.6629522904703	0	1367.46
662	0	13.3333333333333	0	0	0.297568319772426	0	0	39.3603659311311	0	1889.63461538461
663	0	11.1111111111111	0	0	0.947826058671874	0	0	32.1402059993378	0	1940.86
664	0	8.55555555555555	0	0	0.885837584251587	0	0	33.5697261947998	0	971.836956521741
665	0	10.8888888888889	0	0	0.369997628459324	0	0	37.2183494098236	0	1533.68269230768
666	0	6.55555555555555	0	0	0.631439704338847	0	0	40.3525916895874	0	761.021739130434
667	0	21.8888888888889	0	0	0.302870068541045	0	0	35.6957861295044	0	2546.3173076923
668	0	6.33333333333333	0	0	0.964138326565243	0	0	34.1235740556323	0	1032.875
669	0	6	0	0	0.982680551984653	0	0	42.2067230861217	0	790.894736842106
670	0	7.11111111111111	0	0	0.889756521002609	0	0	30.6091736428489	0	1019.59375
671	0	13.3333333333333	0	0	0.220147131769394	0	0	36.3321822392482	0	2368.33214285713
672	0	28.3333333333333	0	0	0.478763563660974	0	0	30.1135353332682	0	3230.33499999996
673	0	6.88888888888889	0	0	0.885767305593017	0	0	32.4268199952309	0	1132.65625
674	0	7.22222222222222	0	0	0.771246115854124	0	0	31.8902791536695	0	1158.26041666667
675	0	8.22222222222222	0	0	0.723545702057765	0	0	31.3115951386408	0	2166.15548780487
676	0	8.44444444444444	0	0	0.924013339261533	0	0	35.1671413218649	0	1517.625
677	0	8.55555555555555	0	0	0.60021207064142	0	0	40.17094011924	0	1059.96428571429
678	0	5.66666666666667	0	0	0.964670967950289	0	0	37.9327841657415	0	1257.41447368421
679	0	10.4444444444444	0	0	0.975918879551627	0	0	30.0552209274938	0	1735.43333333333
680	0	25.6666666666667	0	0	0.285954759804174	0	0	33.5767777036838	0	3419.78301886791
681	0	14.2222222222222	0	0	0.872036457402663	0	0	31.9163133748708	0	1901.31
682	0	7.55555555555555	0	0	0.79191888911817	0	0	37.6638902964683	0	981.416666666669
683	0	11.6666666666667	0	0	0.389231470930929	0	0	37.7905830477389	0	1565.45238095238
684	0	17.6666666666667	0	0	0.365651564082819	0	0	31.851267569641	0	2120.69999999999
685	0	14.7777777777778	0	0	0.29456827320502	0	0	36.9413583432228	0	1750.57327586207
686	0	12.6666666666667	0	0	0.315161364844087	0	0	37.9315665511107	0	2013.97142857142
687	0	7.66666666666667	0	0	0.793802491194058	0	0	34.1905569721494	0	1694.56730769231
688	0	13	0	0	0.336140743961657	0	0	39.4430939823442	0	1568.44444444444
689	0	15	0	0	0.272843110630595	0	0	36.8873316566079	0	1990.92857142856
690	0	36	0	0	0.580647262821675	0	0	32.8531328072173	0	3340.48717948721
691	0	17.1111111111111	0	0	0.539260985359858	0	0	38.4648287972751	0	2001.88571428572
692	0	5.77777777777778	0	0	0.936374394938529	0	0	34.1416912377308	0	1346.49456521738
693	0	8.22222222222222	0	0	0.843188752722401	0	0	33.0682458691999	0	1154.95652173913
694	0	18.1111111111111	0	0	0.24984821580793	0	0	34.4561166384466	0	2991.81818181821
695	0	17.7777777777778	0	0	0.263112171517629	0	0	37.7792096435338	0	2060.40000000002
696	0	14.7777777777778	0	0	0.280457836935485	0	0	35.7095763670231	0	2018.84210526317
697	0	6.11111111111111	0	0	0.735719465226135	0	0	38.2938711034824	0	884
698	0	15.6666666666667	0	0	0.239809244517581	0	0	37.8746207762318	0	1878.16666666666
699	0	19.2222222222222	0	0	0.173972319018688	0	0	38.6488953450245	0	2400.83214285713
700	0	11.6666666666667	0	0	0.431192471137129	0	0	41.5740988954711	0	1776.40441176471
701	0	9.44444444444444	0	0	0.41577136946364	0	0	38.376416763284	0	1156.71875
702	0	25.5555555555556	0	0	0.588108121410464	0	0	26.6304601835001	0	3613
703	0	28.1111111111111	0	0	0.46081107957536	0	0	37.7824582348062	0	3197.48310810808
704	0	19.2222222222222	0	0	0.405975081965284	0	0	32.1298725363288	0	2190.56756756756
705	0	13.6666666666667	0	0	0.298950062359051	0	0	37.8223167870174	0	1792.40714285715
706	0	23.5555555555556	0	0	0.389060142695132	0	0	33.7532866918087	0	2865.06395348838
707	0	6.55555555555555	0	0	0.716030923072912	0	0	40.3936273275664	0	777.296875
708	0	14.7777777777778	0	0	0.407841792423104	0	0	36.5401816652278	0	1738.84926470589
709	0	14.3333333333333	0	0	0.340639462015868	0	0	37.2236310488912	0	2162.6195652174
710	0	36.2222222222222	0	0	0.46922890535062	0	0	33.753282330241	0	3013.3142857143
711	0	11.8888888888889	0	0	0.366203222147408	0	0	37.2155549309655	0	1491.66810344828
712	0	9.44444444444444	0	0	0.496086140283648	0	0	38.1869493764122	0	1135.34482758621
713	0	15.4444444444444	0	0	0.326669142254555	0	0	38.6554998016065	0	2005.48310810811
714	0	9.77777777777778	0	0	0.438046623222119	0	0	37.0153721338159	0	2627.27777777776
715	0	13	0	0	0.294055187693116	0	0	39.9215224223161	0	1941.89583333333
716	0	6.77777777777778	0	0	0.537865591418364	0	0	40.8844218165469	0	944.175000000001
717	0	14.2222222222222	0	0	0.275248174816588	0	0	37.6101235456737	0	1878.75714285713
718	0	13.5555555555556	0	0	0.30510899415866	0	0	40.0317431231039	0	1716.86458333334
719	0	13.2222222222222	0	0	0.830948233338534	0	0	35.813286441312	0	1130.90909090909
720	0	16.7777777777778	0	0	0.26748451360075	0	0	35.7572431564033	0	2212.37499999998
721	0	5.33333333333333	0	0	0.909337999282649	0	0	44.3785892888879	0	909.130434782606
722	0	14.6666666666667	0	0	0.306718664519317	0	0	40.5433530081803	0	1695.94594594595
723	0	6.55555555555555	0	0	0.899371503316221	0	0	41.2863525550174	0	805.285714285715
724	0	9.55555555555555	0	0	0.399453831722727	0	0	38.8651811929686	0	1269.37857142858
725	0	4.55555555555556	0	0	0.904456386603545	0	0	45.1676420846392	0	546.317307692307
726	0	20.3333333333333	0	0	0.228171205181344	0	0	39.1089159877977	0	2171.67261904761
727	0	10.3333333333333	0	0	0.398465109013724	0	0	38.0705400167217	0	1327.84210526316
728	0	9.33333333333333	0	0	0.983972953000039	0	0	32.3331615224736	0	1354.4375
729	0	6.44444444444444	0	0	0.791915409505887	0	0	42.1475566263708	0	734.59375
730	0	16.3333333333333	0	0	0.576004875293017	0	0	28.0663606123243	0	2154.00999999999
731	0	5.88888888888889	0	0	0.79001184389195	0	0	36.9025890985821	0	825.593749999999
732	0	9.11111111111111	0	0	0.89106937858313	0	0	34.8036113886201	0	1840.5906862745
733	0	5.44444444444444	0	0	0.785221724542225	0	0	40.3571632985613	0	645.163793103447
734	0	6.44444444444444	0	0	0.793141422466137	0	0	32.2583340136849	0	1087.63043478261
735	0	15.1111111111111	0	0	0.743722323532607	0	0	29.5996812838257	0	2752
736	0	9	0	0	0.864928772944307	0	0	38.5618488605001	0	1220.89583333333
737	0	16.3333333333333	0	0	0.519483567136456	0	0	32.1793833953011	0	1621.32720588235
738	0	5.77777777777778	0	0	0.864708241925054	0	0	29.6559025737515	0	1169.49479166667
739	0	15.5555555555556	0	0	0.306699438028051	0	0	34.530723165628	0	1980.54741379311
740	0	20.6666666666667	0	0	0.550839787600597	0	0	35.0925438649772	0	1693.25297619047
741	0	8.44444444444444	0	0	0.873328568289908	0	0	36.0132215336579	0	1179.46875
742	0	7.11111111111111	0	0	0.955405640683703	0	0	34.6766286700959	0	856.447916666668
743	0	7	0	0	0.855859396740004	0	0	30.4759035515245	0	1242.5
744	0	7.11111111111111	0	0	0.967044389462281	0	0	33.0447484092949	0	879.802083333332
745	0	7.33333333333333	0	0	0.941350721560311	0	0	33.6300320841179	0	1005.85416666667
746	0	5.22222222222222	0	0	0.876428898657176	0	0	38.6429076530025	0	844.853571428565
747	0	10.6666666666667	0	0	0.472695013571379	0	0	36.272615701393	0	1317.23076923078
748	0	6.22222222222222	0	0	0.806849661025127	0	0	38.1862045732407	0	716.500000000001
749	0	9.22222222222222	0	0	0.812951134796332	0	0	29.4257633357153	0	1179.56
750	0	5.77777777777778	0	0	0.960217691069851	0	0	30.6051240350758	0	907.744791666666
751	0	41.2222222222222	0	0	0.825154930922534	0	0	25.5370095258585	0	3911.125
752	0	14.2222222222222	0	0	0.549231582340763	0	0	31.4571494594522	0	1802.41
753	0	19.5555555555556	0	0	0.401464163753482	0	0	36.6478828247804	0	1821.67241379311
754	0	5.11111111111111	0	0	0.864193149917573	0	0	31.3595097899277	0	1019.0625
755	0	10.2222222222222	0	0	0.821674097597045	0	0	29.428847578357	0	1268.36538461538
756	0	15.1111111111111	0	0	0.250409193210511	0	0	39.5855449426941	0	1992.6554054054
757	0	8.55555555555555	0	0	0.888097105253308	0	0	35.10539269562	0	1142.16304347826
758	0	6.22222222222222	0	0	0.994843849915325	0	0	36.3406105193707	0	1127.58333333333
759	0	7.66666666666667	0	0	0.904224235852123	0	0	35.5960863319011	0	1072.88
760	0	20.3333333333333	0	0	0.426575379751853	0	0	31.1205967064388	0	1754.19396551725
761	0	14	0	0	0.147266164655636	0	0	36.1794905561276	0	1498.8506097561
762	0	27.7777777777778	0	0	0.532694772206195	0	0	29.3006151368878	0	2195.51358695652
763	0	8.77777777777778	0	0	0.875933928727908	0	0	34.629333150212	0	1350.66666666667
764	0	7.33333333333333	0	0	0.944484274579511	0	0	31.7187691116742	0	855.206521739131
765	0	9.77777777777778	0	0	0.426948900794403	0	0	35.8372411762363	0	1896.625
766	0	4.77777777777778	0	0	0.917465778507082	0	0	37.4661902957942	0	1106.37499999999
767	0	16.7777777777778	0	0	0.303473134767135	0	0	35.2877011547262	0	2117.77777777778
768	0	20.8888888888889	0	0	0.732591604321474	0	0	29.9920990046114	0	2009.22619047619
769	0	5.88888888888889	0	0	0.959935309223515	0	0	29.5983726838942	0	1135.33
770	0	11.6666666666667	0	0	0.850670755542915	0	0	27.5160012108529	0	1630.63124999999
771	0	7.66666666666667	0	0	0.948124051641495	0	0	35.6918487978954	0	2154.70454545455
772	0	6.55555555555555	0	0	0.915618597077543	0	0	32.0571538267507	0	972.4375
773	0	22.1111111111111	0	0	0.253207743378072	0	0	33.1558347731294	0	2663.03846153844
774	0	7.22222222222222	0	0	0.942509840518069	0	0	38.2390900808758	0	909.315217391303
775	0	18.2222222222222	0	0	0.830799233269985	0	0	29.9224696303566	0	4110.99999999999
776	0	11.4444444444444	0	0	0.327274019926569	0	0	35.0435690188126	0	1683.75
777	0	6.22222222222222	0	0	0.996493853468249	0	0	32.0471034248422	0	1384.29
778	0	11.7777777777778	0	0	0.324776340922638	0	0	38.4620711678288	0	1546.64705882354
779	0	15.6666666666667	0	0	0.32050039757246	0	0	35.4300307954495	0	2488.84210526316
780	0	15.1111111111111	0	0	0.403216707912186	0	0	35.8029847371393	0	2121.79375
781	0	19.5555555555556	0	0	0.266558928558587	0	0	34.9318875472777	0	2694.48863636362
782	0	18.3333333333333	0	0	0.261242091337063	0	0	37.5939399966196	0	2523.70723684209
783	0	9.55555555555555	0	0	0.380706279423969	0	0	38.1297796440401	0	1265.38513513513
784	0	5.22222222222222	0	0	0.903507902905251	0	0	32.4807217455954	0	1023.109375
785	0	5.55555555555555	0	0	0.853917882598884	0	0	39.6935963763752	0	657.357142857145
786	0	13.8888888888889	0	0	0.361037153106154	0	0	36.6927692762339	0	1758.11184210528
787	0	18.7777777777778	0	0	0.611573368231983	0	0	29.8920439799566	0	2223.26136363636
788	0	4.66666666666667	0	0	0.949089024567233	0	0	34.9767600510152	0	901.249999999998
789	0	6.33333333333333	0	0	0.651641396351665	0	0	36.6649738183534	0	819.228260869563
790	0	25.6666666666667	0	0	0.701482804372555	0	0	34.6839031292385	0	2879.2744565217
791	0	8.11111111111111	0	0	0.855242548048293	0	0	33.4833998461406	0	1038.859375
792	0	5.11111111111111	0	0	0.949134760266241	0	0	35.5966215665634	0	1124.640625
793	0	17.5555555555556	0	0	0.25895416314003	0	0	39.4945817858359	0	2616.31944444446
794	0	5.22222222222222	0	0	0.810707795446515	0	0	31.7696436349329	0	1176.63541666667
795	0	6.22222222222222	0	0	0.763525502527809	0	0	33.0382543194703	0	1986.12142857143
796	0	20.8888888888889	0	0	0.658206086566262	0	0	25.2056498691765	0	2556.77272727272
797	0	8.55555555555555	0	0	0.921756755238791	0	0	33.7648264104218	0	1894.42708333332
798	0	13.5555555555556	0	0	0.360308710290292	0	0	38.4976233170557	0	1441.95652173913
799	0	20.6666666666667	0	0	0.496413329243225	0	0	37.2146114000616	0	3032.10555555553
800	0	7.11111111111111	0	0	0.817153043065603	0	0	32.3557607631817	0	1017.86956521739
801	0	5.11111111111111	0	0	0.870763980729971	0	0	36.6576106556241	0	797.776785714284
802	0	12.8888888888889	0	0	0.317131017816936	0	0	38.2260500462442	0	1714.14527027028
803	0	8.55555555555555	0	0	0.881765706054238	0	0	29.1421944010575	0	1377.09895833333
804	0	11.6666666666667	0	0	0.894743587605315	0	0	36.9703019587191	0	1346.68269230769
805	0	3.33333333333333	0	0	0.892538219111003	0	0	31.3524985172621	0	797.711956521739
806	0	4.88888888888889	0	0	0.891808072079918	0	0	35.1203653757255	0	1403.13513513514
807	0	8.55555555555555	0	0	0.903108795376944	0	0	33.9758427687213	0	1067.0625
808	0	8.44444444444444	0	0	0.942425703342041	0	0	33.6847975729362	0	2045.6875
809	0	7	0	0	0.883695562430587	0	0	30.1386312524257	0	1255.39583333333
810	0	7.66666666666667	0	0	0.801135503162631	0	0	34.5437457392322	0	1858.04347826086
811	0	5.33333333333333	0	0	0.888956636984631	0	0	31.5941984348912	0	1133.875
812	0	14	0	0	0.346254381617643	0	0	38.6302052492656	0	2114.21875
813	0	16.4444444444444	0	0	0.978386156065616	0	0	32.9680287845427	0	2720.67499999999
814	0	5.33333333333333	0	0	0.852246753428672	0	0	31.7336970877334	0	1068.08854166667
815	0	11.1111111111111	0	0	0.886434766308031	0	0	33.3337703618306	0	1043.32142857143
816	0	3.88888888888889	0	0	0.79786536822004	0	0	47.1798043377611	0	496.04347826087
817	0	5	0	0	0.781607055707339	0	0	31.2199876188976	0	863.15625
818	0	7.66666666666667	0	0	0.62068048042018	0	0	37.2922057311518	0	1045.31
819	0	10.1111111111111	0	0	0.749938465836261	0	0	30.3178924224389	0	1930.36
820	0	9.33333333333333	0	0	0.887283920511627	0	0	34.6390915489935	0	1162.68421052631
821	0	8.77777777777778	0	0	0.786234881199855	0	0	27.6675839747931	0	1552.25568181818
822	0	8.77777777777778	0	0	0.441081848900423	0	0	40.0110178334798	0	1307.16785714286
823	0	18	0	0	0.255755856962944	0	0	36.5610363034159	0	2184.41891891893
824	0	8.33333333333333	0	0	0.855381467606415	0	0	31.976607108501	0	1372.953125
825	0	5.11111111111111	0	0	0.776143560985464	0	0	39.6035768172354	0	801.60576923077
826	0	11.8888888888889	0	0	0.36157812743039	0	0	37.2726317516512	0	1410.38793103448
827	0	10.4444444444444	0	0	0.643425136171362	0	0	41.0290481605698	0	1024.74305555556
828	0	11.5555555555556	0	0	0.352979962685983	0	0	35.684123630045	0	1488.24242424242
829	0	7.11111111111111	0	0	0.917935081087022	0	0	39.9239920479522	0	891.697916666668
830	0	35.2222222222222	0	0	0.529701004001662	0	0	33.2463608146858	0	3661.05769230766
831	0	6.22222222222222	0	0	0.927689940566518	0	0	32.5410212389486	0	1330.85416666667
832	0	11.8888888888889	0	0	0.377466885353743	0	0	36.4288493685024	0	1514.97727272728
833	0	5	0	0	0.74683420467836	0	0	41.7309592454084	0	549.11
834	0	6.11111111111111	0	0	0.951205974811209	0	0	41.0515836185958	0	686.750000000001
835	0	8.77777777777778	0	0	0.814876103913565	0	0	31.7730421901002	0	1575.765625
836	0	7.66666666666667	0	0	0.943160878520451	0	0	38.0130386835366	0	1032.16216216216
837	0	15.4444444444444	0	0	0.362628343255377	0	0	36.0114400348352	0	1999.54513888889
838	0	24.1111111111111	0	0	0.289732633458468	0	0	36.0335072446361	0	2729.51388888887
839	0	9.77777777777778	0	0	0.898407058578114	0	0	33.5776035965211	0	1253.51190476191
840	0	8.55555555555555	0	0	0.413954067149528	0	0	39.2689062483035	0	1174.33088235295
841	0	8.22222222222222	0	0	0.668329125298023	0	0	36.2267523906158	0	894.04347826087
842	0	8.55555555555555	0	0	0.823253231073372	0	0	34.9095267463903	0	1666.265
843	0	7.44444444444444	0	0	0.860633343645509	0	0	33.6037996301494	0	1340.609375
844	0	18.7777777777778	0	0	0.262393909042234	0	0	36.7374809842364	0	2605.07142857142
845	0	8.44444444444444	0	0	0.892241075254728	0	0	31.3568496184814	0	1059.32608695652
846	0	11.5555555555556	0	0	0.510545516942318	0	0	35.9028934115245	0	1434.55172413794
847	0	6.11111111111111	0	0	0.896168378442422	0	0	35.5747284157172	0	890.45652173913
848	0	4.33333333333333	0	0	0.847923155643865	0	0	29.0239916821289	0	966.296874999999
849	0	13.4444444444444	0	0	0.65744521997232	0	0	37.1326154414216	0	1947.23529411764
850	0	7.77777777777778	0	0	0.523950568274584	0	0	38.1045783070975	0	964.39655172414
851	0	13.4444444444444	0	0	0.347430656740618	0	0	37.0684688951795	0	1876.71874999999
852	0	10.1111111111111	0	0	0.556937799702434	0	0	33.5201122662772	0	1797.21759259259
853	0	5.33333333333333	0	0	0.888956636984631	0	0	39.5664031398914	0	939.935
854	0	10.4444444444444	0	0	0.313181971824454	0	0	36.045694782618	0	2131.62500000002
855	0	20.8888888888889	0	0	0.265690207361546	0	0	37.4070262437706	0	2337.84433962266
856	0	29.7777777777778	0	0	0.504672488085473	0	0	36.7455089377974	0	3244.5625
857	0	6.66666666666667	0	0	0.736725362144401	0	0	40.7208941688755	0	823.913043478263
858	0	5.66666666666667	0	0	0.414000487683952	0	0	29.7141842422979	0	2045.19565217392
859	0	0.666666666666667	0	0	0	0	0	0	0	316.953947368421
860	0	38.5555555555556	0	0	0.667042734193729	0	0	32.3324248659993	0	4378.19642857143
861	0	15.7777777777778	0	0	0.277943084151982	0	0	36.3577150055989	0	2459.23026315791
862	0	12.6666666666667	0	0	0.373706182716642	0	0	37.5718376371539	0	1602.58333333333
863	0	50.1111111111111	0	0	0.310865014722394	0	0	28.7648153217002	0	4787.3349056603
864	0	16.2222222222222	0	0	0.224162930758311	0	0	36.7588901275881	0	2072.66666666668
865	0	12.6666666666667	0	0	0.32014466698131	0	0	38.6770103248328	0	1863.95394736843
866	0	12.6666666666667	0	0	0.299707597111113	0	0	38.3148490041351	0	1841.04687500001
867	0	9.22222222222222	0	0	0.363449774852065	0	0	38.7554425712027	0	1368.33333333334
868	0	8.33333333333333	0	0	0.354131626773428	0	0	38.2038725411979	0	1054.56756756757
869	0	13.8888888888889	0	0	0.315186403522542	0	0	39.300837141142	0	1519
870	0	12	0	0	0.368127686749963	0	0	37.2348256595367	0	1655.92105263156
871	0	24.7777777777778	0	0	0.23243078238812	0	0	31.7969137417634	0	3016.60000000002
872	0	5.11111111111111	0	0	0.859383890287524	0	0	30.7651514913634	0	909.953124999998
873	0	6.66666666666667	0	0	0.488978808132506	0	0	39.3518822715769	0	795.439999999999
874	0	25.7777777777778	0	0	0.172646156606844	0	0	38.1479067183311	0	3941.11824324321
875	0	19.5555555555556	0	0	0.231309038385828	0	0	37.3770012948304	0	2464.6875
876	0	15.2222222222222	0	0	0.28934209950116	0	0	36.3229646182022	0	2174.8244047619
877	0	5.44444444444444	0	0	0.889612689883084	0	0	31.5483892592269	0	1489.05769230769
878	0	9.88888888888889	0	0	0.258030614352201	0	0	37.2941633819454	0	1431.54166666666
879	0	19.5555555555556	0	0	0.233080574861763	0	0	35.2199498173026	0	2488.05514705885
880	0	10.1111111111111	0	0	0.451104014253172	0	0	38.3465441379754	0	1233.59375
881	0	7.55555555555555	0	0	0.788992565405721	0	0	37.2517487495859	0	816.400000000001
882	0	9.11111111111111	0	0	0.918973793330459	0	0	30.6218021664195	0	1408.21875
883	0	10.5555555555556	0	0	0.287771300601623	0	0	38.2978389179763	0	1425.375
884	0	19.5555555555556	0	0	0.256341879232477	0	0	37.0826873765897	0	2911.70258620688
885	0	4.44444444444444	0	0	0.964325796826073	0	0	44.7721283714776	0	629.139999999999
886	0	15	0	0	0.30365571184399	0	0	38.2045961654333	0	1924.8355263158
887	0	13.5555555555556	0	0	0.638260734714689	0	0	28.1805832274679	0	2120.25
888	0	13.1111111111111	0	0	0.337395179753995	0	0	36.4301304510837	0	1450.7169117647
889	0	15.6666666666667	0	0	0.266412675118114	0	0	35.6309315004705	0	2179.25657894737
890	0	12.4444444444444	0	0	0.296847380205829	0	0	38.2127743450549	0	1905.12195121951
891	0	12.6666666666667	0	0	0.360748795025457	0	0	36.3878933183608	0	2106.00735294116
892	0	12.6666666666667	0	0	0.313792798423324	0	0	39.6094536653723	0	1657.10197368422
893	0	16.4444444444444	0	0	0.324087449167182	0	0	35.9782058891481	0	2001.09797297296
894	0	13.3333333333333	0	0	0.330963821532418	0	0	37.9297194779246	0	1659.89
895	0	7.88888888888889	0	0	0.303909671780675	0	0	32.7423450291889	0	2243.21951219511
896	0	8.66666666666667	0	0	0.660179383015942	0	0	40.5252193043444	0	917.931034482757
897	0	9.66666666666667	0	0	0.437393633540413	0	0	38.6931836225014	0	1203.12847222222
898	0	5.44444444444444	0	0	0.568611951807543	0	0	34.5885609128215	0	972.324999999998
899	0	15.3333333333333	0	0	0.821281147543362	0	0	39.2780920743933	0	2091.46774193548
900	0	13.5555555555556	0	0	0.417154680556843	0	0	38.8617567800335	0	1513.59999999999
901	0	13.6666666666667	0	0	0.313824917587111	0	0	37.6394431984336	0	1718.21428571429
902	0	6.77777777777778	0	0	0.61692125461733	0	0	36.1619578670214	0	1107.73958333333
903	0	6.33333333333333	0	0	0.97166478229192	0	0	41.5189533747581	0	864.387096774199
904	0	12.6666666666667	0	0	0.63692597339174	0	0	30.5999219201217	0	1744.92241379311
905	0	9.88888888888889	0	0	0.372110896868885	0	0	38.0012504387765	0	1236.78787878788
906	0	8.88888888888889	0	0	0.703175772564403	0	0	37.4024948805155	0	1278.37068965518
907	0	15.5555555555556	0	0	0.227846879575945	0	0	40.3831969391991	0	2064.6611111111
908	0	11.2222222222222	0	0	0.349533598271444	0	0	38.6062845149888	0	1328.33333333333
909	0	43.8888888888889	0	0	0.227892147185172	0	0	27.4768422833906	0	3746.1686046512
910	0	12.7777777777778	0	0	0.359241105886581	0	0	33.0134107771929	0	2082.83720930231
911	0	8.11111111111111	0	0	0.420210180090927	0	0	40.7427077110894	0	1022.91768292683
912	0	16.7777777777778	0	0	0.506389402785071	0	0	32.6186306899764	0	2160.81617647058
913	0	8.44444444444444	0	0	0.581870810324828	0	0	38.4506699963611	0	1029.65517241379
914	0	3.33333333333333	0	0	0.703032284916089	0	0	43.90261048166	0	1427.79779411765
915	0	16.6666666666667	0	0	0.260270032780808	0	0	38.4237806520893	0	2091.08500000002
916	0	3.66666666666667	0	0	0.843181896719629	0	0	41.5683344408303	0	587.397727272725
917	0	14.1111111111111	0	0	0.282681719298595	0	0	38.9013272805419	0	2396.11931818181
918	0	9.11111111111111	0	0	0.427525906824159	0	0	38.6949383016287	0	1038.91911764706
919	0	12.2222222222222	0	0	0.803809818857577	0	0	29.5028747991997	0	1733.29347826087
920	0	14.2222222222222	0	0	0.586291727407522	0	0	33.5404111811696	0	1558.6875
921	0	17	0	0	0.25979301389404	0	0	36.8371216475427	0	2156.31428571429
922	0	12.2222222222222	0	0	0.30020655245808	0	0	38.1824181033796	0	1736.57894736843
923	0	6.55555555555555	0	0	0.542585071386848	0	0	39.4663719472228	0	980.000000000001
924	0	11.8888888888889	0	0	0.396761277463438	0	0	36.8586611111678	0	1328.58203125
925	0	33.3333333333333	0	0	0.346966839986764	0	0	35.121788241771	0	3326.47826086953
926	0	6	0	0	0.972012321376581	0	0	41.2365848372363	0	863.65384615385
927	0	12.1111111111111	0	0	0.235676769370085	0	0	38.9008223050084	0	2027.11842105261
928	0	8.44444444444444	0	0	0.501627750258936	0	0	39.3800548877279	0	1050.23529411765
929	0	16.7777777777778	0	0	0.237891705776318	0	0	37.7846751380414	0	2096.23529411765
930	0	6.77777777777778	0	0	0.804871844561183	0	0	31.177212442943	0	1165.57407407408
931	0	18	0	0	0.260947451681534	0	0	34.3649023014774	0	1832.73986486487
932	0	7.77777777777778	0	0	0.484625599421059	0	0	37.8026137308148	0	1096.27586206897
933	0	9.44444444444444	0	0	0.558517294147155	0	0	36.6833894402087	0	1328.75
934	0	9.66666666666667	0	0	0.829974973628771	0	0	34.4967607701711	0	1252.49264705882
935	0	6.22222222222222	0	0	0.674253302020176	0	0	38.8328963221346	0	1295.125
936	0	14	0	0	0.32610399191968	0	0	37.522551065564	0	1693.58125000001
937	0	7.11111111111111	0	0	0.693650586448352	0	0	40.8372348953051	0	694.630000000001
938	0	4.66666666666667	0	0	0.934031192868967	0	0	45.2216011922846	0	523.768382352942
939	0	4.77777777777778	0	0	0.674538989952282	0	0	43.208218946707	0	611.532608695652
940	0	14	0	0	0.618474514878173	0	0	39.3241975634175	0	1680.64285714285
941	11.7777777777778	20.4444444444444	11.2222222222222	0.530755735651083	0.637881529353923	0.579619324870579	34.557307546192	33.8123817545904	34.260558751152	45386.7972972974
942	0	7.55555555555555	0	0	0.626763373014028	0	0	40.1418412180067	0	1165.85714285714
943	0	8	0	0	0.482076783599465	0	0	39.5160818765149	0	886.531250000002
944	0	34.6666666666667	0	0	0.464045054529487	0	0	35.1850694256087	0	3304.20000000002
945	0	32.8888888888889	0	0	0.406787617020622	0	0	32.1189249138111	0	3225.77500000006
946	0	10.7777777777778	0	0	0.364054398978569	0	0	37.2598634403002	0	1560.63392857143
947	0	15.8888888888889	0	0	0.24190078583889	0	0	36.2736808054786	0	2155.99999999999
948	0	13.7777777777778	0	0	0.264390655606931	0	0	36.4950465222932	0	2497.89285714285
949	0	13.6666666666667	0	0	0.309840289810227	0	0	36.9836275266961	0	1841.59375
950	0	7.22222222222222	0	0	0.803501958234433	0	0	29.6773128297318	0	1127.48958333333
951	0	12.1111111111111	0	0	0.34461684036605	0	0	37.6546629598556	0	1892.79861111112
952	0	9.33333333333333	0	0	0.748796985497316	0	0	31.9146517801229	0	1388.78
953	0	6.11111111111111	0	0	0.713371276763811	0	0	40.131851314349	0	757.614583333333
954	0	8.33333333333333	0	0	0.929474086125437	0	0	35.6990300060036	0	1432.38
955	0	13.8888888888889	0	0	0.278086237213083	0	0	38.3105973407686	0	1667.6715116279
956	0	9.44444444444444	0	0	0.94066605166443	0	0	35.9599108653167	0	1276.9
957	0	12.5555555555556	0	0	0.329837425773666	0	0	36.4110286804596	0	1719.38793103449
958	0	32.1111111111111	0	0	0.72524824804045	0	0	33.6783460254346	0	3724.41388888891
959	0	16.7777777777778	0	0	0.257442988192632	0	0	37.6786635417674	0	2271.36842105262
960	0	17.4444444444444	0	0	0.66095847634595	0	0	35.8058132151412	0	2710.70000000001
961	0	11	0	0	0.379470509836637	0	0	36.5844399418536	0	1363.5
962	0	6.33333333333333	0	0	0.655339899835734	0	0	35.0603603003692	0	815.687499999999
963	0	6.11111111111111	0	0	0.716974723098992	0	0	43.1241665023796	0	793.75
964	0	7.44444444444444	0	0	0.495248252930454	0	0	35.4235684682273	0	821.375
965	0	11.8888888888889	0	0	0.317081635692478	0	0	37.8856974211236	0	1560.5625
966	0	12.5555555555556	0	0	0.360828400125994	0	0	37.2383917094962	0	1477.22857142857
967	0	16	0	0	0.298806669650987	0	0	35.4196610011274	0	2074.29729729731
968	0	27	0	0	0.327848626337148	0	0	30.3654250460137	0	3271.97569444442
969	0	16.2222222222222	0	0	0.392038761510299	0	0	30.2415006880503	0	2637.30078125
970	3.11111111111111	7.88888888888889	3	0.820086424695785	0.943371152073713	0.819965741994741	45.9863555887232	47.1628802318908	47.5633276508282	9352.125
971	0	7.11111111111111	0	0	0.493095879375175	0	0	39.108771867333	0	843.72222222222
972	0	7	0	0	0.667951889657156	0	0	40.8437622037201	0	767.214285714286
973	0	4.88888888888889	0	0	0.628660410470669	0	0	41.8203952618119	0	724.016304347823
974	0	12.5555555555556	0	0	0.321719435467095	0	0	37.0625234616705	0	1917.83333333334
975	0	11.7777777777778	0	0	0.410420332855386	0	0	37.6141447298685	0	1575.24305555556
976	0	8.88888888888889	0	0	0.407081680262735	0	0	38.6452423760103	0	916.060714285723
977	0	13.4444444444444	0	0	0.346465862541876	0	0	37.0222317089218	0	1628.78378378377
978	0	4.55555555555556	0	0	0.751094859056067	0	0	42.952508003032	0	649.012499999999
979	0	11.6666666666667	0	0	0.31308826689197	0	0	37.2777892779566	0	1583.94736842106
980	0	4.66666666666667	0	0	0.731265752187317	0	0	42.383977386682	0	628.652173913043
981	0	19.5555555555556	0	0	0.490198583488114	0	0	32.0623414014799	0	2323.60526315789
982	0	14	0	0	0.319664055131936	0	0	39.2052954651792	0	1812.92905405405
983	0	6.44444444444444	0	0	0.890932310810611	0	0	43.1773823082988	0	840.763888888893
984	0	6.33333333333333	0	0	0.964138326565243	0	0	44.601102405426	0	941.53125
985	0	11.8888888888889	0	0	0.506637021430903	0	0	36.6928986488096	0	1614.27272727272
986	0	6.66666666666667	0	0	0.614087050300528	0	0	41.5345687007067	0	949.633928571427
987	0	3.55555555555556	0	0	0.882719076741684	0	0	46.8808376210926	0	444.757575757576
988	0	23	0	0	0.325503846979859	0	0	35.9860059895998	0	2435.08823529413
989	0	6.88888888888889	0	0	0.403676678645848	0	0	37.6214651639655	0	826.048076923076
990	0	13.4444444444444	0	0	0.335626050042135	0	0	36.0676979800767	0	1723.40000000002
991	0	10	0	0	0.394830632713809	0	0	37.4913316498257	0	1225.30769230769
992	0	7	0	0	0.900258082133209	0	0	42.0179671396521	0	794.428571428573
993	0	9.33333333333333	0	0	0.460820933560706	0	0	39.2038832901504	0	1070.66666666666
994	0	22.8888888888889	0	0	0.327158608185545	0	0	37.2056320845389	0	2076.24278846155
995	0	16.4444444444444	0	0	0.297526941373681	0	0	37.5889651269253	0	2204.05405405406
996	0	6.44444444444444	0	0	0.716661811199508	0	0	41.7136168838543	0	934.205357142858
997	0	6.44444444444444	0	0	0.720882795272462	0	0	39.4555492072844	0	707.54
998	0	5.11111111111111	0	0	0.797038932827326	0	0	42.9583029351743	0	732.97619047619
999	0	8.77777777777778	0	0	0.436017999400334	0	0	37.0171189855347	0	1375.5
1000	0	18.7777777777778	0	0	0.700921181617824	0	0	35.4181727312416	0	2238.17045454544
1001	0	4.88888888888889	0	0	0.71268721089016	0	0	42.3542769402297	0	637.20238095238
1002	0	8	0	0	0.587455654481604	0	0	38.0328739773467	0	1172.57978723404
1003	0	7	0	0	0.872050757547422	0	0	37.8002293729599	0	1397.15625
1004	0	8.44444444444444	0	0	0.899511873683924	0	0	42.0181242004455	0	5694.19230769229
1005	0	18.1111111111111	0	0	0.29084715433249	0	0	35.9177279501372	0	1847.98986486486
1006	0	10.4444444444444	0	0	0.368955058310393	0	0	38.3869324565356	0	1414.53658536586
1007	0	14.4444444444444	0	0	0.339756575299983	0	0	37.5462590178597	0	1766.47635135136
1008	0	29.3333333333333	0	0	0.305308615397627	0	0	30.4250735350066	0	3538.38915094345
1009	0	17.2222222222222	0	0	0.485932435227949	0	0	30.6564177717792	0	1814.9574468085
1010	0	16.4444444444444	0	0	0.340885275244129	0	0	36.5609550154876	0	1877.65789473685
1011	0	20.7777777777778	0	0	0.28979408838778	0	0	35.0148951933223	0	2668
1012	0	8.88888888888889	0	0	0.607245660375911	0	0	33.3824646318831	0	1382.85
1013	0	11.5555555555556	0	0	0.394441520999416	0	0	39.2037348214968	0	1292.13970588235
1014	0	6	0	0	0.73308588330879	0	0	38.0901207869881	0	1089.20394736842
1015	0	11.6666666666667	0	0	0.359915511545994	0	0	38.7345162257758	0	1491.76838235294
1016	0	12.6666666666667	0	0	0.378117004669335	0	0	35.4499597775079	0	1724.50862068965
1017	0	4.11111111111111	0	0	0.365842980277733	0	0	39.7788522126083	0	554.890625
1018	0	5.11111111111111	0	0	0.631040376879341	0	0	42.0811026535095	0	681.108695652175
1019	0	12.8888888888889	0	0	0.35108090241696	0	0	38.639514774172	0	1567.08035714286
1020	0	12.5555555555556	0	0	0.394221185178677	0	0	42.3404134625496	0	2022.41176470588
1021	0	12.3333333333333	0	0	0.782662261916554	0	0	35.3394032221033	0	1318.94444444445
1022	0	5.77777777777778	0	0	1	0	0	42.9081463098428	0	712.21875
1023	0	11.3333333333333	0	0	0.381564653555581	0	0	36.0694332568548	0	1218.61458333333
1024	0	5.77777777777778	0	0	0.515244368033411	0	0	38.9400362273685	0	710.75
1025	0	16.7777777777778	0	0	0.51380830616074	0	0	40.0722663486811	0	2469.88352272729
1026	0	4.66666666666667	0	0	0.949089024567232	0	0	41.4227743253045	0	763.982142857143
1027	0	0.333333333333333	0	0	0	0	0	0	0	454.75
1028	0	5.66666666666667	0	0	0.861601511134023	0	0	41.5433270487426	0	1047
1029	0	0.888888888888889	0	0	0	0	0	0	0	343.5
1030	0	6.22222222222222	0	0	0.723567235255937	0	0	39.2244596155089	0	775.152173913043
1031	0	6.55555555555555	0	0	0.585079710749653	0	0	40.1272786691342	0	720.798913043478
1032	0	7.44444444444444	0	0	0.665482902389461	0	0	40.0126271454363	0	963.926829268293
1033	0	6.44444444444444	0	0	0.770468801913467	0	0	38.7393594908298	0	967.245535714285
1034	0	6.88888888888889	0	0	0.478137608964601	0	0	39.8869214439202	0	858.557692307694
1035	0	7.33333333333333	0	0	0.985814209718929	0	0	38.4126586297447	0	1039.86458333333
1036	0	12.7777777777778	0	0	0.388621940833476	0	0	36.6978663078425	0	1512.04062500001
1037	0	0.666666666666667	0	0	0	0	0	0	0	167.585227272728
1038	0	14	0	0	0.312797423147007	0	0	36.3596461044718	0	2148.125
1039	0	5.44444444444444	0	0	0.860555682748406	0	0	44.4880172726603	0	941.921875
1040	0	4.88888888888889	0	0	0.731266988814809	0	0	38.6249627852858	0	854.409090909092
1041	0	5.33333333333333	0	0	0.882564485352024	0	0	38.511967615254	0	829.765625
1042	0	10.1111111111111	0	0	0.762990682319355	0	0	35.2447228416373	0	1423.125
1043	0	7.11111111111111	0	0	0.587165598018417	0	0	40.4813449967588	0	855.326086956523
1044	0	23.4444444444444	0	0	0.248124984622075	0	0	31.7588068611936	0	2996.1640625
1045	0	0.333333333333333	0	0	0	0	0	0	0	309.46875
1046	0	44.3333333333333	0	0	0.317622119679089	0	0	34.9051149349699	0	4135.62500000003
1047	0	5.22222222222222	0	0	0.478643388168467	0	0	38.4003500159515	0	737.330357142857
1048	0	11.6666666666667	0	0	0.326926766928493	0	0	36.5492529310998	0	1489.01612903226
1049	0	10.7777777777778	0	0	0.282225279704441	0	0	35.6607639027394	0	1582.00000000001
1050	0	26	0	0	0.281335411326313	0	0	36.5709035917231	0	2798.13333333336
1051	0	8.22222222222222	0	0	0.51974979021082	0	0	39.2847689754605	0	1128.48369565217
1052	0	7.88888888888889	0	0	0.41020606080065	0	0	38.5912880070505	0	1278.65853658537
1053	0	20.2222222222222	0	0	0.661834353181931	0	0	29.0358992068762	0	2107.54166666667
1054	0	4.22222222222222	0	0	0.946093385224722	0	0	43.3533068607154	0	550.487500000001
1055	0	6.88888888888889	0	0	0.625979978385325	0	0	40.1016811790645	0	796.214999999999
1056	0	23	0	0	0.562281460000622	0	0	38.6644243860375	0	2528.86363636363
1057	0	4.11111111111111	0	0	0.847872749797316	0	0	49.7948496368145	0	486.956521739131
1058	0	8.77777777777778	0	0	0.900618906672525	0	0	36.9260520260093	0	1108.28125
1059	0	9.22222222222222	0	0	0.461612490177376	0	0	38.6290542040373	0	1150.87878787878
1060	0	6.88888888888889	0	0	0.879786214889517	0	0	39.9757972756655	0	1043.58173076923
1061	0	8.55555555555555	0	0	0.520005911112776	0	0	35.6246603517917	0	1324.796875
1062	0	15.8888888888889	0	0	0.316921666242476	0	0	35.5882258208665	0	1789.71428571428
1063	0	33.6666666666667	0	0	0.29170137228714	0	0	33.295891668641	0	3048.04761904764
1064	0	4.66666666666667	0	0	0.718180771229957	0	0	43.0193019850096	0	583.481481481483
1065	0	8.11111111111111	0	0	0.526980637952749	0	0	39.8866006222812	0	1119.32954545454
1066	0	5.33333333333333	0	0	0.671447303319731	0	0	40.0547473127786	0	741.836538461538
1067	0	8.11111111111111	0	0	0.526953771840625	0	0	37.4506448130809	0	1017.9375
1068	0	8.44444444444444	0	0	0.900626294870663	0	0	38.9265566411767	0	1108.24358974359
1069	0	5.22222222222222	0	0	0.85896799675391	0	0	43.7493665870723	0	680.75
1070	0	8	0	0	0.976398636671477	0	0	32.83855664474	0	1384.97368421053
1071	0	13.7777777777778	0	0	0.330710013829084	0	0	36.4615286763103	0	1709.79487179487
1072	0	15.5555555555556	0	0	0.359990423187833	0	0	35.1129234629511	0	2007.24999999999
1073	0	25	0	0	0.409877097196334	0	0	37.8176110547845	0	3052.93750000003
1074	0	5.11111111111111	0	0	0.735053439970549	0	0	42.9464130882154	0	676
1075	0	33	0	0	0.600962102142598	0	0	32.705319073132	0	2170.9034090909
1076	0	13.4444444444444	0	0	0.280059602001739	0	0	36.9999258171313	0	1822.72222222224
1077	0	11.4444444444444	0	0	0.401611059174701	0	0	38.6339803645833	0	1399.77083333334
1078	0	7.44444444444444	0	0	0.898620058385314	0	0	39.0872864543316	0	973.120000000002
1079	0	7.22222222222222	0	0	0.660553935414129	0	0	39.4242480142992	0	836.057926829269
1080	0	12.3333333333333	0	0	0.305127964699275	0	0	39.1195500101644	0	1796.75675675677
1081	0	0.333333333333333	0	0	0	0	0	0	0	243.557692307692
1082	0	12.3333333333333	0	0	0.309744754246866	0	0	38.2151618714147	0	1692.00862068966
1083	0	13.2222222222222	0	0	0.338626778821693	0	0	37.138630430076	0	1844.10365853658
1084	0	13.1111111111111	0	0	0.360199082293503	0	0	39.0352957040523	0	1537.31907894737
1085	0	15.5555555555556	0	0	0.29061612730238	0	0	34.1999690346069	0	1944.77163461537
1086	0	5.88888888888889	0	0	0.751959116190671	0	0	42.4074478554853	0	750.307692307693
1087	0	19.1111111111111	0	0	0.487680915692296	0	0	34.6205123298758	0	2175.53225806451
1088	0	13.2222222222222	0	0	0.25378770378489	0	0	40.8238714893904	0	2556.64583333333
1089	0	13.5555555555556	0	0	0.301579297434726	0	0	38.5175221278447	0	1611.86458333333
1090	0	5	0	0	0.854848169848196	0	0	45.9469005020119	0	531.540000000001
1091	0	20	0	0	0.558960155231193	0	0	29.7668766987781	0	2999.73780487806
1092	0	14.6666666666667	0	0	0.334235690053085	0	0	35.8084953560393	0	1953.96551724137
1093	0	13.1111111111111	0	0	0.360114432909332	0	0	37.7501020685452	0	1751.39930555557
1094	0	8.66666666666667	0	0	0.542937364267745	0	0	39.3934881378974	0	1113.04583333333
1095	0	9.22222222222222	0	0	0.403615318758241	0	0	37.3832738279656	0	1072.22767857143
1096	0	7.44444444444444	0	0	0.828548313324997	0	0	40.1897854868716	0	1034.359375
1097	0	8.55555555555555	0	0	0.487471675317835	0	0	36.9342251857908	0	1111.26470588235
1098	0	11.7777777777778	0	0	0.355161784922555	0	0	37.8435930307506	0	1616.65073529411
1099	0	7.22222222222222	0	0	0.523774020786312	0	0	39.7720113565254	0	868.608333333335
1100	0	12.8888888888889	0	0	0.64357253747376	0	0	32.7041990364968	0	1666.09375
1101	0	12.6666666666667	0	0	0.340256336429164	0	0	38.9896283464522	0	1580.16554054055
1102	0	14.5555555555556	0	0	0.38547191415348	0	0	34.1954138521806	0	1977.03125
1103	0	11.5555555555556	0	0	0.884055868507315	0	0	31.5081130239444	0	2238.83333333334
1104	0	12.7777777777778	0	0	0.317300377382009	0	0	37.4678800985285	0	1641.20138888888
1105	0	12	0	0	0.325592737270057	0	0	40.3729874536098	0	1565.89999999999
1106	0	9.55555555555555	0	0	0.463612082413796	0	0	32.8001801593639	0	2037.30645161291
1107	0	6.44444444444444	0	0	0.535947304252777	0	0	37.6862246413604	0	954.762499999999
1108	0	13.2222222222222	0	0	0.238856910623876	0	0	38.5436848984696	0	1610.54347826087
1109	0	7.44444444444444	0	0	0.945313186873321	0	0	39.9804827164661	0	1304.76595744681
1110	0	8.66666666666667	0	0	0.911129515788888	0	0	33.7988141888884	0	2480.5918367347
1111	0	14.6666666666667	0	0	0.278349944170508	0	0	34.1711044788971	0	3068.16666666665
1112	0	5.22222222222222	0	0	0.746562205379042	0	0	44.1350090523498	0	680.898148148148
1113	0	5.22222222222222	0	0	0.661268713512213	0	0	43.5986457124455	0	579.309999999999
1114	0	4.11111111111111	0	0	0.874407449263835	0	0	30.3844796489597	0	1313.295
1115	0	13.7777777777778	0	0	0.421181962049853	0	0	35.9442100874426	0	1622.22222222223
1116	0	10.7777777777778	0	0	0.546522042988891	0	0	37.0922208050247	0	995.166666666665
1117	0	8.66666666666667	0	0	0.831023913852537	0	0	31.8557424169906	0	1711.90697674418
1118	0	4.77777777777778	0	0	0.917465778507082	0	0	37.6989945772656	0	730.517857142858
1119	0	36.3333333333333	0	0	0.673623409437234	0	0	31.9393266601558	0	3132.22756410256
1120	0	6.66666666666667	0	0	0.855911221915652	0	0	39.7510121751239	0	1293.21710526316
1121	0	7.88888888888889	0	0	0.236535645714964	0	0	34.7901960786983	0	1631.54310344827
1122	0	12.2222222222222	0	0	0.404939152396691	0	0	34.2267226014385	0	2015.65548780489
1123	0	4.66666666666667	0	0	0.934031192868967	0	0	44.7333329824219	0	765
1124	0	10.3333333333333	0	0	0.451897539124835	0	0	34.7440932251271	0	1363.92647058824
1125	0	7	0	0	0.790608056026668	0	0	37.7665325577891	0	886.369565217389
1126	0	9.77777777777778	0	0	0.650288609659682	0	0	37.0055904831391	0	1211.14285714286
1127	0	6.22222222222222	0	0	0.611259060439885	0	0	38.0083014785381	0	1026.655
1128	0	15.7777777777778	0	0	0.349842731230356	0	0	38.0788869911272	0	2045.25872093024
1129	0	13.8888888888889	0	0	0.435953593392649	0	0	37.9050801041028	0	1713.87162162162
1130	0	15.7777777777778	0	0	0.273456923892174	0	0	36.5279454505004	0	2085.82638888887
1131	0	9.33333333333333	0	0	0.87540841883407	0	0	36.2393850999841	0	1164
1132	0	9.11111111111111	0	0	0.669293932549834	0	0	36.3273298315741	0	1143.19791666667
1133	0	14.2222222222222	0	0	0.476481457108052	0	0	34.0271926299672	0	2597.02403846155
1134	0	6.22222222222222	0	0	0.807443032442781	0	0	42.6992994976836	0	798.091346153845
1135	0	12.6666666666667	0	0	0.818968617092521	0	0	31.3627228205422	0	1754.55357142855
1136	0	5.55555555555555	0	0	0.580254683610219	0	0	40.7418079741304	0	812.043478260869
1137	0	5.66666666666667	0	0	0.661833242044155	0	0	38.419568669681	0	894.430000000001
1138	0	11.6666666666667	0	0	0.671974380746586	0	0	30.2711904128574	0	2940.0975609756
1139	0	6.22222222222222	0	0	0.749048335116921	0	0	41.9221965668226	0	837.870689655174
1140	0	8.66666666666667	0	0	0.876092446904551	0	0	38.709623592679	0	1298.30921052632
1141	0	7.11111111111111	0	0	0.844115028208113	0	0	39.7848073762519	0	988.092592592594
1142	0	13.1111111111111	0	0	0.725289620506436	0	0	38.7740495286931	0	1156.94871794872
1143	0	9.66666666666667	0	0	0.665219011570991	0	0	33.0593957105532	0	1324.46875
1144	0	12.3333333333333	0	0	0.390249868996432	0	0	36.1442937294355	0	1468.04411764706
1145	0	9.55555555555555	0	0	0.393746512267532	0	0	38.6779932536746	0	1218.9375
1146	0	10.7777777777778	0	0	0.467589642688035	0	0	38.4287764859002	0	1439.90909090909
1147	0	14.7777777777778	0	0	0.30205076725843	0	0	36.8915243635946	0	1830.11824324324
1148	0	5.33333333333333	0	0	0.58851713408718	0	0	40.0788497114173	0	722.529761904763
1149	0	7.77777777777778	0	0	0.697038632695852	0	0	39.4031868812337	0	910.055555555555
1150	0	9.66666666666667	0	0	0.522048979920721	0	0	38.7291246727339	0	987.75714285714
1151	0	2.11111111111111	0	0	0.422644518661611	0	0	39.8415043097073	0	816.740740740739
1152	0	9.55555555555555	0	0	0.422673172088938	0	0	37.5921162402596	0	1137.72916666667
1153	0	9.55555555555555	0	0	0.61286632012	0	0	38.1589787832403	0	1060.51612903226
1154	0	13.5555555555556	0	0	0.299489518972728	0	0	39.3350473069061	0	1958.30208333332
1155	0	9.88888888888889	0	0	0.345766770655935	0	0	38.0867385703789	0	1434.24147727272
1156	0	5	0	0	0.849902178076732	0	0	39.564165898279	0	544.630434782608
1157	0	5.88888888888889	0	0	0.392146132733909	0	0	39.0210226218994	0	749.902173913042
1158	0	13.7777777777778	0	0	0.28929095528211	0	0	41.7709284230111	0	1483.82978723404
1159	0	4.88888888888889	0	0	0.812943065027802	0	0	32.4424522611429	0	692.076086956521
1160	0	23.8888888888889	0	0	0.815190599541192	0	0	32.8821444584497	0	2262.37234042553
1161	0	12.3333333333333	0	0	0.375121213411044	0	0	37.4435022665224	0	1775.70689655173
1162	0	14.3333333333333	0	0	0.335581497631631	0	0	36.6982907970586	0	2525.91666666666
1163	0	5	0	0	0.910511596469571	0	0	41.5146596491117	0	649.543478260873
1164	0	9.44444444444444	0	0	0.484790914024558	0	0	36.5789354255874	0	1173.3448275862
1165	0	6.55555555555555	0	0	0.847651318836052	0	0	41.5182082177422	0	910.985576923078
1166	0	5.55555555555555	0	0	0.896176304814127	0	0	45.5391426706875	0	737.505434782608
1167	0	8.44444444444444	0	0	0.814022647860525	0	0	39.007058212759	0	810.38793103448
1168	0	7.44444444444444	0	0	0.411736914503198	0	0	37.7534492309252	0	1118.66987179488
1169	0	9	0	0	0.514897216730397	0	0	36.1341827490577	0	1102.78125
1170	0	7.88888888888889	0	0	0.686505131384701	0	0	37.8173428342812	0	851.875000000002
1171	0	3.33333333333333	0	0	0.892538219111002	0	0	40.0661465248703	0	1030.27884615385
1172	0	11.8888888888889	0	0	0.294398071645181	0	0	35.4640930589739	0	2222.07142857142
1173	0	7.33333333333333	0	0	0.729921849258555	0	0	38.0240145835726	0	828.689655172414
1174	0	12.3333333333333	0	0	0.406732314853054	0	0	33.663090890115	0	3053.68749999996
1175	0	34.4444444444444	0	0	0.471878255422629	0	0	35.3905834911477	0	3674.41071428574
1176	0	10.1111111111111	0	0	0.451639814950203	0	0	35.8657152765005	0	1215.55357142857
1177	0	16.8888888888889	0	0	0.418999092729955	0	0	35.9706955716632	0	1908.34999999998
1178	0	6.11111111111111	0	0	0.965318132930644	0	0	35.390717447653	0	1602.20588235294
1179	0	7.66666666666667	0	0	0.632775575186394	0	0	34.5894606032861	0	1431.95
1180	0	18.1111111111111	0	0	0.798635129434789	0	0	34.8969201348472	0	2790.59722222225
1181	0	14.1111111111111	0	0	0.460658031360978	0	0	30.1494867489054	0	2012.92307692308
1182	0	22.5555555555556	0	0	0.484567041428014	0	0	34.71898223833	0	1736.72395833333
1183	0	11.4444444444444	0	0	0.9601946497301	0	0	37.8580729298022	0	1549.69642857143
1184	0	4.11111111111111	0	0	0.80786553638162	0	0	37.8404598429331	0	714.701923076924
1185	0	20.5555555555556	0	0	0.244695176081178	0	0	30.445747553793	0	2962.4375
1186	0	9.77777777777778	0	0	0.914601478892259	0	0	36.3289828854982	0	1073.28125
1187	0	6.88888888888889	0	0	0.747211185458965	0	0	38.2235467507556	0	841.413043478263
1188	0	6.77777777777778	0	0	0.928945823680756	0	0	40.5435759795247	0	641.271739130431
1189	0	7.33333333333333	0	0	0.771958662652828	0	0	40.1774326026957	0	861.964285714288
1190	0	7.33333333333333	0	0	0.877799895274195	0	0	39.535253053181	0	758.89655172414
1191	0	7.33333333333333	0	0	0.927327717981492	0	0	37.7366539030199	0	949.173913043477
1192	0	18.8888888888889	0	0	0.388953976223847	0	0	33.4670769526336	0	1792.60344827586
1193	0	7.88888888888889	0	0	0.806798822930164	0	0	38.8229478270211	0	1068.5474137931
1194	0	5.55555555555555	0	0	0.86221579637986	0	0	36.5155189677327	0	877.298913043478
1195	0	8.22222222222222	0	0	0.89632656176065	0	0	36.1778258588118	0	1022.21875
1196	0	8	0	0	0.67867528362516	0	0	39.871204911855	0	943.624999999998
1197	0	5	0	0	0.910548443995081	0	0	32.9722223731253	0	2043.05555555554
1198	0	5	0	0	1	0	0	38.0917385405334	0	750.75
1199	0	12.8888888888889	0	0	0.400786309473966	0	0	32.487216671094	0	1938.03804347827
1200	0	6	0	0	0.916772480532487	0	0	40.0678708163399	0	697.772727272729
1201	0	17.4444444444444	0	0	0.221440492512389	0	0	39.7212704926482	0	2045.69767441861
1202	0	5.66666666666667	0	0	0.964670967950291	0	0	37.7266216252557	0	985.48913043478
1203	0	6.44444444444444	0	0	0.780956233239194	0	0	41.4406840228489	0	815.75
1204	0	7	0	0	0.907201018285047	0	0	33.0701231288061	0	1105.16666666667
1205	0	10.7777777777778	0	0	0.856519341220214	0	0	31.9029373915454	0	3026.91145833335
1206	0	5.77777777777778	0	0	0.940489253863539	0	0	40.768460649257	0	988.224137931035
1207	0	4	0	0	0.600455712939568	0	0	32.7040319521889	0	821.5


