

Actual Temperature:	30.0



Actual Temperature:	30.0

Results

Well	A1	A2	A3	A4	A5	A6	A7	A8	A9	A10	A11	A12	B1	B2	B3	B4	B5	B6	B7	B8	B9	B10	B11	B12	C1	C2	C3	C4	C5	C6	C7	C8	C9	C10	C11	C12	D1	D2	D3	D4	D5	D6	D7	D8	D9	D10	D11	D12	E1	E2	E3	E4	E5	E6	E7	E8	E9	E10	E11	E12	F1	F2	F3	F4	F5	F6	F7	F8	F9	F10	F11	F12	G1	G2	G3	G4	G5	G6	G7	G8	G9	G10	G11	G12	H1	H2	H3	H4	H5	H6	H7	H8	H9	H10	H11	H12	
OD:630	0.097	0.656	0.690	0.681	0.695	0.690	0.732	0.636	0.733	0.674	0.699	0.776	0.658	0.671	0.616	0.667	0.640	0.728	0.682	0.658	0.751	0.694	0.774	0.774	0.722	0.645	0.709	0.785	0.717	0.577	0.685	0.617	0.650	0.676	0.642	0.714	0.743	0.782	0.681	0.642	0.701	0.732	0.710	0.682	0.686	0.676	0.721	0.697	0.662	0.752	0.688	0.715	0.639	0.673	0.757	0.760	0.570	0.662	0.676	0.756	0.714	0.622	0.717	0.624	0.640	0.698	0.677	0.703	0.787	0.612	0.652	0.848	0.652	0.634	0.674	0.735	0.677	0.606	0.681	0.653	0.686	0.667	0.628	0.489	0.677	0.663	0.749	0.615	0.685	0.734	0.693	0.733	0.555	0.611	0.630	0.749	
EGFP:479,520	16408	24196	23132	22606	22475	22807	22491	23836	22289	24927	23872	26655	22890	22218	22108	22698	22306	21326	21433	22090	21297	21760	21591	25489	22941	22096	22149	21769	22225	22507	23786	21810	23681	21761	22172	25831	23179	21794	22151	22019	21246	21118	22199	22740	21016	21390	21794	24040	23418	22380	22704	22359	22402	22113	21956	21729	21584	21183	21930	23662	22763	22828	21902	22664	22268	21962	22489	22360	22454	22205	22043	23934	22638	23010	22121	22102	22017	22077	22568	22014	21890	21874	22362	23938	24638	23064	22443	23490	22391	22137	23627	23006	23212	22872	22234	24625	
GFP/OD	168980	36873	33505	33195	32324	33039	30709	37466	30416	36984	34161	34354	34803	33112	35866	34045	34826	29306	31404	33546	28339	31359	27892	32915	31770	34257	31262	27738	31010	39000	34734	35366	36449	32181	34509	36168	31192	27862	32532	34292	30304	28834	31288	33333	30613	31651	30248	34491	35353	29745	33014	31289	35036	32872	28985	28580	37840	31994	32446	31291	31899	36677	30534	36338	34783	31469	33219	31820	28513	36312	33824	28217	34716	36276	32825	30071	32512	36419	33149	33712	31910	32814	35614	48983	36371	34787	29964	38208	32707	30143	34079	31382	41831	37434	35314	32877	

