

Actual Temperature:	30.0



Actual Temperature:	30.0

Results

Well	A1	A2	A3	A4	A5	A6	A7	A8	A9	A10	A11	A12	B1	B2	B3	B4	B5	B6	B7	B8	B9	B10	B11	B12	C1	C2	C3	C4	C5	C6	C7	C8	C9	C10	C11	C12	D1	D2	D3	D4	D5	D6	D7	D8	D9	D10	D11	D12	E1	E2	E3	E4	E5	E6	E7	E8	E9	E10	E11	E12	F1	F2	F3	F4	F5	F6	F7	F8	F9	F10	F11	F12	G1	G2	G3	G4	G5	G6	G7	G8	G9	G10	G11	G12	H1	H2	H3	H4	H5	H6	H7	H8	H9	H10	H11	H12	
OD:630	0.087	0.088	0.088	0.087	0.087	0.087	0.088	0.089	0.088	0.087	0.087	0.087	0.627	0.089	0.088	0.088	0.087	0.088	0.089	0.087	0.089	0.089	0.087	0.086	0.671	0.089	0.089	0.088	0.089	0.088	0.088	0.087	0.088	0.089	0.087	0.087	0.720	0.089	0.089	0.089	0.090	0.088	0.088	0.087	0.088	0.089	0.089	0.087	0.746	0.087	0.088	0.089	0.088	0.087	0.088	0.088	0.089	0.089	0.088	0.088	0.753	0.087	0.088	0.089	0.088	0.089	0.088	0.088	0.089	0.089	0.090	0.088	0.804	0.087	0.087	0.089	0.090	0.088	0.088	0.088	0.088	0.089	0.088	0.087	0.889	0.087	0.088	0.088	0.089	0.088	0.087	0.087	0.087	0.087	0.088	0.088	
EGFP:479,520	15808	15578	15112	14740	15060	14459	14790	14589	14653	14854	14950	15518	23743	15517	15450	14776	14858	14196	14632	14734	14642	14569	14792	14853	23688	15726	15743	15019	15128	15027	15097	15080	15352	15275	14910	15301	25034	16173	15956	15415	15382	15187	15301	15440	15019	15081	15092	15078	25267	16342	16165	15498	15795	15281	15443	15679	15521	15350	15421	15720	26026	16380	16328	15678	15867	15441	15880	15751	15617	15552	15697	15842	27585	16508	16181	15497	15847	15629	15745	15619	15408	15386	15441	15620	30554	16598	16787	15922	16654	15518	16026	15874	15704	15632	15522	16124	
GFP/OD	181701	176621	172315	169816	172706	165246	167308	163554	166701	171326	172633	178368	37886	174544	174576	168292	170782	160952	165147	168389	164702	164065	170023	171910	35276	177494	176491	170865	169978	170568	170588	172936	173862	172016	171183	176686	34755	182334	179483	173397	170911	172776	174073	177471	169898	170214	169955	173710	33893	187194	183902	174331	179082	174840	175289	177164	174393	173251	174446	178231	34554	187200	185125	176355	179898	174278	179435	179601	174492	175333	174411	180023	34314	189529	185137	174516	176470	176599	178313	177893	174694	172103	174870	180161	34381	189908	190329	181551	187968	175941	184419	182670	179474	179885	176788	183436	

