

Actual Temperature:	30.1



Actual Temperature:	30.0

Results

Well	A1	A2	A3	A4	A5	A6	A7	A8	A9	A10	A11	A12	B1	B2	B3	B4	B5	B6	B7	B8	B9	B10	B11	B12	C1	C2	C3	C4	C5	C6	C7	C8	C9	C10	C11	C12	D1	D2	D3	D4	D5	D6	D7	D8	D9	D10	D11	D12	E1	E2	E3	E4	E5	E6	E7	E8	E9	E10	E11	E12	F1	F2	F3	F4	F5	F6	F7	F8	F9	F10	F11	F12	G1	G2	G3	G4	G5	G6	G7	G8	G9	G10	G11	G12	H1	H2	H3	H4	H5	H6	H7	H8	H9	H10	H11	H12	
OD:630	0.087	0.909	0.555	0.538	0.091	0.482	1.125	0.882	0.088	0.089	0.485	1.077	0.665	0.100	0.100	0.099	0.097	0.532	0.450	0.424	0.098	0.096	0.698	0.552	0.662	0.991	0.099	0.491	0.097	0.457	0.576	0.857	0.096	0.992	0.094	0.482	0.742	0.099	0.520	0.099	0.099	0.439	0.506	0.655	0.442	0.800	0.464	0.432	0.586	0.099	0.099	0.601	0.613	0.097	0.405	0.097	0.104	0.445	0.414	0.297	0.677	0.425	1.040	0.395	0.097	0.481	0.586	0.097	0.466	0.097	0.659	0.687	0.670	0.520	0.498	0.685	0.630	0.097	0.482	0.473	0.498	0.093	1.271	0.088	0.821	0.088	0.088	0.088	0.088	0.468	0.087	0.087	0.087	0.088	0.774	0.473	
EGFP:479,520	16398	21720	22249	21414	15668	20729	20548	22101	15920	16043	23930	28118	22025	15849	15950	15585	15790	21336	21699	22250	15702	15860	22517	24809	21739	20069	15765	21594	15823	19798	20813	19654	15951	20572	15865	23694	21697	16066	21734	15919	16024	21649	22101	18816	22725	24173	22459	24764	22339	16229	16407	20462	24053	15898	22404	15960	15755	22160	21135	19471	21653	16219	19758	21243	16030	23308	19914	15970	21954	15708	21539	17612	23072	21574	21752	23457	19999	15703	22069	22050	22373	15900	17221	16297	24626	16855	16262	15991	15892	21701	16010	15775	16061	16045	22813	24300	
GFP/OD	188266	23897	40081	39833	172365	43015	18268	25064	180294	181072	49361	26100	33120	158490	159023	157107	162616	40068	48177	52501	160881	164694	32250	44919	32823	20245	158921	43971	162621	43341	36127	22936	165811	20744	169317	49199	29237	161793	41764	160636	162515	49281	43635	28744	51472	30224	48372	57351	38095	163764	165727	34024	39251	163560	55291	164706	151490	49775	51051	65559	31979	38118	18989	53739	165599	48478	33989	165492	47142	162609	32660	25632	34410	41496	43661	34224	31739	161887	45748	46578	44953	171152	13545	184147	30002	192189	184795	181304	180386	46399	184447	181949	183764	182745	29486	51385	

