

Actual Temperature:	30.0



Actual Temperature:	30.0

Results

Well	A1	A2	A3	A4	A5	A6	A7	A8	A9	A10	A11	A12	B1	B2	B3	B4	B5	B6	B7	B8	B9	B10	B11	B12	C1	C2	C3	C4	C5	C6	C7	C8	C9	C10	C11	C12	D1	D2	D3	D4	D5	D6	D7	D8	D9	D10	D11	D12	E1	E2	E3	E4	E5	E6	E7	E8	E9	E10	E11	E12	F1	F2	F3	F4	F5	F6	F7	F8	F9	F10	F11	F12	G1	G2	G3	G4	G5	G6	G7	G8	G9	G10	G11	G12	H1	H2	H3	H4	H5	H6	H7	H8	H9	H10	H11	H12	
OD:630	0.087	0.603	0.592	0.569	0.576	0.558	0.629	0.689	0.715	0.731	0.715	1.007	0.569	0.594	0.597	0.584	0.580	0.565	0.612	0.624	0.614	0.550	0.594	0.741	0.587	0.572	0.607	0.627	0.609	0.592	0.641	0.649	0.635	0.607	0.545	0.721	0.616	0.590	0.589	0.605	0.592	0.561	0.629	0.619	0.571	0.595	0.567	0.644	0.635	0.603	0.594	0.603	0.602	0.635	0.641	0.612	0.612	0.583	0.568	0.678	0.641	0.499	0.599	0.628	0.591	0.606	0.595	0.623	0.579	0.557	0.550	0.668	0.622	0.536	0.555	0.551	0.549	0.598	0.546	0.574	0.572	0.574	0.564	0.638	0.742	0.594	0.611	0.645	0.574	0.554	0.557	0.575	0.545	0.616	0.609	0.806	
EGFP:479,520	16611	25015	23104	23077	23189	23824	24819	26366	26522	25956	25438	31531	21999	22778	23185	23541	23265	23195	23384	23420	23531	23125	23852	26716	22484	22899	22977	22983	23740	23462	24268	23802	24108	24014	22519	26519	23708	22927	22760	23165	23057	22911	23324	23644	23513	22924	22478	25578	24237	24010	24187	23727	23329	23878	24438	23430	24005	23588	23751	26335	24117	23218	22507	22767	22791	23124	23047	23499	22375	23334	22459	25707	24188	24162	23537	23497	23455	23361	23595	23180	23740	23664	23148	26421	25957	25051	24787	24800	23673	23955	24073	24230	24956	25973	25260	28670	
GFP/OD	191371	41512	39047	40550	40280	42726	39470	38284	37109	35532	35583	31324	38649	38353	38823	40296	40098	41082	38190	37526	38343	42068	40189	36069	38290	40012	37841	36644	39008	39652	37854	36669	37971	39555	41304	36771	38493	38892	38661	38308	38954	40832	37052	38172	41164	38554	39616	39724	38144	39811	40712	39335	38733	37621	38125	38309	39256	40467	41808	38814	37642	46482	37568	36276	38550	38158	38734	37749	38618	41907	40849	38472	38906	45070	42371	42637	42700	39098	43175	40355	41511	41241	41057	41432	34982	42145	40541	38468	41271	43201	43204	42154	45824	42137	41505	35566	

