

Actual Temperature:	30.0



Actual Temperature:	30.0

Results

Well	A1	A2	A3	A4	A5	A6	A7	A8	A9	A10	A11	A12	B1	B2	B3	B4	B5	B6	B7	B8	B9	B10	B11	B12	C1	C2	C3	C4	C5	C6	C7	C8	C9	C10	C11	C12	D1	D2	D3	D4	D5	D6	D7	D8	D9	D10	D11	D12	E1	E2	E3	E4	E5	E6	E7	E8	E9	E10	E11	E12	F1	F2	F3	F4	F5	F6	F7	F8	F9	F10	F11	F12	G1	G2	G3	G4	G5	G6	G7	G8	G9	G10	G11	G12	H1	H2	H3	H4	H5	H6	H7	H8	H9	H10	H11	H12	
OD:630	0.087	0.088	0.088	0.087	0.087	0.088	0.088	0.088	0.088	0.088	0.088	0.086	0.687	0.089	0.088	0.088	0.087	0.087	0.089	0.088	0.089	0.091	0.087	0.087	0.634	0.088	0.088	0.088	0.087	0.088	0.088	0.087	0.087	0.089	0.087	0.086	0.669	0.088	0.088	0.088	0.088	0.088	0.086	0.087	0.087	0.088	0.087	0.087	0.669	0.087	0.088	0.088	0.087	0.088	0.087	0.088	0.088	0.088	0.089	0.088	0.715	0.087	0.089	0.087	0.088	0.634	0.088	0.088	0.089	0.088	0.089	0.088	0.741	0.088	0.088	0.088	0.088	0.088	0.088	0.088	0.087	0.089	0.088	0.087	0.831	0.088	0.088	0.088	0.088	0.088	0.087	0.087	0.087	0.088	0.088	0.088	
EGFP:479,520	16411	16060	16149	15714	15722	15610	15679	15711	16036	15697	15632	16062	21623	16186	16118	15715	15647	15459	15465	15492	15684	15367	15494	15492	21146	16025	16003	15699	15714	15792	15436	15389	15521	15619	15420	15665	21426	16152	15901	15484	15459	15449	15393	15498	15389	15350	15287	15591	21620	15780	15962	15571	15822	15362	15462	15603	15713	15580	15346	15639	22035	15977	15930	15753	15603	18595	15390	15307	15340	15276	15290	15275	23079	15872	15850	15647	15330	15760	15554	15363	15226	15400	15524	15309	25044	16155	15427	15297	15312	15278	15428	15379	15309	15376	15721	15847	
GFP/OD	188200	181880	182888	180621	180298	177588	177364	177726	181608	178173	178041	185903	31493	182686	183367	179395	178823	176876	174352	176246	177020	169427	177277	178685	33364	181689	182267	177792	180829	179455	175210	175874	177383	175890	176835	181098	32017	183337	180079	175755	175272	176358	178366	177323	176682	174234	175915	180035	32298	182007	181180	177548	181445	175165	177520	177913	177548	176444	173205	177716	30810	184067	179594	180447	177307	29311	173898	173352	172943	172805	171991	173777	31146	180569	180730	177605	173810	178079	177355	174977	174011	173619	175810	175966	30152	183580	174909	173632	173017	173417	176320	177382	175562	175525	178851	180490	

