

Actual Temperature:	30.0



Actual Temperature:	30.0

Results

Well	A1	A2	A3	A4	A5	A6	A7	A8	A9	A10	A11	A12	B1	B2	B3	B4	B5	B6	B7	B8	B9	B10	B11	B12	C1	C2	C3	C4	C5	C6	C7	C8	C9	C10	C11	C12	D1	D2	D3	D4	D5	D6	D7	D8	D9	D10	D11	D12	E1	E2	E3	E4	E5	E6	E7	E8	E9	E10	E11	E12	F1	F2	F3	F4	F5	F6	F7	F8	F9	F10	F11	F12	G1	G2	G3	G4	G5	G6	G7	G8	G9	G10	G11	G12	H1	H2	H3	H4	H5	H6	H7	H8	H9	H10	H11	H12	
OD:630	0.087	0.089	0.088	0.088	0.087	0.088	0.088	0.088	0.088	0.087	0.087	0.087	0.667	0.089	0.089	0.089	0.088	0.089	0.091	0.088	0.089	0.089	0.087	0.087	0.688	0.089	0.089	0.088	0.089	0.089	0.089	0.087	0.088	0.089	0.088	0.507	0.762	0.095	0.089	0.090	0.090	0.088	0.088	0.087	0.088	0.089	0.087	0.087	0.701	0.111	0.110	0.098	0.089	0.088	0.088	0.088	0.089	0.089	0.088	0.088	0.775	0.128	0.131	0.113	0.106	0.101	0.103	0.091	0.090	0.089	0.089	0.088	0.769	0.166	0.131	0.121	0.119	0.121	0.115	0.105	0.098	0.092	0.088	0.087	0.801	0.145	0.141	0.118	0.115	0.125	0.105	0.109	0.089	0.087	0.089	0.088	
EGFP:479,520	16419	15891	15672	15601	15604	15700	15454	15558	15604	15650	15834	16922	22222	15958	15700	15514	15486	15521	15548	15322	15559	15750	16048	16224	22722	15810	15838	15699	15591	15617	15448	15604	15689	15939	15747	25183	23141	15516	15471	15218	15532	15470	15339	15452	15289	15484	15585	16213	23590	15626	15650	15626	15439	15637	15556	15487	15924	15645	15778	16316	23051	16145	15840	15558	15503	15932	15632	15660	15631	15684	15871	16487	23678	15822	15835	15664	15644	15529	15657	15521	15655	15558	15911	16453	24215	16131	15957	15890	16019	15791	15700	15696	15867	16081	16208	16522	
GFP/OD	188076	179357	178091	177891	178331	178207	175017	175995	176716	179885	181791	195404	33301	178701	176603	174315	176177	174589	169923	173522	174233	176966	184037	187128	33026	178041	177159	177993	174201	174882	172990	178535	178284	178089	179760	49622	30369	163498	173247	169654	172962	175397	174704	176796	173148	173978	178932	185503	33652	141156	142015	159449	172889	177895	176773	175192	178520	175984	178282	184570	29747	126231	120548	137196	145705	157120	152062	172467	174453	176225	178929	187140	30803	95371	121063	129884	131573	128127	136148	147258	159096	168377	179989	189551	30235	111172	112850	134206	139904	126227	148956	144397	178281	184839	182112	187324	

