

Actual Temperature:	30.0



Actual Temperature:	30.0

Results

Well	A1	A2	A3	A4	A5	A6	A7	A8	A9	A10	A11	A12	B1	B2	B3	B4	B5	B6	B7	B8	B9	B10	B11	B12	C1	C2	C3	C4	C5	C6	C7	C8	C9	C10	C11	C12	D1	D2	D3	D4	D5	D6	D7	D8	D9	D10	D11	D12	E1	E2	E3	E4	E5	E6	E7	E8	E9	E10	E11	E12	F1	F2	F3	F4	F5	F6	F7	F8	F9	F10	F11	F12	G1	G2	G3	G4	G5	G6	G7	G8	G9	G10	G11	G12	H1	H2	H3	H4	H5	H6	H7	H8	H9	H10	H11	H12	
OD:630	0.087	0.088	0.088	0.087	0.088	0.088	0.089	0.088	0.089	0.088	0.087	0.088	0.675	0.089	0.089	0.089	0.088	0.088	0.089	0.088	0.089	0.092	0.095	0.087	0.688	0.089	0.089	0.088	0.088	0.089	0.089	0.088	0.088	0.089	0.090	0.087	0.731	0.089	0.089	0.089	0.089	0.089	0.088	0.088	0.088	0.089	0.087	0.086	0.682	0.088	0.089	0.089	0.088	0.088	0.088	0.089	0.089	0.089	0.088	0.088	0.698	0.088	0.090	0.089	0.089	0.089	0.089	0.090	0.089	0.089	0.089	0.088	0.784	0.088	0.089	0.089	0.089	0.089	0.088	0.089	0.088	0.089	0.089	0.102	0.816	0.089	0.089	0.089	0.089	0.089	0.089	0.087	0.087	0.088	0.087	0.088	
EGFP:479,520	16816	16097	15995	15678	15831	15752	15624	15435	15211	15288	15256	16086	22689	16077	16035	15825	15544	15440	15417	15352	15291	15137	15375	15819	21990	16022	15878	15641	15541	15418	15268	15360	15372	15399	15384	15622	23293	15763	15614	15375	15061	15298	15161	15032	14848	14885	14696	15435	23064	16064	15901	15757	15618	15491	15229	15318	15385	15233	15202	15828	22928	16042	15875	15681	15781	15560	15462	15254	15165	15065	14966	15503	24364	16114	15834	15731	15418	15264	15295	15017	15233	14969	15256	15291	25944	15956	15796	15449	15542	15448	15105	15195	15013	15217	15326	15463	
GFP/OD	192623	182299	181144	180000	180719	178797	176343	174604	171488	173727	174554	182381	33633	180034	180778	178009	176636	175654	172836	174455	171040	165251	162698	181619	31967	180835	178605	177739	176202	173236	171744	174943	174088	173412	170933	180393	31851	177912	175045	173337	168845	172081	172480	171403	169498	168002	169309	178646	33793	183379	177864	177844	177679	176034	172664	172306	172478	171543	171968	180273	32862	183128	177176	176986	176917	175225	173926	169677	169441	170034	168916	176572	31084	182698	178512	175765	172848	170547	173020	169301	172124	167814	171995	150206	31786	178479	178083	174171	174238	173573	170485	173856	172167	173314	175154	176518	

