

Actual Temperature:	30.1



Actual Temperature:	30.1

Results

Well	A1	A2	A3	A4	A5	A6	A7	A8	A9	A10	A11	A12	B1	B2	B3	B4	B5	B6	B7	B8	B9	B10	B11	B12	C1	C2	C3	C4	C5	C6	C7	C8	C9	C10	C11	C12	D1	D2	D3	D4	D5	D6	D7	D8	D9	D10	D11	D12	E1	E2	E3	E4	E5	E6	E7	E8	E9	E10	E11	E12	F1	F2	F3	F4	F5	F6	F7	F8	F9	F10	F11	F12	G1	G2	G3	G4	G5	G6	G7	G8	G9	G10	G11	G12	H1	H2	H3	H4	H5	H6	H7	H8	H9	H10	H11	H12	
OD:630	0.087	0.088	0.088	0.757	0.087	0.087	0.088	0.088	0.088	0.088	0.087	0.086	0.776	0.089	0.090	0.088	0.088	0.089	0.089	0.089	0.089	0.088	0.087	0.087	0.933	0.089	0.089	0.088	0.088	0.089	0.089	0.088	0.088	0.089	0.089	0.086	1.034	0.087	0.088	0.087	0.088	0.089	0.087	0.087	0.088	0.088	0.088	0.087	0.850	0.086	0.088	0.087	0.087	0.088	0.092	0.089	0.088	0.088	0.093	0.088	0.839	0.087	0.089	0.087	0.088	0.089	0.087	0.089	0.089	0.089	0.089	0.087	0.936	0.086	0.088	0.089	0.088	0.089	0.089	0.088	0.089	0.089	0.088	0.087	0.947	0.087	0.087	0.088	0.089	0.088	0.088	0.087	0.088	0.088	0.088	0.088	
EGFP:479,520	13444	13285	13016	19105	12999	12667	12960	12887	13045	12863	12827	13056	22453	13581	13650	13455	13400	13560	13114	13157	12963	13044	13240	13373	21134	13837	13753	13241	13577	13327	13301	13230	13166	13157	13067	13312	24640	10953	11706	11416	11573	11698	11539	11671	11705	11593	11245	11589	22688	13104	13258	12978	13096	12908	12586	12746	12785	12496	12551	12889	23398	13660	13659	13563	13630	13684	13379	13494	13504	13113	13010	13423	24461	13037	13261	13411	13088	13389	13469	13407	13316	13171	12973	13379	24457	14337	13805	13846	13800	13665	13677	13764	13500	13450	13474	13644	
GFP/OD	153998	150283	148415	25234	149071	145933	146939	146111	148916	146838	146594	151462	28927	153284	152344	152034	152446	152189	147680	148164	145325	147390	152009	154067	22652	155822	154528	150466	154284	150248	149955	150341	149784	148331	146820	153896	23839	125897	133326	130618	131961	131586	133091	134614	133163	131440	127929	133668	26695	152195	150659	148320	150011	146515	137102	143053	144790	141839	135102	147135	27898	157011	153128	155006	154886	153753	152903	151789	151051	148002	146016	153406	26128	151241	149842	151195	148896	150101	151678	152526	149618	148322	146753	154136	25815	164039	158678	156806	154882	154407	155952	158025	153061	152841	153114	155753	

