

Actual Temperature:	30.1



Actual Temperature:	30.1

Results

Well	A1	A2	A3	A4	A5	A6	A7	A8	A9	A10	A11	A12	B1	B2	B3	B4	B5	B6	B7	B8	B9	B10	B11	B12	C1	C2	C3	C4	C5	C6	C7	C8	C9	C10	C11	C12	D1	D2	D3	D4	D5	D6	D7	D8	D9	D10	D11	D12	E1	E2	E3	E4	E5	E6	E7	E8	E9	E10	E11	E12	F1	F2	F3	F4	F5	F6	F7	F8	F9	F10	F11	F12	G1	G2	G3	G4	G5	G6	G7	G8	G9	G10	G11	G12	H1	H2	H3	H4	H5	H6	H7	H8	H9	H10	H11	H12	
OD:630	0.087	0.089	0.089	0.086	0.087	0.087	0.088	0.090	0.088	0.087	0.087	0.086	0.725	0.089	0.088	0.088	0.087	0.087	0.089	0.087	0.088	0.088	0.087	0.087	0.800	0.088	0.088	0.088	0.088	0.089	0.088	0.088	0.088	0.088	0.086	0.086	0.861	0.088	0.090	0.088	0.089	0.088	0.087	0.087	0.087	0.088	0.086	0.086	0.785	0.086	0.090	0.087	0.088	0.087	0.088	0.088	0.088	0.088	0.088	0.088	0.829	0.087	0.089	0.087	0.088	0.088	0.088	0.088	0.088	0.088	0.088	0.087	0.813	0.088	0.088	0.088	0.088	0.088	0.087	0.088	0.089	0.088	0.088	0.087	0.971	0.088	0.088	0.090	0.088	0.088	0.087	0.087	0.087	0.088	0.088	0.088	
EGFP:479,520	14326	14007	14161	13809	13881	13765	13493	13633	13417	13605	13761	13818	23578	15181	15023	14807	14946	14558	14778	14577	14266	14188	14326	14604	22912	15180	15174	14996	14822	14764	14756	14340	14291	14006	13953	14498	24188	14734	14759	14733	14366	14173	14241	14255	14106	13984	13986	14603	23619	14993	14981	14932	14916	14684	14597	14332	14453	14583	14056	14737	24178	15064	14785	14753	14800	14697	14528	14626	14079	14425	14156	14520	23693	15252	15230	14980	14828	14742	14777	14293	14171	13950	14048	14730	25948	15628	15141	15111	14679	14408	14717	14611	14487	14449	14285	14688	
GFP/OD	165427	157559	158756	159826	160104	157675	153504	150975	152987	156379	158537	161237	32526	170957	169943	167690	170811	166568	166795	166785	161198	161963	164667	167862	28633	171719	171458	170023	168815	166074	166734	162585	162582	158978	162812	167995	28099	167432	164171	167611	162144	161240	163690	162914	162325	158369	162063	169016	30092	173329	166086	170651	169886	168976	166632	163235	163681	165528	159727	168039	29179	173149	166685	168606	167232	167011	164530	166963	159265	163364	160317	166323	29136	174110	173265	169649	168118	166954	168880	163162	159404	158163	159455	169700	26726	177793	171278	168274	166429	163727	168194	168136	166709	163450	162699	166531	

