

Actual Temperature:	30.1



Actual Temperature:	30.1

Results

Well	A1	A2	A3	A4	A5	A6	A7	A8	A9	A10	A11	A12	B1	B2	B3	B4	B5	B6	B7	B8	B9	B10	B11	B12	C1	C2	C3	C4	C5	C6	C7	C8	C9	C10	C11	C12	D1	D2	D3	D4	D5	D6	D7	D8	D9	D10	D11	D12	E1	E2	E3	E4	E5	E6	E7	E8	E9	E10	E11	E12	F1	F2	F3	F4	F5	F6	F7	F8	F9	F10	F11	F12	G1	G2	G3	G4	G5	G6	G7	G8	G9	G10	G11	G12	H1	H2	H3	H4	H5	H6	H7	H8	H9	H10	H11	H12	
OD:630	0.088	0.089	0.088	0.087	0.087	0.087	0.089	0.089	0.089	0.088	0.088	0.087	0.747	0.088	0.088	0.088	0.087	0.104	0.105	0.105	0.101	0.103	0.108	0.086	0.779	0.088	0.088	0.088	0.088	0.108	0.102	0.107	0.099	0.104	0.088	0.086	0.831	0.088	0.088	0.087	0.088	0.094	0.097	0.103	0.118	0.101	0.093	0.086	0.874	0.087	0.087	0.090	0.090	0.103	0.093	0.094	0.090	0.129	0.134	0.090	0.795	0.087	0.089	0.087	0.088	0.088	0.092	0.089	0.089	0.101	0.106	0.088	1.007	0.087	0.088	0.088	0.088	0.089	0.090	0.088	0.089	0.101	0.116	0.087	0.995	0.088	0.087	0.088	0.088	0.088	0.088	0.087	0.087	0.088	0.088	0.091	
EGFP:479,520	16095	15734	15372	14795	15078	15009	15018	14992	14811	14955	15156	15236	24019	15678	15658	15266	15230	15065	14736	14752	14725	14567	14391	14680	23262	15585	15343	15204	15410	15028	14825	15232	14869	14682	14548	14566	24820	14853	14416	14219	14491	14396	14338	14561	14156	14313	14232	14108	25147	15624	15705	15519	15518	15425	15483	15279	15001	14723	14882	15151	24323	15946	15472	15205	15517	15342	15133	15239	15077	14879	14548	15029	27806	15721	15600	15201	15353	15272	15070	15054	14839	14706	14859	14831	26761	16131	15713	15373	15291	15286	15370	15083	14994	14771	14956	14995	
GFP/OD	183106	177384	175080	169862	173111	172122	169503	168829	166979	170330	172816	174525	32150	177957	177127	173280	174656	145135	140745	139962	145217	141702	133497	170499	29869	176301	173957	173166	175313	138891	144634	142222	150344	141445	164384	169175	29868	168976	163818	162503	164858	152824	148273	141782	120068	142135	153362	163666	28776	178764	179486	173203	172422	150195	166843	163063	167422	114576	111060	167414	30580	182658	173259	175173	176530	173356	165207	171033	169404	147903	136858	171173	27624	180287	176471	172739	175063	172176	167817	171653	166730	146183	128649	170864	26904	184144	179989	174297	172780	173114	175057	173567	171360	168619	169186	165325	

