

Actual Temperature:	30.0



Actual Temperature:	30.0

Results

Well	A1	A2	A3	A4	A5	A6	A7	A8	A9	A10	A11	A12	B1	B2	B3	B4	B5	B6	B7	B8	B9	B10	B11	B12	C1	C2	C3	C4	C5	C6	C7	C8	C9	C10	C11	C12	D1	D2	D3	D4	D5	D6	D7	D8	D9	D10	D11	D12	E1	E2	E3	E4	E5	E6	E7	E8	E9	E10	E11	E12	F1	F2	F3	F4	F5	F6	F7	F8	F9	F10	F11	F12	G1	G2	G3	G4	G5	G6	G7	G8	G9	G10	G11	G12	H1	H2	H3	H4	H5	H6	H7	H8	H9	H10	H11	H12	
OD:630	0.089	0.114	0.129	0.111	0.133	0.151	0.154	0.148	0.164	0.196	0.163	0.084	0.705	0.128	0.108	0.096	0.132	0.137	0.127	0.128	0.130	0.143	0.225	0.155	0.733	0.105	0.123	0.135	0.124	0.120	0.127	0.127	0.684	0.121	0.118	0.105	0.655	0.124	0.121	0.126	0.122	0.144	0.125	0.125	0.122	0.120	0.110	0.104	0.650	0.111	0.115	0.124	0.134	0.132	0.125	0.136	0.120	0.127	0.477	0.102	0.718	0.113	0.119	0.126	0.123	0.126	0.584	0.126	0.123	0.124	0.123	0.105	0.689	0.108	0.115	0.119	0.119	0.123	0.122	0.125	0.117	0.116	0.117	0.103	0.755	0.101	0.106	0.114	0.114	0.116	0.108	0.117	0.111	0.106	0.102	0.088	
EGFP:479,520	15105	14615	14522	14431	14496	14597	14534	14355	14155	14252	14537	15069	22316	14532	14251	14573	14415	14545	14541	14632	14744	14865	14547	15042	21821	14979	14933	14926	15076	15040	14682	14844	21089	15022	15137	15506	22845	15060	15178	15085	15032	15061	15089	15183	15274	15050	15152	15637	22989	15313	15439	15192	15145	15331	15245	15241	15279	15333	20705	15785	23210	15159	15098	15412	15269	15284	22026	15139	15256	15384	15448	15849	22796	15169	15149	15356	15179	14969	15106	15162	15319	15393	15205	16120	25277	15503	15243	15370	15252	15416	15422	15290	15505	15420	15714	16320	
GFP/OD	169910	128767	112399	130479	109404	96605	94193	96797	86364	72640	89020	180467	31645	113443	131588	151644	109205	106401	114949	114491	113853	103878	64711	96858	29786	142657	121209	110563	121483	125021	115515	116698	30823	124251	128388	147536	34894	121550	124922	119438	123314	104590	120327	121561	125609	124896	137371	149923	35373	137707	134136	122913	113107	116144	121765	112231	127431	120637	43370	155364	32335	133677	127195	122707	124442	121013	37696	120533	123932	123566	125491	150227	33100	140324	131960	129477	127555	121798	123314	121296	131268	132470	130180	156353	33479	153952	143261	134706	134142	133241	142401	131245	140317	145198	154665	184824	

