

Actual Temperature:	30.1



Actual Temperature:	30.1

Results

Well	A1	A2	A3	A4	A5	A6	A7	A8	A9	A10	A11	A12	B1	B2	B3	B4	B5	B6	B7	B8	B9	B10	B11	B12	C1	C2	C3	C4	C5	C6	C7	C8	C9	C10	C11	C12	D1	D2	D3	D4	D5	D6	D7	D8	D9	D10	D11	D12	E1	E2	E3	E4	E5	E6	E7	E8	E9	E10	E11	E12	F1	F2	F3	F4	F5	F6	F7	F8	F9	F10	F11	F12	G1	G2	G3	G4	G5	G6	G7	G8	G9	G10	G11	G12	H1	H2	H3	H4	H5	H6	H7	H8	H9	H10	H11	H12	
OD:630	0.087	0.089	0.088	0.088	0.088	0.093	0.089	0.089	0.088	0.090	0.091	0.086	0.604	0.096	0.099	0.100	0.097	0.106	0.101	0.100	0.100	0.101	0.100	0.087	0.664	0.096	0.101	0.102	0.101	0.108	0.103	0.101	0.099	0.101	0.100	0.087	0.664	0.101	0.110	0.112	0.104	0.122	0.103	0.099	0.099	0.099	0.098	0.087	0.615	0.099	0.101	0.102	0.099	0.102	0.099	0.097	0.097	0.097	0.097	0.088	0.676	0.088	0.097	0.096	0.098	0.098	0.099	0.097	0.097	0.096	0.096	0.090	0.711	0.096	0.092	0.093	0.092	0.093	0.092	0.092	0.093	0.093	0.091	0.088	0.754	0.091	0.088	0.091	0.088	0.089	0.089	0.087	0.088	0.088	0.088	0.089	
EGFP:479,520	13729	13633	13402	15276	14631	14944	15125	14805	14884	14837	15019	14823	20678	13349	13107	15179	14821	14856	14844	14791	14636	14802	14720	14112	20547	13824	13748	15566	15017	15305	15205	14997	15173	15159	15065	14550	21052	13755	13448	15237	14980	15164	15402	15408	15331	15160	14935	14579	21034	13670	13418	15469	14703	15431	15031	15173	15301	15003	14808	14446	21831	13519	13800	15591	14755	15746	15640	15485	15407	15103	15169	14666	22248	14086	14034	15877	14927	15618	15420	15355	15277	15245	15065	14795	23466	14263	14198	15779	15106	15778	15610	15361	15310	15264	14921	15073	
GFP/OD	157443	153871	151606	173986	167021	160171	169753	166535	168562	163945	164682	171961	34252	138475	131994	151638	153268	140682	147262	147910	146507	146409	146614	162956	30954	144150	136119	151863	149274	141320	147765	148928	153418	149941	150801	167434	31700	135919	122701	135802	143624	123788	149825	156426	154235	152515	151933	166808	34218	137941	132720	150917	148967	152030	151982	157070	157094	154990	152660	163232	32299	153451	141829	162745	150255	160510	157820	160300	159658	157651	158506	163137	31296	146729	152213	170354	162427	168297	167064	166360	164446	164278	165186	167744	31106	156736	160429	173969	170689	176685	176185	175554	174175	173061	168790	168980	

