

Actual Temperature:	30.0



Actual Temperature:	30.0

Results

Well	A1	A2	A3	A4	A5	A6	A7	A8	A9	A10	A11	A12	B1	B2	B3	B4	B5	B6	B7	B8	B9	B10	B11	B12	C1	C2	C3	C4	C5	C6	C7	C8	C9	C10	C11	C12	D1	D2	D3	D4	D5	D6	D7	D8	D9	D10	D11	D12	E1	E2	E3	E4	E5	E6	E7	E8	E9	E10	E11	E12	F1	F2	F3	F4	F5	F6	F7	F8	F9	F10	F11	F12	G1	G2	G3	G4	G5	G6	G7	G8	G9	G10	G11	G12	H1	H2	H3	H4	H5	H6	H7	H8	H9	H10	H11	H12	
OD:630	0.087	0.088	0.088	0.088	0.087	0.088	0.087	0.088	0.088	0.088	0.087	0.087	0.752	0.091	0.089	0.090	0.089	0.088	0.088	0.087	0.088	0.090	0.087	0.087	0.680	0.096	0.096	0.094	0.093	0.094	0.094	0.092	0.092	0.091	0.087	0.089	0.736	0.099	0.096	0.095	0.098	0.095	0.096	0.094	0.093	0.093	0.089	0.087	0.752	0.096	0.099	0.097	0.100	0.096	0.095	0.096	0.096	0.094	0.092	0.088	0.762	0.098	0.102	0.097	0.099	0.100	0.099	0.097	0.098	0.095	0.093	0.088	0.748	0.101	0.107	0.108	0.106	0.101	0.099	0.101	0.097	0.097	0.093	0.087	0.788	0.096	0.095	0.096	0.097	0.109	0.094	0.094	0.088	0.088	0.088	0.088	
EGFP:479,520	17141	16595	16061	16220	16094	15708	13578	15669	15500	15309	15720	16450	23643	16013	15957	15990	15868	15578	15433	15345	15260	15467	15486	15848	22534	16034	15793	15935	15571	15883	15508	15551	15344	15274	15557	16106	22876	16062	15872	15721	15662	15824	15485	15544	15202	15479	15671	15994	22757	15517	15175	15460	14769	15060	14844	14945	14821	14764	14911	15439	23443	16023	15982	15577	15664	15588	15308	15331	15394	15497	15709	16022	23664	16057	15399	15489	15560	15279	15472	15349	15530	15330	15601	15939	23947	15974	15767	15681	15491	15125	15390	15492	15412	15505	15581	16313	
GFP/OD	196346	187939	182304	184738	184142	177492	155177	177452	175737	173179	179657	189735	31457	175389	180102	177273	177296	176621	174384	176177	173804	172238	177592	181743	33114	167895	163998	170064	166713	168431	165684	168301	166783	168587	179022	181783	31090	162079	165161	166008	160143	166218	161977	165538	162588	166262	176674	184263	30266	161635	153593	159381	148134	157203	156253	155839	155194	156398	161900	176244	30777	163667	156994	160092	158703	155724	154004	157402	157725	162442	168011	182275	31628	159296	143782	143152	147348	151577	155811	152726	159446	158368	166856	182160	30374	166223	166143	163174	159372	138381	163898	164284	175735	176595	176655	186009	

