

Actual Temperature:	30.1



Actual Temperature:	30.1

Results

Well	A1	A2	A3	A4	A5	A6	A7	A8	A9	A10	A11	A12	B1	B2	B3	B4	B5	B6	B7	B8	B9	B10	B11	B12	C1	C2	C3	C4	C5	C6	C7	C8	C9	C10	C11	C12	D1	D2	D3	D4	D5	D6	D7	D8	D9	D10	D11	D12	E1	E2	E3	E4	E5	E6	E7	E8	E9	E10	E11	E12	F1	F2	F3	F4	F5	F6	F7	F8	F9	F10	F11	F12	G1	G2	G3	G4	G5	G6	G7	G8	G9	G10	G11	G12	H1	H2	H3	H4	H5	H6	H7	H8	H9	H10	H11	H12	
OD:630	0.086	0.087	0.087	0.085	0.086	0.087	0.088	0.087	0.087	0.087	0.087	0.086	0.791	0.088	0.088	0.088	0.087	0.088	0.089	0.088	0.089	0.089	0.088	0.086	0.693	0.088	0.089	0.088	0.088	0.089	0.090	0.088	0.088	0.089	0.087	0.086	0.737	0.088	0.089	0.087	0.089	0.089	0.088	0.088	0.088	0.089	0.086	0.086	0.695	0.086	0.089	0.087	0.088	0.087	0.088	0.088	0.089	0.088	0.088	0.088	0.875	0.085	0.087	0.085	0.087	0.087	0.087	0.087	0.088	0.087	0.088	0.088	0.757	0.087	0.088	0.088	0.088	0.089	0.088	0.088	0.088	0.089	0.088	0.087	1.034	0.088	0.088	0.088	0.088	0.088	0.087	0.087	0.087	0.087	0.088	0.087	
EGFP:479,520	12925	12145	12710	11656	12482	12546	12797	13032	12654	12614	12759	12972	23848	14339	14683	13283	14473	14342	14328	14108	14058	14204	13997	14265	21450	14611	14693	13511	14401	14361	14305	14189	14054	14069	14089	14179	22280	14040	14436	12946	14062	14145	13981	14138	13773	13584	13460	13725	22050	13902	14378	12617	13901	13741	13786	13780	13442	13755	13570	13782	22959	11752	11606	10679	11991	11553	12259	12391	12625	12927	12402	12641	22845	14059	14937	13268	14256	14083	14156	14228	14032	14078	14148	14093	27564	14624	14955	13470	14514	14394	14266	14032	13904	14028	14031	14789	
GFP/OD	150641	140081	146092	136487	144635	144873	145918	148937	144948	145490	146993	151189	30161	162574	167042	151632	166548	163349	161170	160683	158489	160135	159601	165104	30966	166034	165648	154059	163092	160817	158944	161790	160068	158256	161757	164490	30235	160091	162568	148293	157646	158933	158515	159751	156511	152973	155787	159408	31708	162028	161732	145190	158687	157220	157374	157127	151545	156129	154205	157329	26239	138096	133096	125047	138464	133099	141233	142753	143303	147906	141575	143648	30194	161227	169932	151116	161633	158950	160317	161315	160183	158894	160227	161247	26660	166560	169558	153417	164558	163568	163227	161659	160554	160503	160171	169404	

