

Actual Temperature:	30.1



Actual Temperature:	30.1

Results

Well	A1	A2	A3	A4	A5	A6	A7	A8	A9	A10	A11	A12	B1	B2	B3	B4	B5	B6	B7	B8	B9	B10	B11	B12	C1	C2	C3	C4	C5	C6	C7	C8	C9	C10	C11	C12	D1	D2	D3	D4	D5	D6	D7	D8	D9	D10	D11	D12	E1	E2	E3	E4	E5	E6	E7	E8	E9	E10	E11	E12	F1	F2	F3	F4	F5	F6	F7	F8	F9	F10	F11	F12	G1	G2	G3	G4	G5	G6	G7	G8	G9	G10	G11	G12	H1	H2	H3	H4	H5	H6	H7	H8	H9	H10	H11	H12	
OD:630	0.088	0.090	0.088	0.087	0.087	0.087	0.089	0.089	0.089	0.088	0.088	0.086	0.871	0.099	0.096	0.097	0.090	0.099	0.101	0.099	0.100	0.097	0.094	0.089	0.721	0.100	0.100	0.099	0.094	0.100	0.101	0.103	0.100	0.100	0.101	0.089	0.698	0.105	0.105	0.102	0.102	0.103	0.104	0.102	0.104	0.100	0.102	0.087	0.674	0.100	0.102	0.104	0.105	0.106	0.104	0.107	0.107	0.106	0.105	0.089	0.662	0.103	0.105	0.107	0.105	0.108	0.108	0.112	0.110	0.107	0.102	0.094	0.674	0.106	0.110	0.110	0.104	0.113	0.113	0.117	0.116	0.110	0.101	0.095	0.812	0.099	0.106	0.105	0.111	0.112	0.114	0.113	0.113	0.105	0.102	0.087	
EGFP:479,520	13734	13201	13627	13513	13020	13380	13250	13318	12974	12964	12939	13163	24140	13440	13224	13067	10972	12978	12854	13049	12962	12763	12892	13006	22946	13344	13231	13054	11790	13143	12704	12987	12703	12839	12981	12887	22929	13598	13051	13166	12225	12745	12531	12510	12583	12329	12608	12594	22945	13286	13265	13329	13147	13000	13053	13012	12803	12579	12788	13151	23300	12936	13272	13396	12927	12937	12998	12564	12576	12550	12692	12874	23578	13592	13225	13241	13013	12973	12745	12780	12518	12491	12629	13042	26694	13637	13381	13188	12933	12976	12980	12786	12826	12862	12763	13025	
GFP/OD	156068	147333	154852	154611	149312	153089	148876	149640	145939	146486	147705	152526	27706	135758	137750	134573	121372	131356	127900	131278	130141	132259	136713	146135	31843	133842	132442	131328	125426	132090	125782	126579	127668	128006	128908	144961	32868	129876	123941	129205	120088	124099	120839	122647	121340	123044	123851	144261	34023	133260	129668	127672	125688	122990	125029	121607	119991	118446	121907	147433	35196	125714	126400	124963	123467	119235	120352	112379	114536	117180	124553	137396	34982	128590	120337	119937	125487	115009	113188	109418	107635	113348	125288	136709	32874	138447	126474	125600	116514	115961	113462	113251	113104	122146	125497	148857	

