

Actual Temperature:	30.0



Actual Temperature:	30.0

Results

Well	A1	A2	A3	A4	A5	A6	A7	A8	A9	A10	A11	A12	B1	B2	B3	B4	B5	B6	B7	B8	B9	B10	B11	B12	C1	C2	C3	C4	C5	C6	C7	C8	C9	C10	C11	C12	D1	D2	D3	D4	D5	D6	D7	D8	D9	D10	D11	D12	E1	E2	E3	E4	E5	E6	E7	E8	E9	E10	E11	E12	F1	F2	F3	F4	F5	F6	F7	F8	F9	F10	F11	F12	G1	G2	G3	G4	G5	G6	G7	G8	G9	G10	G11	G12	H1	H2	H3	H4	H5	H6	H7	H8	H9	H10	H11	H12	
OD:630	0.087	0.088	0.088	0.087	0.087	0.088	0.088	0.438	0.088	0.087	0.087	0.086	0.684	0.088	0.088	0.095	0.087	0.088	0.088	0.088	0.089	0.089	0.087	0.087	0.685	0.088	0.089	0.088	0.088	0.088	0.088	0.087	0.087	0.089	0.088	0.087	0.716	0.088	0.088	0.089	0.089	0.087	0.087	0.087	0.088	0.088	0.088	0.088	0.650	0.087	0.088	0.088	0.090	0.087	0.088	0.088	0.089	0.088	0.089	0.088	0.692	0.089	0.088	0.089	0.087	0.088	0.088	0.088	0.089	0.089	0.089	0.088	0.682	0.087	0.087	0.089	0.088	0.088	0.088	0.088	0.089	0.089	0.090	0.087	0.772	0.087	0.088	0.088	0.088	0.088	0.087	0.087	0.087	0.087	0.087	0.088	
EGFP:479,520	16812	16202	15794	15958	15260	15486	15169	20230	15270	15330	15012	15535	23717	15829	16030	15228	15544	15192	15387	15330	14979	15322	15236	15451	22233	15982	15825	15674	15403	15400	15158	15192	15287	15132	15338	15426	22049	16054	16010	15734	15494	15497	15282	15274	15234	15264	15088	15304	21239	16147	16034	15756	15231	15494	15296	15240	15254	15153	15246	15573	21362	16148	15973	15720	15528	15356	15632	15378	15214	15137	15038	15504	22054	16028	15861	15614	15530	15240	15411	15229	15140	14919	14924	15271	23854	16366	15892	15710	15850	15392	15246	15236	15034	15080	15088	15374	
GFP/OD	192357	183905	179681	182377	175604	176378	171595	46156	172933	176410	171762	179595	34654	178859	181746	159623	178257	172636	174061	174800	168493	172935	174525	177394	32462	181202	178612	177508	174439	175799	172250	174220	175109	170405	175091	177924	30799	181606	180904	176985	174876	178126	175252	176374	172330	172670	172237	174504	32675	184748	183037	178842	169989	178502	174413	172985	171586	171220	171883	176165	30883	181235	181718	176036	177463	174302	177636	175148	170370	170847	168966	176382	32328	183177	181684	176032	176277	172398	174530	173451	170688	166879	165271	175529	30903	187254	180796	178320	179299	174711	175040	174925	171817	173733	172434	174903	

