

Actual Temperature:	30.0



Actual Temperature:	30.0

Results

Well	A1	A2	A3	A4	A5	A6	A7	A8	A9	A10	A11	A12	B1	B2	B3	B4	B5	B6	B7	B8	B9	B10	B11	B12	C1	C2	C3	C4	C5	C6	C7	C8	C9	C10	C11	C12	D1	D2	D3	D4	D5	D6	D7	D8	D9	D10	D11	D12	E1	E2	E3	E4	E5	E6	E7	E8	E9	E10	E11	E12	F1	F2	F3	F4	F5	F6	F7	F8	F9	F10	F11	F12	G1	G2	G3	G4	G5	G6	G7	G8	G9	G10	G11	G12	H1	H2	H3	H4	H5	H6	H7	H8	H9	H10	H11	H12	
OD:630	0.088	0.091	0.095	0.094	0.094	0.089	0.089	0.092	0.089	0.088	0.087	0.087	0.595	0.101	0.100	0.103	0.102	0.102	0.100	0.097	0.100	0.099	0.097	0.087	0.588	0.106	0.104	0.104	0.100	0.101	0.100	0.098	0.100	0.100	0.097	0.086	0.617	0.104	0.103	0.101	0.102	0.100	0.100	0.098	0.098	0.099	0.099	0.086	0.640	0.104	0.102	0.103	0.104	0.101	0.100	0.101	0.104	0.100	0.099	0.088	0.658	0.103	0.102	0.104	0.105	0.100	0.100	0.100	0.102	0.100	0.099	0.088	0.661	0.107	0.104	0.103	0.102	0.101	0.101	0.100	0.100	0.100	0.098	0.087	0.719	0.095	0.092	0.093	0.088	0.088	0.087	0.087	0.087	0.087	0.088	0.088	
EGFP:479,520	16437	16072	15898	15567	15663	15858	15751	15719	15727	15546	15563	15815	21787	15902	15674	15412	15359	15357	15329	15459	15151	14993	15145	15187	21673	16066	15663	15562	15560	15341	15377	15125	15284	15337	15450	15544	21877	15751	15786	15564	15543	15246	15385	15101	15139	15201	14943	14919	22115	15757	15741	15344	15066	15364	15386	15239	15249	15038	15127	15031	22438	16209	15991	15875	15516	15522	15355	15510	15147	15203	15216	15217	22670	15907	15451	15820	15595	15413	15279	15005	15234	15449	15218	15318	22962	15944	15884	15765	15946	15923	15775	15635	15957	15790	15859	15976	
GFP/OD	186149	176035	166646	165080	166628	178782	177777	170673	176510	175860	178066	182200	36617	157290	156271	149922	151171	151300	152984	159536	151510	151292	155973	174563	36884	151566	150606	150212	156068	151591	154078	154179	152993	153217	159938	179907	35480	151744	153860	154252	151639	152004	154313	153778	153852	152928	151706	172474	34576	151074	153571	149552	145145	151968	153400	151031	145923	149930	153418	170613	34105	157522	157392	152351	148053	155220	152938	154790	148938	151424	153697	173117	34276	149221	147856	152850	152593	152755	150680	150804	152036	155110	155286	176678	31940	168720	171905	168971	180589	180124	181530	179506	182366	181286	180421	181752	

