

Actual Temperature:	30.0



Actual Temperature:	30.0

Results

Well	A1	A2	A3	A4	A5	A6	A7	A8	A9	A10	A11	A12	B1	B2	B3	B4	B5	B6	B7	B8	B9	B10	B11	B12	C1	C2	C3	C4	C5	C6	C7	C8	C9	C10	C11	C12	D1	D2	D3	D4	D5	D6	D7	D8	D9	D10	D11	D12	E1	E2	E3	E4	E5	E6	E7	E8	E9	E10	E11	E12	F1	F2	F3	F4	F5	F6	F7	F8	F9	F10	F11	F12	G1	G2	G3	G4	G5	G6	G7	G8	G9	G10	G11	G12	H1	H2	H3	H4	H5	H6	H7	H8	H9	H10	H11	H12	
OD:630	0.088	0.089	0.088	0.087	0.087	0.087	0.088	0.088	0.088	0.088	0.089	1.259	0.639	0.089	0.089	0.088	0.088	0.089	0.089	0.088	0.088	0.087	0.087	0.086	0.652	0.088	0.089	0.088	0.088	0.088	0.089	0.087	0.089	0.088	0.087	0.087	0.673	0.089	0.090	0.089	0.089	0.090	0.087	0.088	0.089	0.087	0.088	0.087	0.612	0.087	0.088	0.088	0.087	0.087	0.087	0.088	0.088	0.089	0.088	0.088	0.647	0.087	0.089	0.088	0.088	0.089	0.087	0.089	0.163	0.089	0.088	0.088	0.703	0.087	0.089	0.088	0.088	0.089	0.089	0.089	0.088	0.089	0.089	0.087	0.784	0.088	0.087	0.088	0.088	0.442	0.087	0.087	0.088	0.087	0.089	0.088	
EGFP:479,520	15852	14892	14886	14674	14681	14714	14617	14750	14884	15118	15347	31643	20858	15233	14682	14805	14725	14687	14592	14909	14806	14766	15057	15525	20229	14822	14807	14680	14856	14739	14729	14871	14850	14968	15233	15472	20705	14940	14828	14674	14885	15003	14831	14825	14833	15132	15018	15783	20618	15293	14789	14923	15030	14970	14794	15145	15075	14961	15084	15752	21618	15062	15042	14956	15057	15350	15131	14867	13329	14988	15161	15571	22648	15155	14828	14960	15192	14952	14903	14862	15067	15025	15235	15474	24034	15347	15045	14980	14987	22511	15500	15357	15362	15559	15735	16086	
GFP/OD	180547	168081	169159	168861	167975	168739	165726	166855	169715	171406	172245	25129	32637	171543	164412	167667	167520	165581	164324	169420	167868	169724	173268	179688	31007	167860	166184	167198	168435	166731	165681	170539	167042	169130	174291	178454	30747	168623	163845	165062	167624	166700	169691	169042	167227	172937	171048	181206	33701	175984	167107	169387	171771	171281	170831	172298	170339	168860	170441	178594	33413	172334	169011	170148	170521	173251	172926	167233	81673	169165	171505	176943	32225	173597	167359	169231	173227	168000	167449	167743	170634	168820	170988	178067	30663	174994	172140	169457	169536	50930	178161	176112	174370	178021	177196	183630	

