

Actual Temperature:	30.1



Actual Temperature:	30.0

Results

Well	A1	A2	A3	A4	A5	A6	A7	A8	A9	A10	A11	A12	B1	B2	B3	B4	B5	B6	B7	B8	B9	B10	B11	B12	C1	C2	C3	C4	C5	C6	C7	C8	C9	C10	C11	C12	D1	D2	D3	D4	D5	D6	D7	D8	D9	D10	D11	D12	E1	E2	E3	E4	E5	E6	E7	E8	E9	E10	E11	E12	F1	F2	F3	F4	F5	F6	F7	F8	F9	F10	F11	F12	G1	G2	G3	G4	G5	G6	G7	G8	G9	G10	G11	G12	H1	H2	H3	H4	H5	H6	H7	H8	H9	H10	H11	H12	
OD:630	0.106	0.095	0.091	0.090	0.092	0.094	0.092	0.092	0.093	0.096	0.093	0.098	0.831	0.092	0.092	0.092	0.093	0.099	0.105	0.094	0.095	0.093	0.094	0.095	0.563	0.092	0.092	0.092	0.099	0.093	0.094	0.095	0.094	0.094	0.092	0.099	0.678	0.095	0.092	0.094	0.094	0.102	0.095	0.096	0.095	0.096	0.093	0.095	0.457	0.092	0.095	0.097	0.103	0.095	0.096	0.095	0.094	0.094	0.093	0.094	0.827	0.091	0.096	0.097	0.097	0.098	0.093	0.096	0.096	0.098	0.092	0.093	0.641	0.104	0.096	0.095	0.129	0.099	0.096	0.104	0.103	0.092	0.092	0.099	0.874	0.092	0.093	0.094	0.096	0.104	0.095	0.092	0.092	0.093	0.093	0.102	
EGFP:479,520	20493	24530	24320	23325	23705	24725	24867	23581	24434	25633	24679	25906	55967	24415	24054	25239	24537	25198	25199	25778	26659	26263	26362	26576	39939	25124	25438	24806	26084	26116	27304	27176	26550	27351	26877	26170	43924	26441	24854	26071	26169	28370	27837	27141	26351	26546	26813	27186	31346	26028	25670	26331	27037	28472	26453	26111	25451	25221	26334	27032	43365	26364	26244	27271	27793	28966	24698	26768	25619	24134	25478	27651	35594	23217	25485	24642	24429	26212	24667	23746	24119	24126	24820	27516	48172	23250	23845	25140	24737	24918	26479	25097	25252	24437	24708	25137	
GFP/OD	192966	259302	266959	259455	257383	264156	269415	255206	261326	266733	264512	264617	67349	266539	260325	272854	263839	254783	239990	273943	281213	283006	281645	278574	70977	274279	275303	268463	263475	282030	290159	287577	283351	290042	290562	263810	64794	277742	269566	276176	277803	278137	293330	283605	278552	275373	288312	287378	68606	283839	271353	272860	261733	299076	275265	275142	271622	268309	283161	287881	52456	288762	274806	279990	286526	295873	265000	278543	268262	246517	275736	295733	55546	223886	265746	258573	189225	264501	257753	229208	235078	262524	270961	277939	55098	252443	255848	268303	258215	239366	280201	271319	273586	263614	264540	247168	

