

Actual Temperature:	30.1



Actual Temperature:	30.1

Results

Well	A1	A2	A3	A4	A5	A6	A7	A8	A9	A10	A11	A12	B1	B2	B3	B4	B5	B6	B7	B8	B9	B10	B11	B12	C1	C2	C3	C4	C5	C6	C7	C8	C9	C10	C11	C12	D1	D2	D3	D4	D5	D6	D7	D8	D9	D10	D11	D12	E1	E2	E3	E4	E5	E6	E7	E8	E9	E10	E11	E12	F1	F2	F3	F4	F5	F6	F7	F8	F9	F10	F11	F12	G1	G2	G3	G4	G5	G6	G7	G8	G9	G10	G11	G12	H1	H2	H3	H4	H5	H6	H7	H8	H9	H10	H11	H12	
OD:630	0.087	0.088	0.087	0.087	0.087	0.088	0.088	0.088	0.089	0.087	0.087	0.086	0.621	0.088	0.088	0.087	0.088	0.088	0.089	0.088	0.088	0.089	0.087	0.086	0.704	0.088	0.088	0.088	0.087	0.092	0.093	0.089	0.087	0.089	0.087	0.087	0.686	0.088	0.087	0.088	0.088	0.087	0.093	0.091	0.088	0.088	0.086	0.086	0.669	0.088	0.087	0.088	0.088	0.086	0.088	0.096	0.093	0.088	0.088	0.088	0.694	0.085	0.085	0.088	0.087	0.087	0.087	0.095	0.100	0.088	0.088	0.088	0.771	0.086	0.086	0.087	0.087	0.088	0.087	0.086	0.088	0.089	0.088	0.086	0.754	0.087	0.088	0.088	0.088	0.088	0.087	0.087	0.088	0.087	0.088	0.087	
EGFP:479,520	15017	14800	14495	14242	14347	14109	14178	13953	14001	13883	13942	13876	23438	14582	14300	14124	14151	14204	14126	14086	13964	13936	13900	13825	22327	14702	14753	14685	14630	14351	14346	14242	14325	14268	14124	14013	22647	15172	14887	14475	14473	13847	14294	14089	14196	14074	14215	13769	22786	15176	15144	14699	14985	14745	14490	14426	14279	14392	14169	14331	24240	15395	15059	14768	14880	14913	14628	14679	14473	14203	14370	14353	27111	15266	14969	14752	14604	14512	14482	14482	14460	14455	14144	14081	25841	15256	15223	14704	14813	14645	14775	14611	14518	14489	14528	14291	
GFP/OD	173206	168950	166227	163890	165098	159604	160931	158557	157847	160127	160807	160602	37736	164768	162132	162158	159898	160679	159256	160799	157964	157291	160508	160012	31705	167640	166889	167446	167775	155820	153927	160745	165035	161038	162719	161626	33008	172605	170332	165051	164466	158614	153369	154824	162055	159569	165099	159363	34080	172651	174671	167224	169898	171056	165411	149803	153044	163545	160829	163038	34918	181974	176542	168200	171429	171611	167177	154191	145457	160486	163481	163847	35150	178133	174261	170346	168443	165097	165509	168395	165068	163149	160727	162975	34286	175760	173779	167281	167758	166420	169438	167365	165542	166924	165467	163326	

