

Actual Temperature:	30.0



Actual Temperature:	30.0

Results

Well	A1	A2	A3	A4	A5	A6	A7	A8	A9	A10	A11	A12	B1	B2	B3	B4	B5	B6	B7	B8	B9	B10	B11	B12	C1	C2	C3	C4	C5	C6	C7	C8	C9	C10	C11	C12	D1	D2	D3	D4	D5	D6	D7	D8	D9	D10	D11	D12	E1	E2	E3	E4	E5	E6	E7	E8	E9	E10	E11	E12	F1	F2	F3	F4	F5	F6	F7	F8	F9	F10	F11	F12	G1	G2	G3	G4	G5	G6	G7	G8	G9	G10	G11	G12	H1	H2	H3	H4	H5	H6	H7	H8	H9	H10	H11	H12	
OD:630	0.088	0.353	0.505	0.431	0.409	0.303	0.344	0.363	0.546	0.434	0.470	0.544	0.459	0.265	0.678	0.371	0.521	0.363	0.291	0.497	0.421	0.465	0.409	0.702	0.722	0.252	0.548	0.239	0.348	0.356	0.334	0.494	0.364	0.465	0.296	0.638	0.489	0.287	0.378	0.317	0.254	0.473	0.459	0.559	0.492	0.663	0.348	0.363	0.447	0.369	0.438	0.377	0.300	0.485	0.546	0.326	0.484	0.349	0.279	0.350	0.632	0.264	0.452	0.366	0.333	0.502	0.428	0.408	0.410	0.427	0.406	0.380	0.597	0.429	0.540	0.431	0.622	0.440	0.681	0.306	0.402	0.471	0.400	0.446	0.675	0.355	0.470	0.580	0.577	0.346	0.537	0.342	0.445	0.490	0.612	0.426	
EGFP:479,520	19728	236334	200476	181935	178563	174835	183265	200472	263980	262494	229060	313798	187604	153649	141668	171225	176417	148750	153172	182806	173767	162625	186390	268814	259071	120915	240118	145263	157856	135549	157550	164453	210715	156845	108201	265531	245816	147015	163619	134488	119608	191480	159748	176422	188087	197994	181048	177933	214630	167623	145137	152478	141842	172567	192846	150022	174467	154431	124567	216306	227571	136607	193958	175886	178624	200385	163079	184326	177168	187056	167249	184866	243536	224987	204808	168437	207301	184598	180387	133767	167241	156509	147556	211263	301977	225432	271420	267149	243316	177023	198462	191598	247883	251061	266996	270782	
GFP/OD	223167	670261	397061	422515	436051	577013	533523	552417	483657	604268	486947	576623	408812	580684	208919	461647	338872	409554	526364	367597	412552	349731	455165	382926	359023	479441	437932	608559	453740	380756	471565	333103	578887	337229	365791	416389	502897	512962	433428	424520	470712	405163	347808	315716	382213	298814	520253	490309	480587	453894	331061	404129	472334	355882	353392	459908	360469	442116	447278	617312	359796	518433	429586	479907	536247	398935	381293	451669	431696	438481	411943	486746	408138	524812	379415	390896	333174	419350	264730	437719	415919	331938	369352	473472	447042	635020	576998	460364	421618	511036	369300	560556	557040	512369	436625	636236	

