

Actual Temperature:	30.1



Actual Temperature:	30.0

Results

Well	A1	A2	A3	A4	A5	A6	A7	A8	A9	A10	A11	A12	B1	B2	B3	B4	B5	B6	B7	B8	B9	B10	B11	B12	C1	C2	C3	C4	C5	C6	C7	C8	C9	C10	C11	C12	D1	D2	D3	D4	D5	D6	D7	D8	D9	D10	D11	D12	E1	E2	E3	E4	E5	E6	E7	E8	E9	E10	E11	E12	F1	F2	F3	F4	F5	F6	F7	F8	F9	F10	F11	F12	G1	G2	G3	G4	G5	G6	G7	G8	G9	G10	G11	G12	H1	H2	H3	H4	H5	H6	H7	H8	H9	H10	H11	H12	
OD:630	0.086	0.088	0.087	0.087	0.087	0.087	0.088	0.088	0.088	0.086	0.086	0.086	0.626	0.089	0.089	0.087	0.087	0.088	0.088	0.088	0.088	0.089	0.087	0.087	0.626	0.088	0.088	0.088	0.088	0.088	0.089	0.087	0.087	0.089	0.087	0.087	0.631	0.088	0.088	0.088	0.089	0.087	0.087	0.086	0.087	0.088	0.087	0.086	0.594	0.087	0.087	0.087	0.088	0.087	0.087	0.088	0.089	0.088	0.088	0.088	0.701	0.086	0.086	0.091	0.096	0.087	0.087	0.087	0.088	0.088	0.090	0.088	0.543	0.086	0.087	0.088	0.087	0.087	0.087	0.087	0.087	0.088	0.088	0.087	0.597	0.087	0.088	0.088	0.088	0.088	0.087	0.087	0.087	0.087	0.088	0.088	
EGFP:479,520	15694	15635	15286	15564	15751	15822	15834	16001	16377	16265	16021	16208	213177	17133	17176	17053	17230	17291	17039	17028	17356	17128	17272	17350	200482	17271	17283	17161	17387	17291	17353	17308	17442	17185	17262	17551	210304	16866	16629	16834	16762	16823	16891	16886	16703	17011	16927	17100	186244	16750	16900	16729	16995	16888	16786	16700	16838	16936	17042	17180	223310	15209	15419	14899	15612	15520	15820	16076	15921	16212	16502	16742	154601	17518	17320	17047	16970	16980	16859	16960	16978	16909	17202	17321	205412	17129	17487	17274	17485	17125	17292	17031	17082	16899	16989	17644	
GFP/OD	182065	178075	175903	179102	181463	181237	180342	182660	186526	188035	185214	187593	340593	193375	193641	194891	198731	196043	192749	193500	196113	193100	198301	200115	320412	196485	195952	194790	197355	195600	195858	198259	200713	193962	199100	202667	333234	192096	189829	191513	188337	192703	194149	195214	192875	192650	194117	197688	313595	192750	194925	192509	192906	193892	192279	189989	189191	191367	194100	195227	318741	176439	179082	163905	162965	177778	181422	185207	180102	184227	183560	191119	284716	202520	200000	194157	194387	195172	192674	194273	194702	192585	196146	199781	343843	196885	199169	196073	197794	193941	198987	195534	195670	194689	193497	200957	

