

Actual Temperature:	30.0



Actual Temperature:	30.0

Results

Well	A1	A2	A3	A4	A5	A6	A7	A8	A9	A10	A11	A12	B1	B2	B3	B4	B5	B6	B7	B8	B9	B10	B11	B12	C1	C2	C3	C4	C5	C6	C7	C8	C9	C10	C11	C12	D1	D2	D3	D4	D5	D6	D7	D8	D9	D10	D11	D12	E1	E2	E3	E4	E5	E6	E7	E8	E9	E10	E11	E12	F1	F2	F3	F4	F5	F6	F7	F8	F9	F10	F11	F12	G1	G2	G3	G4	G5	G6	G7	G8	G9	G10	G11	G12	H1	H2	H3	H4	H5	H6	H7	H8	H9	H10	H11	H12	
OD:630	0.087	0.089	0.088	0.087	0.087	0.091	0.088	0.092	0.093	0.089	0.089	0.088	0.602	0.088	0.088	0.087	0.094	0.088	0.089	0.088	0.089	0.088	0.087	0.087	0.554	0.088	0.088	0.088	0.087	0.088	0.088	0.089	0.087	0.088	0.087	0.087	0.601	0.088	0.088	0.088	0.088	0.087	0.087	0.087	0.088	0.088	0.087	0.087	0.642	0.086	0.087	0.088	0.088	0.086	0.088	0.088	0.088	0.088	0.088	0.088	0.565	0.086	0.088	0.087	0.088	0.088	0.087	0.087	0.089	0.089	0.088	0.087	0.561	0.087	0.088	0.088	0.087	0.088	0.088	0.087	0.087	0.088	0.088	0.087	0.611	0.088	0.087	0.088	0.088	0.088	0.087	0.087	0.087	0.088	0.088	0.088	
EGFP:479,520	18484	18263	18139	17978	17794	18196	18129	18134	17937	18086	18226	18492	201991	17811	17910	17729	17692	17651	17998	18002	17835	17917	17697	18026	173800	17947	18037	18038	18131	17899	18026	17913	18103	17753	17911	17884	192829	18039	18007	18342	18153	18104	18042	18101	17983	17777	18377	18080	208404	17900	17982	17791	17810	17643	17982	17805	18064	17806	17986	17952	171296	18199	18079	17902	17906	18076	18042	18137	17927	17702	17970	18217	157674	18031	18078	17885	18089	17818	17871	18066	17992	18017	18244	18192	197422	17833	17898	17687	17951	17689	18056	17894	17831	18026	18356	18358	
GFP/OD	211972	205664	206595	206406	203826	199518	205079	196681	192664	204131	203870	210615	335366	202859	203292	203314	188013	200808	203138	204801	201298	203141	202483	206958	313945	203250	204733	204745	207449	203629	204841	201270	208080	201053	204931	205327	321007	205222	203699	208669	205119	207853	208337	209018	203198	201782	210745	208535	324415	206936	206928	202170	202847	205151	205274	202790	204344	201882	204619	204000	303179	210637	206381	206482	203709	205176	206430	207755	202108	198453	203051	208194	280909	207970	205666	203470	206968	202708	202619	206705	205858	204274	207083	209585	323219	203573	205017	201906	203757	200783	206827	205442	203783	204145	207647	207905	

