

Actual Temperature:	30.0



Actual Temperature:	30.0

Results

Well	A1	A2	A3	A4	A5	A6	A7	A8	A9	A10	A11	A12	B1	B2	B3	B4	B5	B6	B7	B8	B9	B10	B11	B12	C1	C2	C3	C4	C5	C6	C7	C8	C9	C10	C11	C12	D1	D2	D3	D4	D5	D6	D7	D8	D9	D10	D11	D12	E1	E2	E3	E4	E5	E6	E7	E8	E9	E10	E11	E12	F1	F2	F3	F4	F5	F6	F7	F8	F9	F10	F11	F12	G1	G2	G3	G4	G5	G6	G7	G8	G9	G10	G11	G12	H1	H2	H3	H4	H5	H6	H7	H8	H9	H10	H11	H12	
OD:630	0.088	0.089	0.089	0.089	0.088	0.088	0.089	0.089	0.089	0.088	0.088	0.087	0.487	0.089	0.088	0.089	0.087	0.088	0.089	0.088	0.089	0.089	0.088	0.087	0.507	0.088	0.088	0.088	0.087	0.089	0.088	0.087	0.087	0.089	0.087	0.087	0.521	0.089	0.089	0.089	0.089	0.089	0.088	0.088	0.087	0.089	0.087	0.087	0.505	0.087	0.088	0.088	0.088	0.087	0.088	0.088	0.089	0.089	0.088	0.088	0.521	0.087	0.089	0.089	0.088	0.089	0.088	0.088	0.089	0.089	0.089	0.088	0.584	0.088	0.088	0.089	0.089	0.089	0.088	0.088	0.088	0.089	0.089	0.088	0.684	0.089	0.089	0.089	0.089	0.089	0.088	0.087	0.087	0.088	0.088	0.088	
EGFP:479,520	19227	18897	18684	18678	18610	18375	18599	18528	18768	19001	18648	19364	148914	18899	18711	18621	18748	18501	18386	18377	18492	18270	18559	18787	132745	18682	18748	18734	18598	18544	18535	18545	18643	18381	18207	18743	171843	18851	18687	18606	18460	18703	18721	18626	18562	18466	18666	18902	140447	19084	18867	18873	18903	18884	18592	18638	18635	18562	18401	18648	158772	18967	18944	18501	18768	18766	18513	18816	18727	18594	18478	18624	192107	18829	18873	18645	18567	18813	18919	18527	18699	18647	18530	18865	296032	18992	18883	18598	18889	18664	18705	18703	18767	19154	18802	19437	
GFP/OD	218986	213044	210643	210813	211477	207862	208275	207713	211828	216412	212634	221303	305653	212110	211663	208990	214754	210478	207050	209544	208009	205512	210898	214954	261618	211335	211842	212163	212549	209300	209909	212185	213551	207460	208557	215189	330023	212765	209966	209763	207883	210857	213466	212626	212623	207950	214060	216023	278333	219356	213186	213737	215051	215817	212237	211795	209854	209032	207921	211189	304745	217511	212377	207178	212068	211806	209423	214061	209709	209865	208086	210917	328838	214209	213737	209259	209088	210436	215233	210295	212247	208813	208202	215354	432542	214115	213126	209437	212714	210655	213041	214238	214725	217412	212933	220875	

