

Actual Temperature:	30.1



Actual Temperature:	30.0

Results

Well	A1	A2	A3	A4	A5	A6	A7	A8	A9	A10	A11	A12	B1	B2	B3	B4	B5	B6	B7	B8	B9	B10	B11	B12	C1	C2	C3	C4	C5	C6	C7	C8	C9	C10	C11	C12	D1	D2	D3	D4	D5	D6	D7	D8	D9	D10	D11	D12	E1	E2	E3	E4	E5	E6	E7	E8	E9	E10	E11	E12	F1	F2	F3	F4	F5	F6	F7	F8	F9	F10	F11	F12	G1	G2	G3	G4	G5	G6	G7	G8	G9	G10	G11	G12	H1	H2	H3	H4	H5	H6	H7	H8	H9	H10	H11	H12	
OD:630	0.087	0.089	0.087	0.088	0.089	0.089	0.089	0.088	0.088	0.087	0.088	0.087	0.466	0.088	0.088	0.087	0.087	0.087	0.088	0.088	0.088	0.089	0.090	0.086	0.468	0.088	0.088	0.088	0.088	0.087	0.088	0.087	0.086	0.087	0.087	0.087	0.426	0.088	0.088	0.088	0.089	0.087	0.087	0.086	0.087	0.088	0.088	0.087	0.442	0.087	0.087	0.088	0.088	0.087	0.087	0.088	0.089	0.088	0.088	0.090	0.468	0.087	0.087	0.089	0.088	0.088	0.088	0.087	0.089	0.088	0.088	0.088	0.466	0.086	0.087	0.088	0.088	0.088	0.088	0.088	0.087	0.088	0.088	0.087	0.459	0.087	0.088	0.088	0.088	0.088	0.087	0.087	0.087	0.087	0.088	0.089	
EGFP:479,520	17250	17197	17178	16675	17133	17280	17421	17373	17512	17528	17977	18673	106293	17998	18097	17654	17905	17548	17687	17584	17776	17850	17800	18191	101258	17960	18024	17941	18127	18140	18244	18059	17810	17860	17674	17987	95112	17842	17918	17695	18008	17545	17927	17979	17711	18035	18040	18276	108318	18234	18128	17712	18176	17619	17839	17873	18269	18060	17788	18186	126596	18039	17919	17885	17954	17868	17657	17769	17936	17895	17597	17988	121062	18090	17650	17811	17799	17837	17639	17749	17772	17830	17781	17883	143970	17767	17719	17629	17877	17799	17471	17576	17536	18108	17932	18152	
GFP/OD	198962	194097	196995	189704	193157	193722	195522	196973	199453	202402	204052	215624	228195	204059	205882	202222	206041	200549	200760	200273	200859	201467	198439	211032	216225	203167	204586	203182	205755	208266	207790	206389	206613	204114	203618	207702	223268	202750	203845	200851	202110	201899	206295	208331	202411	204247	205701	211039	244842	208389	208129	201731	207489	203218	204341	203333	206196	205461	202828	202291	270273	207583	205493	201862	204255	203508	201105	204241	200851	203121	199966	205108	259678	209375	203341	203090	202722	203619	200900	202153	203574	202384	202057	206263	313524	203984	202041	200557	202458	201574	201047	201329	200871	207185	204237	204414	

