

Actual Temperature:	30.0



Actual Temperature:	30.0

Results

Well	A1	A2	A3	A4	A5	A6	A7	A8	A9	A10	A11	A12	B1	B2	B3	B4	B5	B6	B7	B8	B9	B10	B11	B12	C1	C2	C3	C4	C5	C6	C7	C8	C9	C10	C11	C12	D1	D2	D3	D4	D5	D6	D7	D8	D9	D10	D11	D12	E1	E2	E3	E4	E5	E6	E7	E8	E9	E10	E11	E12	F1	F2	F3	F4	F5	F6	F7	F8	F9	F10	F11	F12	G1	G2	G3	G4	G5	G6	G7	G8	G9	G10	G11	G12	H1	H2	H3	H4	H5	H6	H7	H8	H9	H10	H11	H12	
OD:630	0.088	0.089	0.088	0.088	0.088	0.088	0.089	0.089	0.089	0.087	0.087	0.087	0.543	0.089	0.089	0.088	0.087	0.088	0.089	0.088	0.091	0.089	0.088	0.087	0.507	0.088	0.089	0.088	0.088	0.088	0.088	0.087	0.087	0.089	0.087	0.086	0.620	0.089	0.089	0.089	0.089	0.088	0.087	0.087	0.088	0.089	0.087	0.087	0.614	0.087	0.087	0.088	0.087	0.086	0.087	0.088	0.089	0.088	0.088	0.088	0.600	0.087	0.088	0.089	0.088	0.088	0.088	0.087	0.089	0.089	0.088	0.088	0.646	0.087	0.087	0.089	0.089	0.089	0.088	0.088	0.088	0.089	0.088	0.087	0.715	0.088	0.088	0.088	0.089	0.088	0.087	0.087	0.087	0.087	0.088	0.088	
EGFP:479,520	19783	19640	19421	19209	19220	19276	19382	19408	19589	19717	19687	19621	187212	19518	19300	19004	19317	18952	18977	19036	19432	19323	19115	19706	175511	19336	19333	19033	19222	19143	19175	19119	19439	19387	19254	19473	212402	19375	19272	19224	19090	19330	19365	19043	18928	19652	19588	19171	211129	18654	18858	18641	18413	18434	18269	18629	18470	18601	18586	18653	213659	19336	19307	19250	19263	19087	19275	19347	19310	19458	19432	19425	269086	19420	19328	19075	19175	19008	18891	19128	19144	19184	19480	19339	302728	19703	19442	19300	19266	19160	19299	19132	19567	19245	19846	19553	
GFP/OD	225833	221171	220443	218532	218409	217808	218020	219052	220846	226112	225768	226309	344837	219057	217587	215709	221018	214632	213225	216073	214245	216383	218208	227552	346107	218486	217469	215549	217937	217287	217650	218503	222669	217587	220803	225121	342529	217697	216539	216486	214977	220662	221568	219389	214847	221806	224119	221374	344082	213677	215520	211589	210916	213356	209027	212417	207762	210896	210726	212449	356158	221743	219398	216779	219647	216652	218290	221615	216723	217408	219571	221241	416800	222962	220891	215293	216178	214537	214427	217364	217545	214826	221112	222543	423218	224152	221183	218079	216715	216742	221828	220415	223879	220700	226294	221941	

