

Actual Temperature:	30.1



Actual Temperature:	30.0

Results

Well	A1	A2	A3	A4	A5	A6	A7	A8	A9	A10	A11	A12	B1	B2	B3	B4	B5	B6	B7	B8	B9	B10	B11	B12	C1	C2	C3	C4	C5	C6	C7	C8	C9	C10	C11	C12	D1	D2	D3	D4	D5	D6	D7	D8	D9	D10	D11	D12	E1	E2	E3	E4	E5	E6	E7	E8	E9	E10	E11	E12	F1	F2	F3	F4	F5	F6	F7	F8	F9	F10	F11	F12	G1	G2	G3	G4	G5	G6	G7	G8	G9	G10	G11	G12	H1	H2	H3	H4	H5	H6	H7	H8	H9	H10	H11	H12	
OD:630	0.087	0.089	0.088	0.087	0.087	0.090	0.090	0.089	0.088	0.089	0.088	0.088	0.490	0.088	0.090	0.087	0.088	0.088	0.091	0.088	0.089	0.089	0.088	0.087	0.507	0.093	0.088	0.088	0.088	0.088	0.088	0.088	0.087	0.088	0.087	0.087	0.503	0.087	0.087	0.087	0.088	0.088	0.086	0.086	0.086	0.087	0.087	0.086	0.488	0.086	0.087	0.088	0.087	0.086	0.087	0.088	0.089	0.088	0.088	0.088	0.532	0.086	0.088	0.087	0.088	0.088	0.094	0.088	0.089	0.088	0.088	0.087	0.484	0.087	0.088	0.088	0.088	0.088	0.088	0.087	0.088	0.088	0.088	0.087	0.528	0.089	0.088	0.088	0.089	0.088	0.088	0.087	0.087	0.088	0.088	0.089	
EGFP:479,520	15919	15635	15722	15744	15535	15464	15434	15839	15298	15508	15403	15046	117108	16062	16187	16107	15801	15861	15895	16090	16132	16023	15708	15585	119198	16075	16063	16186	16199	16054	15782	16222	15998	15728	15679	15734	130087	13992	14167	14145	14306	14374	13546	14233	14179	14233	14267	13726	136097	15693	15498	15638	15830	15572	15367	15473	15689	15314	15615	15143	145587	16158	16158	15921	16148	16026	15693	16121	15688	15834	15824	15647	122598	16031	16327	15969	16042	16051	15797	15997	15981	15973	16154	15662	168739	16179	16017	16154	16288	16322	16025	16203	16098	16087	16106	15911	
GFP/OD	182348	176070	179475	180550	178769	172397	172254	178568	173054	174640	174439	171758	238898	181903	179457	184291	179966	180239	175248	183257	180447	179228	179315	179551	234966	173222	181503	183100	184920	181812	178732	183923	183885	178322	180218	180436	258777	160643	162466	162213	162753	162786	157879	165886	163919	163786	164366	160538	278602	181422	177729	177907	182163	180859	176835	174836	175296	174419	176840	171301	273608	186798	184452	182790	183709	182528	167481	182985	176072	179320	179207	178823	253459	183421	185745	180849	182089	181984	178901	183032	180985	181305	182531	180646	319642	181582	182842	183360	183630	184638	182725	185814	184188	182186	182815	179380	

