

Actual Temperature:	30.0



Actual Temperature:	30.0

Results

Well	A1	A2	A3	A4	A5	A6	A7	A8	A9	A10	A11	A12	B1	B2	B3	B4	B5	B6	B7	B8	B9	B10	B11	B12	C1	C2	C3	C4	C5	C6	C7	C8	C9	C10	C11	C12	D1	D2	D3	D4	D5	D6	D7	D8	D9	D10	D11	D12	E1	E2	E3	E4	E5	E6	E7	E8	E9	E10	E11	E12	F1	F2	F3	F4	F5	F6	F7	F8	F9	F10	F11	F12	G1	G2	G3	G4	G5	G6	G7	G8	G9	G10	G11	G12	H1	H2	H3	H4	H5	H6	H7	H8	H9	H10	H11	H12	
OD:630	0.092	0.091	0.089	0.088	0.090	0.092	0.092	0.090	0.089	0.089	0.090	0.089	0.526	0.091	0.090	0.090	0.088	0.091	0.090	0.093	0.095	0.090	0.088	0.089	0.594	0.089	0.089	0.096	0.089	0.090	0.090	0.091	0.091	0.090	0.089	0.093	0.541	0.089	0.088	0.090	0.090	0.088	0.244	0.089	0.092	0.089	0.090	0.088	0.560	0.088	0.088	0.089	0.093	0.091	0.087	0.090	0.090	0.117	0.102	0.104	0.549	0.093	0.089	0.088	0.088	0.090	0.089	0.090	0.090	0.091	0.091	0.090	0.507	0.088	0.090	0.089	0.087	0.089	0.090	0.089	0.089	0.091	0.090	0.087	0.627	0.091	0.094	0.090	0.090	0.091	0.090	0.089	0.091	0.090	0.091	0.091	
EGFP:479,520	16228	15837	16213	16121	14398	15918	15589	15923	15723	16070	15806	16211	155063	16495	16748	16610	15358	16345	16337	16270	16327	16250	16272	16365	192267	16213	16322	15966	14895	16473	16508	16558	16296	16207	15782	16114	169800	16813	16712	16673	15095	16458	16264	16565	16632	16424	16076	16888	137568	16592	16995	16708	14890	16096	16534	16468	16405	15860	16018	16038	176203	16610	16722	16751	15281	16470	16514	16422	16582	16540	16587	16712	158743	16544	16636	16488	15198	16419	16406	16429	16447	16394	16760	17235	192904	16673	16699	16599	15244	17053	16818	16867	16378	16690	16771	17044	
GFP/OD	175628	174801	181964	182571	159800	173399	169262	176530	177061	180157	175233	182762	294629	180470	185471	185173	173930	180209	181120	175135	171502	181362	184699	182849	323845	182373	182777	166313	167360	183033	183422	181557	178098	179678	177725	173455	313573	188065	189264	184232	166980	185966	66656	186543	180783	184539	179420	191041	245569	188975	192906	188365	160626	176298	189610	183590	181874	135209	156426	154063	320719	178219	188736	189277	172667	183000	185759	181659	185067	182159	182075	185072	313288	188000	184027	184636	173890	184691	181482	185429	183971	180750	185398	198789	307858	182618	177460	184638	169755	187396	186867	188458	180374	185651	184297	187503	

