

Actual Temperature:	30.1



Actual Temperature:	30.0

Results

Well	A1	A2	A3	A4	A5	A6	A7	A8	A9	A10	A11	A12	B1	B2	B3	B4	B5	B6	B7	B8	B9	B10	B11	B12	C1	C2	C3	C4	C5	C6	C7	C8	C9	C10	C11	C12	D1	D2	D3	D4	D5	D6	D7	D8	D9	D10	D11	D12	E1	E2	E3	E4	E5	E6	E7	E8	E9	E10	E11	E12	F1	F2	F3	F4	F5	F6	F7	F8	F9	F10	F11	F12	G1	G2	G3	G4	G5	G6	G7	G8	G9	G10	G11	G12	H1	H2	H3	H4	H5	H6	H7	H8	H9	H10	H11	H12	
OD:630	0.087	0.088	0.088	0.087	0.088	0.089	0.089	0.089	0.089	0.089	0.088	0.087	0.492	0.089	0.089	0.088	0.088	0.088	0.089	0.088	0.089	0.089	0.088	0.087	0.531	0.088	0.089	0.087	0.088	0.088	0.088	0.088	0.088	0.089	0.088	0.087	0.505	0.089	0.089	0.090	0.089	0.096	0.089	0.087	0.088	0.089	0.087	0.088	0.508	0.087	0.088	0.089	0.088	0.087	0.088	0.088	0.089	0.089	0.088	0.088	0.525	0.087	0.089	0.088	0.089	0.089	0.089	0.088	0.090	0.089	0.089	0.087	0.537	0.088	0.089	0.089	0.088	0.089	0.089	0.088	0.088	0.089	0.089	0.087	0.598	0.090	0.088	0.088	0.089	0.091	0.090	0.088	0.088	0.088	0.088	0.088	
EGFP:479,520	17616	17253	17150	16943	17112	17176	16846	17172	16864	17137	17208	17108	165921	18341	17821	17467	17728	17555	17340	17746	17576	17396	17451	17702	155641	17435	17233	17371	17105	17068	17170	17239	17302	17277	17633	17065	182741	18097	17862	17767	17436	17709	17770	17558	17473	17514	17407	17584	155447	18102	17888	17845	17802	17857	17682	17832	17613	17674	17584	17799	162239	17899	17721	17739	17560	17498	17607	17808	17575	17568	17651	17492	169070	18021	17764	17542	17625	17475	17565	17507	17515	17390	17365	17480	241688	18109	17906	18011	17671	17661	17502	17696	17438	17624	18000	17783	
GFP/OD	202716	194949	195330	194524	193575	193641	189494	192944	189270	193420	194441	195744	337032	206079	199787	198263	201226	198811	194177	201659	197040	195901	198082	203471	293220	197676	194503	198526	195263	193734	194892	196792	197286	194561	201290	196601	361792	204255	200247	198292	195252	184661	200113	202281	198557	197675	199393	200273	305817	207830	202582	200506	201608	205017	201390	201948	198121	198808	198914	201346	309203	204794	198443	200895	197971	196607	198725	201905	195713	197393	198326	199909	315018	205251	199148	196659	199830	196348	197582	199852	199715	195613	195993	200229	404499	200543	203477	203514	198998	193016	193606	201779	197710	199592	203851	201850	

