

Actual Temperature:	30.0



Actual Temperature:	30.0

Results

Well	A1	A2	A3	A4	A5	A6	A7	A8	A9	A10	A11	A12	B1	B2	B3	B4	B5	B6	B7	B8	B9	B10	B11	B12	C1	C2	C3	C4	C5	C6	C7	C8	C9	C10	C11	C12	D1	D2	D3	D4	D5	D6	D7	D8	D9	D10	D11	D12	E1	E2	E3	E4	E5	E6	E7	E8	E9	E10	E11	E12	F1	F2	F3	F4	F5	F6	F7	F8	F9	F10	F11	F12	G1	G2	G3	G4	G5	G6	G7	G8	G9	G10	G11	G12	H1	H2	H3	H4	H5	H6	H7	H8	H9	H10	H11	H12	
OD:630	0.087	0.089	0.087	0.087	0.087	0.088	0.089	0.089	0.088	0.089	0.088	0.088	0.556	0.089	0.089	0.088	0.087	0.088	0.090	0.090	0.090	0.088	0.088	0.090	0.562	0.090	0.090	0.091	0.089	0.091	0.092	0.091	0.089	0.089	0.088	0.089	0.563	0.092	0.092	0.093	0.091	0.091	0.090	0.091	0.091	0.091	0.087	0.087	0.518	0.093	0.091	0.095	0.091	0.092	0.092	0.093	0.093	0.092	0.105	0.090	0.537	0.094	0.094	0.092	0.093	0.093	0.094	0.094	0.093	0.094	0.092	0.087	0.531	0.097	0.097	0.096	0.095	0.097	0.095	0.096	0.096	0.096	0.105	0.089	0.580	0.088	0.087	0.088	0.088	0.089	0.087	0.087	0.087	0.088	0.088	0.088	
EGFP:479,520	15692	14998	13974	14366	13739	14613	14687	15217	15210	15312	15408	15252	214572	15006	13786	14376	13707	14474	14803	15197	14801	15052	15202	15067	206981	14937	13796	14274	13851	14595	14629	15066	15120	14790	15213	14856	217866	15013	13935	14585	13715	14345	14760	15040	14997	14960	14979	15339	189481	15198	13868	14312	13872	14602	14797	15150	15059	15117	14866	15318	196293	14947	13882	14380	13987	14610	14698	15078	15016	15256	15104	15068	216319	14802	13991	14234	13742	14472	14358	14958	14969	15183	14919	15244	237990	15047	14038	14435	13901	14578	14934	15206	14919	15198	15335	15392	
GFP/OD	179748	169087	160069	165126	158466	166815	165767	171363	171864	172045	174299	173318	385574	168040	154899	164110	157010	164104	164295	169420	164456	170079	172358	167411	368359	165232	153630	157203	156156	160561	159531	165197	169128	166742	173466	167297	387248	162478	151963	157505	150219	156776	164365	165457	165165	164576	171778	177125	365652	163595	152731	150970	152440	159237	160314	162206	162099	164315	141446	170579	365536	159350	147055	156474	149594	157435	156695	161090	160599	162644	163996	172206	406997	152284	144984	148580	144501	149659	150503	155166	156743	158818	141816	172054	410186	171378	161542	163662	158326	164537	170870	174782	171089	172509	173866	175108	

