

Actual Temperature:	30.0



Actual Temperature:	30.0

Results

Well	A1	A2	A3	A4	A5	A6	A7	A8	A9	A10	A11	A12	B1	B2	B3	B4	B5	B6	B7	B8	B9	B10	B11	B12	C1	C2	C3	C4	C5	C6	C7	C8	C9	C10	C11	C12	D1	D2	D3	D4	D5	D6	D7	D8	D9	D10	D11	D12	E1	E2	E3	E4	E5	E6	E7	E8	E9	E10	E11	E12	F1	F2	F3	F4	F5	F6	F7	F8	F9	F10	F11	F12	G1	G2	G3	G4	G5	G6	G7	G8	G9	G10	G11	G12	H1	H2	H3	H4	H5	H6	H7	H8	H9	H10	H11	H12	
OD:630	0.092	0.301	0.088	0.091	0.441	0.087	0.089	0.088	0.087	0.089	0.088	0.091	0.515	0.089	0.089	0.097	0.088	0.089	0.090	0.088	0.515	0.092	0.088	0.088	0.433	0.089	0.089	0.088	0.087	0.087	0.089	0.087	0.085	0.088	0.086	0.085	0.374	0.086	0.090	0.088	0.088	0.445	0.087	0.087	0.387	0.088	0.368	0.458	0.426	0.087	0.089	0.451	0.399	0.086	0.087	0.088	0.383	0.086	0.087	0.502	0.422	0.087	0.448	0.087	0.088	0.416	0.087	0.497	0.396	0.088	0.280	0.087	0.527	0.384	0.089	0.088	0.087	0.088	0.090	0.363	0.416	0.416	0.089	0.086	0.973	0.088	0.088	0.088	0.088	0.438	0.712	0.553	0.506	0.554	0.555	0.086	
EGFP:479,520	19423	167511	18607	18107	245945	18531	18839	18277	18403	18473	18980	19510	199959	18977	18774	18215	18365	18477	18499	18665	100431	18451	18388	18976	217965	18964	18886	18866	18478	18511	18547	18519	18345	18464	18610	18951	170683	19043	18780	18968	18557	152738	18571	18647	160499	18693	150868	210506	153883	18792	18888	165315	122437	18858	18557	18694	146487	18475	18818	296230	162538	18809	202171	18942	18701	212910	18532	154428	179846	18631	142125	19228	211910	176333	18303	18256	18200	18073	19163	171478	180721	129075	19904	18749	407062	17680	16920	16758	17094	154258	256316	277729	324395	105490	309742	16394	
GFP/OD	210433	556700	211684	199416	557572	212755	211674	207457	212506	207329	215193	214160	388421	213225	210000	187590	209646	208544	204635	212828	194898	200773	209192	216621	503035	214041	212680	214386	212391	212282	208863	212131	215317	208633	216900	222953	456494	222465	209365	214570	210636	342923	213705	214580	414405	211459	410190	459921	361482	215505	211512	366877	307245	218517	213299	211950	382772	215578	215309	589865	385070	215452	451678	216728	212995	511557	213995	310908	453698	211957	507046	221266	402259	459560	206115	206984	208955	204215	212450	472652	434530	309978	223892	218265	418229	201138	191186	190648	194250	352187	359843	502404	641097	190415	557591	191295	

