

Actual Temperature:	30.0



Actual Temperature:	30.0

Results

Well	A1	A2	A3	A4	A5	A6	A7	A8	A9	A10	A11	A12	B1	B2	B3	B4	B5	B6	B7	B8	B9	B10	B11	B12	C1	C2	C3	C4	C5	C6	C7	C8	C9	C10	C11	C12	D1	D2	D3	D4	D5	D6	D7	D8	D9	D10	D11	D12	E1	E2	E3	E4	E5	E6	E7	E8	E9	E10	E11	E12	F1	F2	F3	F4	F5	F6	F7	F8	F9	F10	F11	F12	G1	G2	G3	G4	G5	G6	G7	G8	G9	G10	G11	G12	H1	H2	H3	H4	H5	H6	H7	H8	H9	H10	H11	H12	
OD:630	0.087	0.089	0.088	0.088	0.088	0.088	0.115	0.089	0.090	0.089	0.089	0.088	0.470	0.089	0.090	0.088	0.088	0.089	0.090	0.088	0.090	0.090	0.089	0.089	0.360	0.088	0.089	0.088	0.089	0.089	0.090	0.088	0.090	0.092	0.091	0.087	0.442	0.088	0.089	0.089	0.090	0.088	0.089	0.089	0.092	0.092	0.091	0.087	0.544	0.087	0.088	0.089	0.089	0.088	0.092	0.091	0.093	0.092	0.093	0.088	0.518	0.087	0.089	0.088	0.091	0.092	0.093	0.091	0.092	0.093	0.093	0.088	0.541	0.088	0.089	0.090	0.090	0.092	0.092	0.092	0.396	0.093	0.090	0.087	0.497	0.088	0.088	0.089	0.092	0.090	0.091	0.089	0.509	0.088	0.088	0.088	
EGFP:479,520	18752	18328	18229	18284	17875	18223	18104	18253	18153	18189	18267	18135	159431	18530	18299	18406	18273	18020	18270	18091	18235	18625	18182	18284	127619	18526	18543	18206	18373	18157	18391	18387	18269	18412	18355	18302	145038	18705	18544	18345	18315	18410	18516	18364	18476	18547	18400	18543	172381	18649	18689	18474	18668	18618	18838	18518	18429	18311	18703	18246	185396	18745	18648	18395	18611	18580	18389	18684	18663	18443	18541	18432	197014	18612	18550	18307	18658	18558	18457	18661	140464	18737	18625	18767	189033	18703	18466	18363	18618	18533	18547	18515	98452	18644	18793	18789	
GFP/OD	214309	206629	206913	208721	203588	206610	158114	206016	202375	204141	206174	206080	339359	208202	203097	209159	208121	203386	203226	204881	202611	207405	204752	205669	354399	209807	208583	206886	206903	204471	205257	208706	203441	200348	201703	209405	327918	211595	207892	205431	204181	208967	207346	206802	201045	200725	202643	213383	316644	213865	211414	207807	209517	211088	204539	204393	197948	199684	201976	206636	357769	215460	210474	209034	204068	202617	198157	205319	203301	197674	200227	209932	363897	212223	208661	204091	206166	202598	199535	201959	354439	202343	207637	215465	380348	212776	210319	207024	201276	205922	203143	208268	193498	211864	212831	213027	

