

Actual Temperature:	30.0



Actual Temperature:	30.0

Results

Well	A1	A2	A3	A4	A5	A6	A7	A8	A9	A10	A11	A12	B1	B2	B3	B4	B5	B6	B7	B8	B9	B10	B11	B12	C1	C2	C3	C4	C5	C6	C7	C8	C9	C10	C11	C12	D1	D2	D3	D4	D5	D6	D7	D8	D9	D10	D11	D12	E1	E2	E3	E4	E5	E6	E7	E8	E9	E10	E11	E12	F1	F2	F3	F4	F5	F6	F7	F8	F9	F10	F11	F12	G1	G2	G3	G4	G5	G6	G7	G8	G9	G10	G11	G12	H1	H2	H3	H4	H5	H6	H7	H8	H9	H10	H11	H12	
OD:630	0.087	0.088	0.088	0.087	0.087	0.088	0.089	0.089	0.088	0.088	0.088	0.086	0.619	0.089	0.088	0.088	0.087	0.087	0.089	0.088	0.089	0.089	0.088	0.087	0.651	0.089	0.089	0.088	0.087	0.089	0.089	0.088	0.088	0.089	0.087	0.087	0.613	0.089	0.089	0.088	0.088	0.089	0.088	0.089	0.088	0.089	0.087	0.087	0.557	0.087	0.089	0.088	0.087	0.088	0.088	0.089	0.089	0.089	0.089	0.088	0.553	0.088	0.089	0.088	0.089	0.089	0.089	0.089	0.090	0.089	0.089	0.088	0.572	0.088	0.089	0.089	0.088	0.089	0.089	0.089	0.089	0.090	0.089	0.089	0.690	0.089	0.089	0.089	0.088	0.089	0.088	0.088	0.088	0.088	0.089	0.089	
EGFP:479,520	18339	18133	17987	17881	16236	17613	17490	18051	17695	17151	17482	18207	231914	17955	17919	17673	16294	17490	17965	18111	17916	17111	17686	18071	255179	18465	18322	18084	16920	18058	18320	18460	18199	17791	18300	18644	243590	18340	18360	18119	16717	18397	18218	18415	18254	17726	18243	18399	204693	18638	18836	18674	17392	18518	18636	18671	18746	17955	18314	19182	189507	19019	18746	18774	17266	18526	18498	18757	18801	18102	18666	18914	189951	18958	19047	18718	17242	18583	18599	18673	18867	18211	18663	18769	310770	19058	18987	18742	17471	18453	18572	18500	18707	17903	18680	19262	
GFP/OD	210069	205357	203473	205057	187051	200148	195419	203277	199944	195788	199112	210486	374478	202196	202475	200147	188152	199886	202309	205573	200852	192691	201435	208431	392221	208174	206561	204570	194483	203585	206772	209060	205871	200124	209143	214299	397309	206998	206524	205198	189535	207407	207968	207610	207904	199393	208969	211483	367360	213739	210929	211244	199679	211393	211293	210259	209453	201742	205775	216746	342813	216864	209453	212616	192916	208626	207377	210753	209365	202937	209260	214202	332256	214215	214735	209140	195266	208563	209921	209574	211751	203248	209226	209709	450457	214859	213337	210821	197412	207337	210328	210946	213064	202982	210835	216184	

