

Actual Temperature:	30.0



Actual Temperature:	30.0

Results

Well	A1	A2	A3	A4	A5	A6	A7	A8	A9	A10	A11	A12	B1	B2	B3	B4	B5	B6	B7	B8	B9	B10	B11	B12	C1	C2	C3	C4	C5	C6	C7	C8	C9	C10	C11	C12	D1	D2	D3	D4	D5	D6	D7	D8	D9	D10	D11	D12	E1	E2	E3	E4	E5	E6	E7	E8	E9	E10	E11	E12	F1	F2	F3	F4	F5	F6	F7	F8	F9	F10	F11	F12	G1	G2	G3	G4	G5	G6	G7	G8	G9	G10	G11	G12	H1	H2	H3	H4	H5	H6	H7	H8	H9	H10	H11	H12	
OD:630	0.097	0.103	0.095	0.102	0.096	0.111	0.108	0.108	0.107	0.110	0.108	0.098	0.961	0.096	0.095	0.096	0.103	0.099	0.114	0.098	0.110	0.106	0.113	0.115	0.934	0.099	0.100	0.096	0.105	0.105	0.105	0.108	0.099	0.096	0.104	0.107	0.971	0.098	0.097	0.105	0.121	0.119	0.126	0.129	0.107	0.097	0.096	0.112	1.008	0.100	0.102	0.104	0.121	0.127	0.121	0.113	0.103	0.095	0.100	0.105	0.922	0.095	0.097	0.100	0.103	0.117	0.102	0.099	0.109	0.099	0.099	0.109	0.820	0.095	0.104	0.101	0.098	0.113	0.099	0.097	0.098	0.101	0.103	0.101	0.820	0.099	0.104	0.100	0.098	0.102	0.101	0.096	0.094	0.096	0.098	0.106	
EGFP:479,520	22552	38179	38521	37903	39742	41312	43353	45521	44411	43701	37833	40606	776192	38959	39729	41580	41633	42628	42407	45442	46473	43622	41838	40587	697441	39740	39423	40721	43639	44477	47100	46290	46543	42833	40952	42375	757864	40918	41218	41756	41714	47023	49263	47568	44631	43756	43983	43765	785712	39492	40651	42510	45494	47384	47831	46306	44007	42845	41257	42224	737797	39058	41774	43764	45364	50075	46934	44156	42274	40361	39574	41963	604629	37987	40983	43342	45296	45528	46142	45771	43386	40186	40589	42442	430855	36596	38555	40313	42710	43679	44822	43647	41723	41462	40607	38771	
GFP/OD	232255	369593	406769	370508	415711	372516	402535	420323	416614	396921	349658	413925	807692	406670	416447	432225	403421	431021	371665	463221	422482	410367	371893	351707	746885	402227	392659	425952	415610	421983	448145	427030	472518	444326	393391	395658	780257	417531	425806	399197	345887	394158	390976	367889	415559	449240	460555	391108	779554	396905	398930	408750	377231	373396	393995	408703	426838	451000	414643	402133	800561	411570	432891	438517	441714	427626	459237	446471	389263	406046	400547	384982	737442	400707	394447	427858	464574	403975	466081	470895	441813	398671	392544	419387	525561	368911	370365	402325	438051	429489	443782	455130	444808	433250	413935	364047	

