

Actual Temperature:	30.0



Actual Temperature:	30.0

Results

Well	A1	A2	A3	A4	A5	A6	A7	A8	A9	A10	A11	A12	B1	B2	B3	B4	B5	B6	B7	B8	B9	B10	B11	B12	C1	C2	C3	C4	C5	C6	C7	C8	C9	C10	C11	C12	D1	D2	D3	D4	D5	D6	D7	D8	D9	D10	D11	D12	E1	E2	E3	E4	E5	E6	E7	E8	E9	E10	E11	E12	F1	F2	F3	F4	F5	F6	F7	F8	F9	F10	F11	F12	G1	G2	G3	G4	G5	G6	G7	G8	G9	G10	G11	G12	H1	H2	H3	H4	H5	H6	H7	H8	H9	H10	H11	H12	
OD:630	0.088	0.090	0.089	0.088	0.090	0.090	0.090	0.089	0.089	0.087	0.088	0.087	0.497	0.090	0.089	0.088	0.088	0.089	0.089	0.088	0.090	0.090	0.090	0.088	0.495	0.089	0.089	0.089	0.088	0.089	0.089	0.089	0.088	0.091	0.088	0.087	0.497	0.090	0.090	0.093	0.089	0.089	0.089	0.088	0.089	0.090	0.087	0.087	0.532	0.089	0.088	0.093	0.091	0.088	0.089	0.089	0.090	0.090	0.089	0.089	0.549	0.087	0.088	0.089	0.089	0.089	0.090	0.091	0.089	0.090	0.103	0.088	0.540	0.091	0.088	0.090	0.089	0.092	0.089	0.090	0.091	0.090	0.089	0.090	0.560	0.089	0.088	0.090	0.089	0.089	0.087	0.090	0.088	0.088	0.092	0.095	
EGFP:479,520	19851	19262	19169	18944	19004	19435	19179	19332	19383	19518	19526	19630	140695	19401	19242	19016	19173	19283	19001	19205	19278	19055	19189	19208	143018	19302	19353	19264	19128	19045	19119	19360	19341	19247	18937	19280	187249	18948	19027	19053	19132	18716	18997	18844	18777	18719	19182	18556	160328	19632	19311	19111	19183	19228	19316	19265	19186	19228	19605	19211	165224	19251	19357	19281	19304	19240	19369	19397	19408	19477	19280	19359	140234	19181	19261	19182	19195	18973	19242	19450	19452	19053	19257	19644	189350	19554	19088	19553	19108	19221	19306	19112	19213	19309	19350	19925	
GFP/OD	226351	214499	215140	215028	211156	215705	212863	217458	218277	223574	221635	225892	283089	215806	216933	214870	216889	216907	212539	217006	214200	211722	212033	218770	288809	216876	217449	216207	216380	214471	214820	218018	220788	212439	215929	220848	376531	210533	212118	204871	214244	211003	213210	214869	211691	208685	219474	214025	301595	221330	219693	205938	211034	217266	217278	216218	214129	214120	220777	215129	301009	220768	219219	216155	217632	214972	215451	213154	217335	217377	186460	219241	259693	211477	219374	214085	214469	207129	215717	216111	213993	210997	217348	219241	337944	219215	217651	218225	215423	215241	221653	211182	218578	218181	210326	209958	

