

Actual Temperature:	30.1



Actual Temperature:	30.0

Results

Well	A1	A2	A3	A4	A5	A6	A7	A8	A9	A10	A11	A12	B1	B2	B3	B4	B5	B6	B7	B8	B9	B10	B11	B12	C1	C2	C3	C4	C5	C6	C7	C8	C9	C10	C11	C12	D1	D2	D3	D4	D5	D6	D7	D8	D9	D10	D11	D12	E1	E2	E3	E4	E5	E6	E7	E8	E9	E10	E11	E12	F1	F2	F3	F4	F5	F6	F7	F8	F9	F10	F11	F12	G1	G2	G3	G4	G5	G6	G7	G8	G9	G10	G11	G12	H1	H2	H3	H4	H5	H6	H7	H8	H9	H10	H11	H12	
OD:630	0.088	0.089	0.088	0.088	0.088	0.088	0.089	0.089	0.089	0.087	0.087	0.092	0.566	0.089	0.089	0.088	0.088	0.089	0.089	0.088	0.089	0.089	0.087	0.087	0.610	0.089	0.089	0.089	0.088	0.089	0.089	0.088	0.087	0.090	0.087	0.087	0.580	0.089	0.089	0.090	0.089	0.088	0.088	0.087	0.088	0.088	0.088	0.087	0.569	0.088	0.088	0.089	0.088	0.088	0.088	0.089	0.089	0.089	0.089	0.089	0.582	0.088	0.088	0.090	0.088	0.089	0.089	0.088	0.090	0.101	0.089	0.088	0.624	0.088	0.088	0.089	0.089	0.090	0.089	0.088	0.088	0.090	0.089	0.087	0.625	0.088	0.088	0.089	0.089	0.089	0.087	0.087	0.088	0.090	0.088	0.092	
EGFP:479,520	20558	19486	19502	19170	19196	19380	19170	19172	19289	19484	19795	19827	221675	19659	19311	19133	19162	19121	19422	19122	19098	19217	19286	19524	220110	19378	19374	19193	19234	19026	19356	19171	19013	19268	19251	19178	209196	19235	19531	19141	19229	19080	19087	19028	19261	19099	19180	19227	202297	19764	19584	19471	19225	19488	19151	19234	19393	19002	19250	19350	242809	19559	19421	19563	19187	19277	19515	19056	18954	18862	18956	19458	252615	19380	19659	19202	19251	19220	19294	19299	19120	19499	19136	19439	267305	19387	19357	19363	19240	19398	19475	19448	19389	19598	19663	19437	
GFP/OD	233614	219437	221362	217841	218385	218983	215636	215658	217218	223184	226747	215043	391790	219899	217711	216192	218744	215813	218470	216557	214103	216408	221170	225190	360836	217486	216954	216625	217333	214498	217973	218597	217291	215045	220515	220945	360869	214916	218957	213627	215330	217065	217640	219217	218627	216052	218700	220746	355656	225359	222799	219515	217971	222466	217873	217088	218144	214470	215807	217172	417269	222768	220944	218094	217540	215868	219764	216545	211540	186383	212273	220863	405091	221233	223652	214787	216791	213556	217275	218068	216045	217138	215495	223437	427483	221060	219716	216588	215937	218200	223337	223028	221083	217273	222937	212194	

