

Actual Temperature:	30.1



Actual Temperature:	30.0

Results

Well	A1	A2	A3	A4	A5	A6	A7	A8	A9	A10	A11	A12	B1	B2	B3	B4	B5	B6	B7	B8	B9	B10	B11	B12	C1	C2	C3	C4	C5	C6	C7	C8	C9	C10	C11	C12	D1	D2	D3	D4	D5	D6	D7	D8	D9	D10	D11	D12	E1	E2	E3	E4	E5	E6	E7	E8	E9	E10	E11	E12	F1	F2	F3	F4	F5	F6	F7	F8	F9	F10	F11	F12	G1	G2	G3	G4	G5	G6	G7	G8	G9	G10	G11	G12	H1	H2	H3	H4	H5	H6	H7	H8	H9	H10	H11	H12	
OD:630	0.089	0.089	0.088	0.087	0.087	0.088	0.089	0.089	0.089	0.088	0.088	0.086	0.519	0.091	0.092	0.089	0.088	0.089	0.090	0.089	0.089	0.088	0.088	0.087	0.560	0.089	0.090	0.088	0.088	0.089	0.089	0.088	0.088	0.088	0.089	0.088	0.554	0.089	0.089	0.089	0.089	0.089	0.088	0.088	0.089	0.092	0.088	0.087	0.550	0.087	0.089	0.088	0.088	0.088	0.087	0.088	0.089	0.090	0.089	0.088	0.562	0.088	0.090	0.089	0.088	0.089	0.088	0.090	0.089	0.089	0.089	0.088	0.564	0.087	0.093	0.089	0.088	0.089	0.089	0.089	0.088	0.089	0.089	0.087	0.566	0.088	0.087	0.089	0.089	0.089	0.087	0.087	0.087	0.088	0.089	0.088	
EGFP:479,520	18625	18170	18179	18070	18012	17986	18026	18055	18191	17956	18141	18800	146424	18122	18111	18004	17934	17802	17756	17824	18031	17882	17759	18448	156952	18326	18174	18271	18312	18043	18153	18013	17976	17990	18019	18508	192401	18331	18326	18107	18091	18278	17977	18196	18295	18231	18222	18587	170015	18201	17908	18192	18373	17638	17788	18240	17786	17795	17694	18235	175703	18429	18405	18065	18383	18350	18420	18136	18110	18060	18129	18221	168989	18361	18047	18302	18043	18119	18088	18004	18122	18044	18190	18258	218161	18173	18159	18125	18077	17983	18036	18112	17935	17876	18242	18523	
GFP/OD	208333	203700	205878	206987	205851	205320	203454	203781	205316	202893	205914	217845	281910	199581	197288	203205	203333	199574	197949	200721	202141	203205	202497	211076	280121	204760	202609	207389	206915	202049	203737	205628	203579	203737	201781	211038	347106	205735	204989	202766	202814	204681	205217	207480	205101	198811	207304	213154	308950	208727	201667	206259	208784	200888	205404	206102	198949	197284	198363	207216	312806	209659	204273	202296	208898	205948	210034	202411	202346	203378	204616	207528	299414	209840	194892	205410	204569	203128	203465	202976	205232	201834	204612	210104	385375	206982	208245	203423	202884	202968	206598	208184	204971	203831	204966	210489	

