

Actual Temperature:	30.0



Actual Temperature:	30.0

Results

Well	A1	A2	A3	A4	A5	A6	A7	A8	A9	A10	A11	A12	B1	B2	B3	B4	B5	B6	B7	B8	B9	B10	B11	B12	C1	C2	C3	C4	C5	C6	C7	C8	C9	C10	C11	C12	D1	D2	D3	D4	D5	D6	D7	D8	D9	D10	D11	D12	E1	E2	E3	E4	E5	E6	E7	E8	E9	E10	E11	E12	F1	F2	F3	F4	F5	F6	F7	F8	F9	F10	F11	F12	G1	G2	G3	G4	G5	G6	G7	G8	G9	G10	G11	G12	H1	H2	H3	H4	H5	H6	H7	H8	H9	H10	H11	H12	
OD:630	0.093	0.504	0.461	0.425	0.470	0.466	0.498	0.464	0.510	0.505	0.490	0.703	0.526	0.420	0.467	0.454	0.423	0.455	0.442	0.452	0.432	0.447	0.419	0.541	0.520	0.457	0.469	0.485	0.496	0.443	0.509	0.448	0.444	0.478	0.444	0.528	0.522	0.442	0.455	0.457	0.453	0.436	0.498	0.483	0.435	0.407	0.463	0.488	0.526	0.518	0.499	0.469	0.540	0.437	0.451	0.495	0.470	0.425	0.406	0.479	0.483	0.423	0.459	0.520	0.494	0.449	0.434	0.470	0.455	0.437	0.433	0.466	0.471	0.484	0.491	0.471	0.515	0.452	0.482	0.457	0.406	0.482	0.458	0.459	0.534	0.460	0.521	0.579	0.556	0.538	0.557	0.472	0.443	0.462	0.479	0.582	
EGFP:479,520	20282	277085	189048	180034	169554	182942	209174	217465	228466	201454	195272	396728	220447	180020	221261	197372	155713	165608	171180	144468	130897	125502	146610	298528	201261	152217	181390	215922	215413	160944	253089	212407	188061	161614	146919	293412	203825	157223	154517	191421	139514	129953	201815	205832	125471	120028	131137	167392	187865	220885	245987	263255	251426	194858	209081	203772	165618	161399	155464	205981	171406	155301	189165	241793	204993	195592	173152	221924	180817	134049	131041	179848	143362	188538	198514	213628	245752	206655	201550	224339	152031	163443	111374	184516	197262	189439	267153	309216	286401	268567	240591	166104	139391	144060	162353	309001	
GFP/OD	219028	549445	410260	423112	360676	392495	419607	468776	448060	399235	398108	564255	419340	428415	473995	434644	368116	364374	387548	319478	302722	280828	349654	551400	387115	332860	387089	444742	433950	363633	497130	474440	423465	338317	331122	555179	390320	355387	339897	418681	307978	298331	405007	426418	288240	294620	283233	342735	356886	426666	493059	560714	465690	446206	463800	411328	352229	379673	383105	429754	355025	367229	411945	465255	414882	435714	399244	472380	397400	306538	302565	386023	304637	389702	404223	453755	476911	456898	417893	490573	374276	339093	243015	401996	369543	411466	512770	533775	515295	499381	432018	351915	314723	312156	339154	531203	

