

Actual Temperature:	30.0



Actual Temperature:	30.0

Results

Well	A1	A2	A3	A4	A5	A6	A7	A8	A9	A10	A11	A12	B1	B2	B3	B4	B5	B6	B7	B8	B9	B10	B11	B12	C1	C2	C3	C4	C5	C6	C7	C8	C9	C10	C11	C12	D1	D2	D3	D4	D5	D6	D7	D8	D9	D10	D11	D12	E1	E2	E3	E4	E5	E6	E7	E8	E9	E10	E11	E12	F1	F2	F3	F4	F5	F6	F7	F8	F9	F10	F11	F12	G1	G2	G3	G4	G5	G6	G7	G8	G9	G10	G11	G12	H1	H2	H3	H4	H5	H6	H7	H8	H9	H10	H11	H12	
OD:630	0.087	0.089	0.089	0.087	0.088	0.088	0.098	0.089	0.089	0.088	0.088	0.087	0.552	0.089	0.088	0.088	0.087	0.087	0.088	0.088	0.088	0.088	0.087	0.087	0.625	0.089	0.088	0.088	0.087	0.088	0.088	0.088	0.087	0.089	0.087	0.086	0.521	0.088	0.088	0.088	0.088	0.087	0.086	0.088	0.087	0.088	0.087	0.087	0.601	0.089	0.088	0.088	0.087	0.086	0.088	0.087	0.088	0.088	0.088	0.089	0.629	0.086	0.090	0.087	0.088	0.088	0.087	0.088	0.090	0.088	0.089	0.088	0.656	0.087	0.087	0.088	0.088	0.088	0.087	0.087	0.087	0.088	0.088	0.087	0.744	0.089	0.088	0.088	0.088	0.088	0.088	0.087	0.088	0.088	0.089	0.088	
EGFP:479,520	20442	20023	19731	19493	19697	19555	18645	19536	19811	19804	19948	21117	200439	19487	19615	19619	19257	19709	19349	19676	19842	19599	19793	19916	207972	19948	19965	19607	19844	19770	19159	19651	19910	19416	19622	20390	195642	19546	19860	19500	19518	19375	18978	19601	19553	19285	19681	19538	262503	19802	19883	19633	20138	19910	19129	19963	19690	19726	19858	20012	240868	19575	19905	19987	20020	19675	19094	19789	19773	19761	19821	20097	269279	19569	19846	20014	19769	19714	19465	19834	19831	19915	19791	20099	302444	20218	19850	19764	19879	19987	19503	19993	19842	20241	19959	20800	
GFP/OD	233623	223971	221946	223288	223322	220960	190839	219506	223600	223774	227198	243003	363246	219696	223916	223197	221855	226280	218880	224100	225221	221708	226465	227872	332862	225147	227133	222302	228354	224404	218710	224071	227803	218649	226321	235723	375296	222620	226196	221843	222808	221936	221189	221982	224232	219647	225183	225352	436487	221499	225431	222344	230940	230440	217870	228410	222738	224670	225403	225614	383121	226301	219945	230000	227242	224344	219471	225644	219944	225068	223713	227857	410549	223646	227331	227950	224393	224789	223993	227454	227943	226307	224134	230229	406675	228194	224294	223828	224876	226097	222637	229541	226249	230273	225271	235028	

