

Actual Temperature:	30.0



Actual Temperature:	30.0

Results

Well	A1	A2	A3	A4	A5	A6	A7	A8	A9	A10	A11	A12	B1	B2	B3	B4	B5	B6	B7	B8	B9	B10	B11	B12	C1	C2	C3	C4	C5	C6	C7	C8	C9	C10	C11	C12	D1	D2	D3	D4	D5	D6	D7	D8	D9	D10	D11	D12	E1	E2	E3	E4	E5	E6	E7	E8	E9	E10	E11	E12	F1	F2	F3	F4	F5	F6	F7	F8	F9	F10	F11	F12	G1	G2	G3	G4	G5	G6	G7	G8	G9	G10	G11	G12	H1	H2	H3	H4	H5	H6	H7	H8	H9	H10	H11	H12	
OD:630	0.090	0.592	0.426	0.484	0.380	0.389	0.395	0.410	0.420	0.430	0.403	0.511	0.340	0.271	0.343	0.481	0.282	0.451	0.427	0.389	0.441	0.348	0.385	0.400	0.453	0.328	0.239	0.297	0.497	0.411	0.364	0.312	0.440	0.309	0.331	0.435	0.418	0.391	0.262	0.358	0.488	0.499	0.470	0.471	0.445	0.489	0.438	0.467	0.578	0.372	0.474	0.485	0.546	0.482	0.323	0.269	0.402	0.360	0.319	0.582	0.479	0.439	0.338	0.310	0.433	0.533	0.511	0.381	0.448	0.403	0.393	0.472	0.523	0.373	0.376	0.357	0.441	0.380	0.453	0.433	0.385	0.345	0.389	0.517	0.530	0.317	0.412	0.465	0.401	0.444	0.488	0.462	0.387	0.478	0.503	0.573	
EGFP:479,520	19865	258294	207042	182353	146522	185603	154284	172420	195218	191162	188146	251097	175758	169828	149001	216384	154356	164374	165735	160947	180481	155697	171259	228766	179995	135138	120189	191567	185571	165266	164398	164249	176837	182872	144649	216472	152520	169853	136110	168247	156970	210506	188133	200655	200890	209772	224465	252927	174228	152677	195743	200660	211680	195703	168676	158546	183433	161024	137764	249431	197725	158099	171308	187359	213863	240619	208746	221789	191174	190044	149660	215991	214682	184969	183190	189169	193860	185164	216276	218447	187202	161166	176588	273081	219238	198386	255073	254219	221278	226974	250615	215853	200934	221300	262850	322343	
GFP/OD	220722	436381	485558	376840	385179	476883	391087	420229	464915	444253	466516	491672	516631	626672	435039	450144	547168	364385	387866	413958	409719	447791	444367	572631	397515	412383	502883	644573	373683	402401	451767	525933	402359	592394	436610	497065	365142	434852	520298	470489	321924	421771	399858	426291	451743	428894	512360	541368	301589	410643	412960	414073	387338	405939	522540	590488	456301	447165	432540	428355	412701	360381	507579	604579	493796	451527	408745	581513	426823	471573	380911	457414	410560	495763	487337	529885	439393	487145	477220	504031	485734	466472	453487	528510	413345	625035	619711	546355	551678	510858	513555	467214	519881	462777	522876	562161	

