

Software Version	3.04.17



Experiment File Path:	C:\Users\Public\Documents\Experiments\Charly\pBGT-G54U-G55U_AMP+SB-AMP\pBGTx4-G54Ux4-G55Ux4_AMP+SB-AMP.xpt
Protocol File Path:	C:\Users\Public\Documents\Protocols\charly\GFP-OD_12h_kin.prt



Plate Number	Plate 3
Date	16/05/2019
Time	09:18:36 p. m.
Reader Type:	Synergy H1
Reader Serial Number:	180720D
Reading Type	Reader

Procedure Details

Plate Type	96 WELL PLATE
Eject plate on completion	
Set Temperature	Setpoint 37°C
	Preheat before moving to next step
Start Kinetic	Runtime 12:00:00 (HH:MM:SS), Interval 0:20:00, 37 Reads
    Shake	Linear: 0:30 (MM:SS)
	Frequency: 567 cpm (3 mm)
    Read	OD
	Absorbance Endpoint
	Full Plate
	Wavelengths:  630
	Read Speed: Normal,  Delay: 100 msec,  Measurements/Data Point: 8
    Read	GFP
	Fluorescence Endpoint
	Full Plate
	Filter Set 1
	    Excitation: 479,  Emission: 520
	    Optics: Bottom,  Gain: 0
	Light Source: Xenon Flash,  Lamp Energy: High
	Read Speed: Normal,  Delay: 100 msec,  Measurements/Data Point: 10
	Read Height: 7 mm
End Kinetic	

OD:630

Time	T° OD:630	A1	A2	A3	A4	A5	A6	A7	A8	A9	A10	A11	A12	B1	B2	B3	B4	B5	B6	B7	B8	B9	B10	B11	B12	C1	C2	C3	C4	C5	C6	C7	C8	C9	C10	C11	C12	D1	D2	D3	D4	D5	D6	D7	D8	D9	D10	D11	D12	E1	E2	E3	E4	E5	E6	E7	E8	E9	E10	E11	E12	F1	F2	F3	F4	F5	F6	F7	F8	F9	F10	F11	F12	G1	G2	G3	G4	G5	G6	G7	G8	G9	G10	G11	G12	H1	H2	H3	H4	H5	H6	H7	H8	H9	H10	H11	H12
0:00:32	37.0	0.109	0.091	0.087	0.103	0.104	0.117	0.088	0.132	0.087	0.090	0.086	0.087	0.162	0.086	0.086	0.087	0.097	0.089	0.087	0.090	0.112	0.086	0.088	0.086	0.079	0.109	0.087	0.097	0.086	0.120	0.087	0.106	0.086	0.087	0.087	0.087	0.097	0.087	0.086	0.087	0.097	0.086	0.135	0.086	0.088	0.086	0.101	0.086	0.097	0.087	0.085	0.086	0.097	0.086	0.087	0.076	0.113	0.086	0.087	0.086	0.089	0.133	0.086	0.089	0.086	0.111	0.086	0.087	0.078	0.091	0.086	0.087	0.116	0.086	0.085	0.086	0.086	0.087	0.086	0.078	0.087	0.083	0.086	0.085	0.086	0.115	0.087	0.086	0.087	0.097	0.086	0.096	0.105	0.115	0.086	0.112
0:20:32	37.0	0.112	0.091	0.086	0.101	0.105	0.114	0.087	0.131	0.087	0.090	0.086	0.086	0.160	0.086	0.086	0.087	0.101	0.089	0.086	0.090	0.114	0.085	0.088	0.086	0.079	0.107	0.086	0.097	0.086	0.121	0.086	0.105	0.086	0.086	0.086	0.087	0.095	0.087	0.086	0.087	0.100	0.086	0.130	0.086	0.088	0.085	0.100	0.086	0.098	0.087	0.085	0.086	0.099	0.086	0.087	0.076	0.118	0.086	0.086	0.086	0.089	0.133	0.086	0.090	0.086	0.110	0.085	0.086	0.077	0.089	0.086	0.087	0.117	0.086	0.084	0.086	0.086	0.087	0.085	0.077	0.087	0.082	0.086	0.085	0.086	0.112	0.087	0.086	0.087	0.096	0.086	0.095	0.104	0.115	0.086	0.111
0:40:32	37.0	0.113	0.090	0.086	0.104	0.105	0.115	0.089	0.130	0.088	0.091	0.087	0.089	0.173	0.086	0.086	0.087	0.115	0.089	0.086	0.093	0.131	0.085	0.088	0.086	0.079	0.106	0.088	0.099	0.090	0.122	0.092	0.112	0.091	0.092	0.086	0.090	0.095	0.086	0.085	0.087	0.100	0.088	0.129	0.088	0.093	0.086	0.101	0.086	0.128	0.086	0.087	0.089	0.101	0.090	0.092	0.084	0.141	0.086	0.086	0.086	0.089	0.132	0.086	0.090	0.086	0.110	0.087	0.086	0.080	0.089	0.086	0.087	0.116	0.086	0.085	0.088	0.087	0.091	0.086	0.083	0.087	0.087	0.087	0.085	0.086	0.111	0.087	0.086	0.087	0.096	0.086	0.095	0.103	0.115	0.086	0.111
1:00:32	37.0	0.112	0.091	0.086	0.105	0.106	0.116	0.091	0.130	0.090	0.092	0.089	0.089	0.188	0.086	0.086	0.092	0.132	0.089	0.086	0.097	0.152	0.085	0.088	0.086	0.080	0.107	0.089	0.099	0.091	0.122	0.093	0.116	0.094	0.097	0.086	0.091	0.095	0.086	0.086	0.091	0.105	0.092	0.129	0.092	0.097	0.085	0.102	0.086	0.149	0.086	0.088	0.090	0.126	0.092	0.093	0.087	0.162	0.086	0.086	0.086	0.089	0.132	0.086	0.091	0.091	0.110	0.091	0.086	0.085	0.089	0.086	0.087	0.116	0.086	0.086	0.090	0.089	0.093	0.088	0.086	0.088	0.090	0.088	0.085	0.086	0.111	0.087	0.086	0.087	0.096	0.088	0.095	0.103	0.114	0.087	0.111
1:20:32	37.0	0.112	0.091	0.086	0.106	0.106	0.117	0.092	0.131	0.090	0.093	0.089	0.089	0.213	0.086	0.086	0.094	0.161	0.089	0.086	0.098	0.184	0.085	0.088	0.086	0.080	0.107	0.089	0.099	0.091	0.123	0.092	0.116	0.095	0.098	0.086	0.093	0.095	0.087	0.086	0.092	0.107	0.093	0.129	0.091	0.099	0.085	0.102	0.086	0.173	0.087	0.087	0.092	0.150	0.093	0.093	0.087	0.190	0.086	0.087	0.086	0.089	0.132	0.086	0.090	0.092	0.111	0.092	0.086	0.084	0.090	0.086	0.089	0.116	0.086	0.086	0.090	0.090	0.092	0.089	0.087	0.089	0.090	0.089	0.085	0.086	0.112	0.087	0.086	0.088	0.096	0.089	0.096	0.103	0.115	0.088	0.111
1:40:32	37.0	0.112	0.091	0.086	0.106	0.106	0.117	0.092	0.130	0.090	0.093	0.089	0.089	0.250	0.086	0.086	0.094	0.203	0.089	0.086	0.098	0.223	0.085	0.088	0.086	0.080	0.106	0.090	0.099	0.090	0.123	0.086	0.117	0.096	0.100	0.086	0.093	0.095	0.086	0.086	0.091	0.107	0.086	0.129	0.088	0.099	0.085	0.103	0.086	0.214	0.086	0.088	0.093	0.179	0.094	0.093	0.087	0.232	0.086	0.086	0.086	0.089	0.132	0.086	0.090	0.092	0.111	0.092	0.087	0.084	0.090	0.086	0.089	0.116	0.086	0.086	0.090	0.090	0.093	0.089	0.086	0.090	0.090	0.089	0.085	0.086	0.112	0.087	0.086	0.088	0.096	0.090	0.096	0.103	0.114	0.088	0.112
2:00:32	37.0	0.112	0.091	0.086	0.106	0.106	0.117	0.092	0.131	0.090	0.092	0.089	0.089	0.285	0.086	0.086	0.094	0.252	0.089	0.086	0.096	0.269	0.085	0.088	0.086	0.081	0.107	0.091	0.099	0.086	0.123	0.086	0.117	0.097	0.101	0.086	0.095	0.094	0.086	0.086	0.090	0.108	0.086	0.129	0.086	0.101	0.085	0.104	0.086	0.254	0.086	0.088	0.094	0.222	0.093	0.087	0.086	0.276	0.086	0.086	0.086	0.089	0.132	0.086	0.090	0.092	0.111	0.092	0.086	0.083	0.091	0.086	0.090	0.117	0.086	0.086	0.090	0.090	0.093	0.089	0.086	0.091	0.090	0.089	0.085	0.086	0.112	0.087	0.086	0.087	0.096	0.090	0.096	0.103	0.114	0.088	0.112
2:20:32	37.0	0.112	0.091	0.086	0.106	0.106	0.117	0.092	0.131	0.090	0.092	0.089	0.089	0.321	0.086	0.086	0.093	0.303	0.089	0.086	0.094	0.329	0.085	0.088	0.086	0.081	0.107	0.091	0.099	0.086	0.122	0.086	0.118	0.097	0.103	0.086	0.097	0.094	0.086	0.086	0.087	0.107	0.086	0.129	0.086	0.103	0.085	0.105	0.086	0.294	0.087	0.089	0.093	0.266	0.086	0.087	0.087	0.341	0.086	0.086	0.086	0.089	0.132	0.085	0.090	0.092	0.112	0.092	0.087	0.084	0.092	0.086	0.092	0.116	0.086	0.086	0.090	0.090	0.093	0.089	0.086	0.093	0.090	0.090	0.085	0.086	0.112	0.087	0.086	0.087	0.096	0.090	0.096	0.103	0.114	0.088	0.112
2:40:32	36.9	0.112	0.091	0.086	0.105	0.106	0.117	0.092	0.131	0.090	0.092	0.089	0.089	0.363	0.086	0.086	0.092	0.361	0.089	0.086	0.090	0.401	0.085	0.088	0.086	0.081	0.106	0.091	0.099	0.086	0.123	0.086	0.117	0.097	0.109	0.086	0.102	0.094	0.086	0.086	0.087	0.107	0.086	0.129	0.086	0.107	0.085	0.108	0.086	0.342	0.086	0.089	0.093	0.319	0.085	0.087	0.088	0.406	0.086	0.086	0.086	0.089	0.132	0.086	0.090	0.092	0.112	0.092	0.087	0.084	0.095	0.086	0.095	0.117	0.086	0.086	0.090	0.090	0.094	0.089	0.086	0.096	0.089	0.092	0.085	0.086	0.112	0.087	0.087	0.087	0.095	0.090	0.096	0.102	0.114	0.088	0.112
3:00:32	37.0	0.112	0.091	0.086	0.106	0.106	0.117	0.092	0.131	0.090	0.092	0.089	0.089	0.411	0.086	0.086	0.091	0.428	0.089	0.086	0.090	0.472	0.086	0.088	0.086	0.081	0.106	0.091	0.099	0.086	0.122	0.086	0.118	0.097	0.120	0.087	0.110	0.094	0.086	0.086	0.087	0.106	0.086	0.128	0.086	0.117	0.085	0.115	0.086	0.396	0.087	0.089	0.093	0.383	0.086	0.087	0.087	0.475	0.086	0.087	0.086	0.089	0.131	0.086	0.090	0.092	0.112	0.092	0.087	0.083	0.100	0.086	0.102	0.117	0.086	0.086	0.090	0.090	0.094	0.089	0.086	0.102	0.089	0.097	0.085	0.086	0.112	0.087	0.087	0.087	0.096	0.090	0.096	0.103	0.114	0.088	0.112
3:20:32	37.0	0.112	0.091	0.086	0.106	0.106	0.116	0.092	0.131	0.090	0.092	0.089	0.089	0.458	0.086	0.086	0.089	0.477	0.089	0.086	0.090	0.539	0.086	0.088	0.086	0.081	0.106	0.086	0.099	0.086	0.122	0.087	0.118	0.097	0.137	0.086	0.126	0.094	0.087	0.086	0.087	0.107	0.086	0.129	0.086	0.135	0.085	0.129	0.086	0.450	0.087	0.089	0.093	0.448	0.086	0.087	0.087	0.530	0.086	0.086	0.086	0.089	0.131	0.086	0.090	0.092	0.112	0.092	0.087	0.083	0.108	0.086	0.116	0.117	0.086	0.086	0.090	0.090	0.094	0.089	0.087	0.116	0.089	0.104	0.085	0.086	0.112	0.087	0.087	0.087	0.096	0.090	0.096	0.103	0.114	0.088	0.112
3:40:32	37.0	0.111	0.091	0.086	0.105	0.106	0.117	0.092	0.131	0.090	0.092	0.089	0.089	0.496	0.086	0.086	0.087	0.525	0.089	0.086	0.090	0.588	0.085	0.088	0.086	0.081	0.106	0.086	0.099	0.086	0.123	0.086	0.117	0.096	0.161	0.086	0.145	0.094	0.086	0.086	0.087	0.106	0.086	0.129	0.086	0.161	0.085	0.147	0.086	0.487	0.087	0.089	0.093	0.497	0.086	0.087	0.087	0.572	0.086	0.086	0.086	0.089	0.131	0.085	0.090	0.092	0.112	0.091	0.087	0.083	0.125	0.086	0.137	0.117	0.086	0.086	0.090	0.090	0.095	0.089	0.086	0.135	0.089	0.119	0.085	0.086	0.112	0.087	0.087	0.087	0.095	0.091	0.096	0.103	0.114	0.088	0.111
4:00:32	37.0	0.112	0.090	0.086	0.105	0.106	0.116	0.092	0.131	0.089	0.092	0.088	0.089	0.524	0.086	0.086	0.087	0.561	0.089	0.086	0.089	0.625	0.085	0.088	0.086	0.081	0.106	0.086	0.099	0.086	0.122	0.086	0.117	0.094	0.193	0.086	0.169	0.094	0.086	0.086	0.087	0.106	0.086	0.128	0.086	0.196	0.085	0.173	0.086	0.532	0.086	0.089	0.093	0.553	0.086	0.087	0.086	0.601	0.086	0.086	0.086	0.089	0.131	0.086	0.090	0.092	0.113	0.091	0.087	0.082	0.145	0.086	0.165	0.117	0.086	0.086	0.090	0.090	0.094	0.089	0.086	0.161	0.089	0.140	0.085	0.086	0.112	0.087	0.087	0.087	0.096	0.090	0.096	0.103	0.114	0.088	0.111
4:20:32	37.0	0.112	0.090	0.086	0.105	0.106	0.116	0.091	0.131	0.089	0.092	0.089	0.089	0.548	0.086	0.086	0.087	0.592	0.089	0.086	0.090	0.657	0.086	0.088	0.086	0.081	0.106	0.086	0.099	0.086	0.123	0.086	0.117	0.086	0.227	0.086	0.197	0.094	0.086	0.086	0.087	0.106	0.086	0.129	0.086	0.229	0.085	0.200	0.086	0.574	0.087	0.089	0.093	0.595	0.086	0.087	0.087	0.623	0.086	0.086	0.086	0.089	0.131	0.085	0.090	0.092	0.113	0.090	0.087	0.083	0.169	0.086	0.199	0.117	0.086	0.086	0.091	0.091	0.094	0.089	0.087	0.196	0.089	0.169	0.085	0.086	0.112	0.087	0.087	0.087	0.096	0.091	0.096	0.103	0.114	0.088	0.111
4:40:32	37.0	0.111	0.090	0.086	0.105	0.106	0.116	0.091	0.131	0.089	0.092	0.088	0.089	0.562	0.086	0.086	0.087	0.611	0.089	0.086	0.090	0.678	0.086	0.088	0.086	0.081	0.106	0.086	0.099	0.086	0.123	0.086	0.118	0.086	0.263	0.087	0.227	0.094	0.087	0.086	0.087	0.106	0.086	0.129	0.086	0.270	0.085	0.225	0.086	0.601	0.087	0.089	0.093	0.624	0.086	0.087	0.087	0.643	0.086	0.086	0.086	0.089	0.131	0.086	0.090	0.091	0.113	0.089	0.087	0.082	0.194	0.086	0.231	0.117	0.086	0.086	0.091	0.091	0.094	0.089	0.086	0.227	0.088	0.198	0.085	0.086	0.112	0.088	0.087	0.087	0.096	0.090	0.096	0.103	0.114	0.088	0.111
5:00:32	37.0	0.111	0.090	0.086	0.105	0.106	0.116	0.091	0.131	0.089	0.092	0.089	0.089	0.564	0.086	0.086	0.087	0.627	0.089	0.086	0.090	0.695	0.085	0.088	0.086	0.082	0.106	0.086	0.099	0.086	0.122	0.087	0.118	0.086	0.300	0.087	0.254	0.094	0.087	0.086	0.087	0.105	0.086	0.129	0.086	0.315	0.085	0.260	0.086	0.614	0.087	0.085	0.093	0.643	0.086	0.087	0.086	0.655	0.086	0.086	0.086	0.089	0.131	0.085	0.090	0.092	0.113	0.089	0.087	0.082	0.220	0.086	0.265	0.117	0.086	0.086	0.091	0.091	0.095	0.089	0.086	0.265	0.089	0.227	0.085	0.086	0.112	0.087	0.087	0.087	0.096	0.090	0.096	0.102	0.114	0.088	0.112
5:20:32	37.0	0.111	0.090	0.086	0.105	0.106	0.116	0.091	0.131	0.089	0.092	0.088	0.088	0.580	0.086	0.086	0.087	0.641	0.089	0.086	0.090	0.709	0.085	0.088	0.086	0.082	0.106	0.086	0.099	0.086	0.122	0.086	0.118	0.086	0.345	0.087	0.279	0.094	0.086	0.086	0.087	0.105	0.086	0.129	0.086	0.362	0.085	0.297	0.086	0.618	0.087	0.085	0.086	0.662	0.086	0.087	0.086	0.667	0.086	0.087	0.086	0.089	0.130	0.085	0.090	0.091	0.113	0.088	0.087	0.082	0.242	0.086	0.301	0.117	0.086	0.086	0.091	0.091	0.095	0.089	0.086	0.295	0.088	0.263	0.085	0.086	0.112	0.087	0.087	0.087	0.096	0.090	0.096	0.102	0.114	0.088	0.112
5:40:32	37.0	0.111	0.090	0.086	0.105	0.106	0.116	0.091	0.131	0.089	0.092	0.088	0.088	0.579	0.086	0.086	0.087	0.651	0.089	0.086	0.089	0.720	0.085	0.088	0.086	0.082	0.105	0.086	0.100	0.086	0.122	0.087	0.117	0.086	0.389	0.086	0.306	0.094	0.087	0.086	0.087	0.105	0.086	0.129	0.086	0.415	0.085	0.338	0.086	0.627	0.087	0.085	0.086	0.681	0.086	0.087	0.086	0.677	0.086	0.086	0.086	0.089	0.130	0.085	0.090	0.091	0.113	0.086	0.087	0.082	0.267	0.086	0.340	0.117	0.086	0.086	0.091	0.091	0.094	0.089	0.086	0.332	0.088	0.298	0.085	0.086	0.113	0.087	0.087	0.087	0.095	0.090	0.096	0.102	0.114	0.088	0.112
6:00:32	37.0	0.111	0.090	0.086	0.105	0.106	0.116	0.091	0.131	0.089	0.092	0.088	0.088	0.588	0.086	0.086	0.087	0.663	0.089	0.086	0.089	0.728	0.085	0.088	0.086	0.082	0.106	0.086	0.100	0.086	0.122	0.086	0.117	0.086	0.435	0.086	0.332	0.094	0.086	0.086	0.087	0.105	0.086	0.129	0.086	0.463	0.085	0.379	0.086	0.639	0.086	0.085	0.086	0.689	0.086	0.087	0.086	0.688	0.086	0.086	0.086	0.089	0.130	0.085	0.089	0.091	0.113	0.085	0.087	0.082	0.290	0.086	0.382	0.117	0.086	0.086	0.091	0.091	0.094	0.089	0.086	0.367	0.088	0.338	0.085	0.086	0.112	0.087	0.087	0.087	0.096	0.090	0.096	0.102	0.114	0.088	0.111
6:20:32	37.0	0.111	0.090	0.086	0.105	0.106	0.116	0.091	0.131	0.089	0.092	0.088	0.088	0.589	0.086	0.086	0.087	0.666	0.089	0.086	0.090	0.729	0.085	0.088	0.086	0.082	0.105	0.086	0.100	0.086	0.122	0.086	0.118	0.086	0.481	0.087	0.359	0.094	0.087	0.086	0.087	0.105	0.086	0.129	0.086	0.504	0.085	0.418	0.086	0.641	0.087	0.085	0.086	0.703	0.086	0.087	0.086	0.702	0.086	0.086	0.086	0.089	0.130	0.085	0.089	0.091	0.113	0.085	0.087	0.081	0.317	0.086	0.428	0.117	0.086	0.086	0.091	0.091	0.094	0.089	0.086	0.400	0.089	0.382	0.085	0.086	0.112	0.087	0.087	0.087	0.095	0.090	0.096	0.102	0.114	0.088	0.112
6:40:32	37.0	0.111	0.090	0.086	0.105	0.106	0.116	0.091	0.132	0.089	0.092	0.088	0.088	0.589	0.086	0.086	0.087	0.677	0.089	0.086	0.090	0.729	0.085	0.088	0.086	0.082	0.105	0.086	0.100	0.086	0.122	0.086	0.117	0.086	0.521	0.086	0.383	0.094	0.087	0.086	0.087	0.104	0.086	0.129	0.086	0.549	0.085	0.462	0.086	0.647	0.087	0.085	0.086	0.710	0.086	0.087	0.086	0.716	0.086	0.086	0.086	0.089	0.130	0.085	0.090	0.091	0.114	0.085	0.087	0.081	0.337	0.086	0.468	0.117	0.086	0.086	0.091	0.091	0.087	0.089	0.086	0.435	0.088	0.424	0.085	0.086	0.112	0.087	0.087	0.087	0.095	0.090	0.096	0.102	0.114	0.088	0.112
7:00:32	37.0	0.111	0.090	0.086	0.105	0.106	0.116	0.091	0.131	0.089	0.092	0.088	0.088	0.581	0.086	0.086	0.087	0.684	0.089	0.086	0.090	0.727	0.085	0.088	0.086	0.082	0.105	0.086	0.101	0.086	0.122	0.086	0.116	0.086	0.558	0.086	0.405	0.094	0.087	0.086	0.087	0.105	0.086	0.129	0.086	0.578	0.085	0.498	0.086	0.647	0.087	0.085	0.086	0.712	0.086	0.087	0.086	0.728	0.086	0.086	0.086	0.089	0.130	0.085	0.089	0.091	0.113	0.085	0.087	0.082	0.362	0.086	0.509	0.117	0.086	0.086	0.091	0.091	0.086	0.089	0.086	0.469	0.088	0.461	0.085	0.086	0.112	0.087	0.087	0.087	0.096	0.090	0.096	0.102	0.114	0.088	0.112
7:20:32	37.0	0.111	0.090	0.086	0.105	0.106	0.116	0.091	0.132	0.089	0.092	0.088	0.088	0.586	0.086	0.086	0.087	0.686	0.089	0.086	0.090	0.726	0.086	0.088	0.086	0.082	0.105	0.086	0.102	0.086	0.122	0.087	0.116	0.086	0.593	0.086	0.428	0.094	0.087	0.086	0.087	0.104	0.086	0.129	0.086	0.603	0.085	0.540	0.086	0.653	0.087	0.085	0.086	0.721	0.086	0.087	0.086	0.739	0.086	0.086	0.086	0.089	0.129	0.085	0.089	0.090	0.114	0.085	0.087	0.080	0.384	0.086	0.547	0.117	0.086	0.086	0.091	0.091	0.087	0.089	0.086	0.505	0.088	0.498	0.085	0.086	0.112	0.087	0.087	0.087	0.096	0.091	0.096	0.102	0.114	0.088	0.112
7:40:32	37.0	0.111	0.090	0.086	0.104	0.106	0.116	0.090	0.132	0.089	0.091	0.088	0.088	0.583	0.086	0.086	0.087	0.693	0.089	0.086	0.089	0.716	0.085	0.088	0.086	0.082	0.105	0.086	0.104	0.086	0.122	0.086	0.117	0.086	0.616	0.086	0.450	0.094	0.086	0.086	0.087	0.104	0.086	0.129	0.086	0.619	0.085	0.567	0.086	0.651	0.087	0.085	0.086	0.721	0.086	0.087	0.086	0.741	0.086	0.086	0.086	0.089	0.129	0.085	0.089	0.089	0.114	0.085	0.087	0.080	0.402	0.086	0.581	0.117	0.086	0.086	0.091	0.091	0.086	0.089	0.085	0.537	0.088	0.531	0.085	0.086	0.113	0.087	0.087	0.087	0.096	0.090	0.096	0.102	0.114	0.088	0.112
8:00:32	37.0	0.111	0.090	0.086	0.105	0.106	0.116	0.090	0.132	0.088	0.091	0.088	0.088	0.578	0.086	0.086	0.087	0.698	0.089	0.086	0.090	0.712	0.085	0.088	0.086	0.082	0.105	0.086	0.107	0.086	0.122	0.087	0.116	0.086	0.639	0.087	0.467	0.094	0.087	0.086	0.087	0.104	0.086	0.129	0.086	0.631	0.085	0.593	0.086	0.649	0.087	0.085	0.086	0.727	0.086	0.087	0.086	0.751	0.086	0.087	0.086	0.089	0.129	0.085	0.089	0.087	0.113	0.085	0.087	0.080	0.423	0.086	0.611	0.117	0.086	0.087	0.091	0.091	0.087	0.089	0.085	0.571	0.088	0.557	0.085	0.086	0.113	0.087	0.087	0.087	0.096	0.090	0.096	0.102	0.114	0.088	0.112
8:20:32	37.0	0.111	0.090	0.087	0.105	0.106	0.116	0.090	0.132	0.089	0.091	0.088	0.088	0.572	0.086	0.086	0.087	0.701	0.089	0.086	0.090	0.706	0.085	0.088	0.086	0.082	0.105	0.086	0.113	0.086	0.122	0.087	0.117	0.086	0.660	0.087	0.484	0.094	0.087	0.086	0.087	0.104	0.086	0.129	0.086	0.640	0.085	0.613	0.086	0.648	0.087	0.085	0.086	0.732	0.086	0.087	0.086	0.756	0.086	0.087	0.086	0.089	0.129	0.085	0.090	0.086	0.113	0.085	0.087	0.080	0.436	0.086	0.635	0.117	0.087	0.087	0.091	0.091	0.087	0.090	0.086	0.603	0.089	0.583	0.085	0.086	0.113	0.087	0.087	0.087	0.096	0.091	0.096	0.102	0.114	0.088	0.112
8:40:32	37.0	0.111	0.090	0.086	0.104	0.106	0.116	0.090	0.132	0.088	0.091	0.088	0.088	0.569	0.086	0.086	0.087	0.698	0.089	0.086	0.089	0.702	0.086	0.088	0.086	0.082	0.105	0.086	0.122	0.086	0.122	0.086	0.116	0.086	0.675	0.086	0.499	0.093	0.086	0.086	0.087	0.104	0.086	0.129	0.086	0.649	0.085	0.630	0.086	0.647	0.087	0.085	0.086	0.733	0.086	0.087	0.085	0.762	0.086	0.086	0.086	0.089	0.129	0.085	0.089	0.086	0.114	0.085	0.087	0.080	0.450	0.086	0.652	0.117	0.086	0.086	0.091	0.091	0.086	0.089	0.085	0.635	0.088	0.603	0.085	0.086	0.113	0.087	0.087	0.087	0.096	0.090	0.096	0.102	0.113	0.088	0.112
9:00:32	37.0	0.111	0.090	0.086	0.104	0.106	0.116	0.090	0.132	0.088	0.091	0.088	0.088	0.561	0.086	0.086	0.087	0.705	0.089	0.086	0.090	0.692	0.085	0.088	0.086	0.082	0.105	0.086	0.137	0.086	0.122	0.087	0.117	0.086	0.687	0.087	0.513	0.094	0.086	0.086	0.087	0.104	0.086	0.129	0.086	0.660	0.085	0.644	0.086	0.640	0.087	0.085	0.086	0.732	0.086	0.087	0.085	0.763	0.086	0.087	0.086	0.089	0.129	0.085	0.089	0.086	0.114	0.085	0.087	0.079	0.464	0.086	0.661	0.117	0.086	0.086	0.091	0.091	0.086	0.089	0.085	0.660	0.088	0.620	0.085	0.086	0.113	0.087	0.087	0.087	0.096	0.090	0.096	0.102	0.113	0.088	0.112
9:20:32	37.0	0.111	0.090	0.087	0.104	0.106	0.116	0.090	0.132	0.088	0.091	0.088	0.088	0.557	0.086	0.086	0.087	0.706	0.089	0.086	0.089	0.687	0.086	0.088	0.086	0.082	0.105	0.086	0.155	0.086	0.121	0.087	0.116	0.086	0.698	0.087	0.524	0.093	0.087	0.086	0.087	0.104	0.086	0.128	0.086	0.662	0.085	0.657	0.086	0.637	0.087	0.085	0.086	0.735	0.086	0.087	0.086	0.765	0.086	0.087	0.086	0.089	0.129	0.085	0.089	0.086	0.115	0.085	0.087	0.079	0.477	0.086	0.670	0.117	0.087	0.087	0.091	0.091	0.087	0.090	0.084	0.684	0.088	0.631	0.085	0.086	0.113	0.087	0.087	0.087	0.096	0.090	0.096	0.102	0.113	0.088	0.113
9:40:32	37.0	0.111	0.090	0.087	0.104	0.106	0.116	0.090	0.132	0.088	0.091	0.088	0.088	0.553	0.086	0.086	0.087	0.708	0.089	0.086	0.090	0.686	0.086	0.088	0.086	0.082	0.105	0.086	0.177	0.086	0.121	0.087	0.116	0.086	0.708	0.086	0.536	0.094	0.087	0.086	0.087	0.104	0.086	0.129	0.086	0.664	0.085	0.666	0.086	0.634	0.087	0.085	0.086	0.735	0.086	0.087	0.086	0.767	0.086	0.087	0.086	0.089	0.128	0.085	0.089	0.086	0.114	0.085	0.087	0.078	0.483	0.086	0.678	0.117	0.087	0.086	0.091	0.091	0.087	0.089	0.084	0.699	0.088	0.642	0.085	0.086	0.113	0.087	0.087	0.087	0.096	0.091	0.096	0.102	0.113	0.088	0.112
10:00:32	37.0	0.110	0.090	0.086	0.104	0.106	0.116	0.090	0.132	0.088	0.091	0.088	0.088	0.547	0.086	0.086	0.087	0.707	0.089	0.086	0.090	0.686	0.086	0.088	0.086	0.082	0.105	0.086	0.201	0.086	0.121	0.087	0.116	0.086	0.717	0.086	0.548	0.093	0.087	0.086	0.087	0.104	0.086	0.129	0.086	0.671	0.085	0.672	0.086	0.631	0.087	0.085	0.086	0.735	0.086	0.087	0.086	0.772	0.086	0.087	0.086	0.089	0.129	0.085	0.089	0.086	0.114	0.085	0.087	0.078	0.491	0.086	0.685	0.117	0.087	0.086	0.091	0.091	0.086	0.089	0.083	0.709	0.088	0.649	0.085	0.086	0.113	0.087	0.087	0.087	0.096	0.090	0.096	0.102	0.113	0.088	0.112
10:20:32	37.0	0.111	0.090	0.086	0.104	0.106	0.116	0.090	0.132	0.088	0.091	0.088	0.088	0.543	0.086	0.086	0.087	0.709	0.089	0.086	0.089	0.687	0.085	0.088	0.086	0.082	0.105	0.086	0.224	0.086	0.121	0.086	0.117	0.086	0.726	0.086	0.555	0.093	0.086	0.086	0.087	0.104	0.086	0.129	0.086	0.671	0.085	0.676	0.086	0.627	0.087	0.085	0.086	0.736	0.086	0.087	0.085	0.772	0.086	0.087	0.086	0.089	0.128	0.085	0.089	0.086	0.115	0.085	0.087	0.078	0.503	0.086	0.686	0.117	0.087	0.087	0.091	0.091	0.087	0.089	0.083	0.727	0.088	0.658	0.085	0.086	0.113	0.087	0.087	0.087	0.096	0.091	0.096	0.102	0.113	0.088	0.113
10:40:32	37.0	0.111	0.090	0.086	0.104	0.106	0.116	0.090	0.133	0.088	0.091	0.088	0.088	0.537	0.086	0.086	0.087	0.708	0.089	0.086	0.090	0.690	0.086	0.088	0.086	0.082	0.105	0.086	0.243	0.086	0.121	0.087	0.116	0.086	0.734	0.087	0.564	0.094	0.087	0.086	0.087	0.104	0.086	0.129	0.086	0.673	0.085	0.674	0.086	0.620	0.087	0.085	0.086	0.736	0.086	0.087	0.085	0.776	0.086	0.087	0.086	0.089	0.128	0.085	0.089	0.086	0.114	0.085	0.087	0.079	0.509	0.086	0.690	0.117	0.087	0.087	0.091	0.091	0.087	0.089	0.083	0.735	0.088	0.663	0.085	0.086	0.113	0.087	0.087	0.087	0.095	0.091	0.096	0.102	0.113	0.088	0.113
11:00:32	37.0	0.111	0.090	0.086	0.104	0.106	0.116	0.090	0.132	0.088	0.091	0.088	0.088	0.534	0.086	0.086	0.087	0.711	0.089	0.086	0.089	0.696	0.085	0.088	0.086	0.082	0.105	0.086	0.261	0.086	0.121	0.086	0.117	0.086	0.740	0.086	0.577	0.093	0.086	0.086	0.087	0.104	0.086	0.129	0.086	0.676	0.085	0.674	0.086	0.613	0.087	0.085	0.086	0.735	0.086	0.087	0.085	0.779	0.086	0.086	0.086	0.089	0.128	0.085	0.089	0.086	0.114	0.085	0.087	0.078	0.513	0.086	0.700	0.117	0.087	0.086	0.091	0.091	0.086	0.089	0.082	0.749	0.087	0.668	0.085	0.086	0.113	0.087	0.087	0.087	0.096	0.090	0.096	0.102	0.113	0.088	0.113
11:20:32	37.0	0.111	0.090	0.086	0.104	0.106	0.116	0.090	0.132	0.088	0.091	0.088	0.088	0.529	0.086	0.086	0.087	0.714	0.089	0.086	0.090	0.698	0.086	0.088	0.086	0.082	0.105	0.086	0.276	0.086	0.121	0.087	0.115	0.086	0.745	0.087	0.581	0.093	0.086	0.086	0.087	0.103	0.086	0.129	0.086	0.678	0.085	0.676	0.086	0.605	0.087	0.085	0.086	0.735	0.086	0.087	0.085	0.783	0.086	0.087	0.086	0.090	0.127	0.085	0.089	0.086	0.114	0.085	0.087	0.077	0.519	0.086	0.695	0.117	0.087	0.087	0.091	0.091	0.087	0.089	0.082	0.762	0.087	0.674	0.085	0.086	0.113	0.087	0.087	0.087	0.096	0.091	0.096	0.102	0.113	0.088	0.113
11:40:32	37.0	0.111	0.090	0.086	0.104	0.106	0.116	0.090	0.133	0.088	0.091	0.088	0.088	0.527	0.086	0.086	0.087	0.715	0.089	0.086	0.090	0.701	0.086	0.088	0.086	0.082	0.105	0.086	0.291	0.086	0.121	0.087	0.116	0.086	0.751	0.087	0.585	0.093	0.087	0.086	0.087	0.103	0.086	0.129	0.086	0.680	0.085	0.675	0.086	0.596	0.087	0.085	0.086	0.734	0.086	0.087	0.084	0.785	0.086	0.087	0.086	0.089	0.127	0.085	0.089	0.086	0.115	0.085	0.087	0.078	0.525	0.086	0.696	0.117	0.087	0.086	0.091	0.091	0.087	0.089	0.082	0.770	0.087	0.681	0.085	0.086	0.113	0.087	0.087	0.087	0.096	0.091	0.096	0.102	0.113	0.088	0.113
12:00:32	37.0	0.110	0.090	0.086	0.104	0.105	0.116	0.090	0.133	0.088	0.091	0.088	0.088	0.524	0.086	0.086	0.087	0.716	0.089	0.086	0.090	0.705	0.086	0.088	0.086	0.082	0.105	0.086	0.306	0.086	0.121	0.087	0.117	0.086	0.753	0.087	0.595	0.093	0.087	0.086	0.087	0.104	0.086	0.129	0.086	0.681	0.085	0.672	0.086	0.588	0.087	0.085	0.086	0.734	0.086	0.087	0.085	0.788	0.086	0.087	0.086	0.089	0.128	0.086	0.089	0.086	0.115	0.085	0.087	0.078	0.528	0.086	0.699	0.117	0.087	0.087	0.091	0.091	0.087	0.089	0.081	0.775	0.087	0.688	0.085	0.086	0.113	0.087	0.087	0.087	0.096	0.090	0.096	0.102	0.113	0.088	0.113

GFP:479,520

Time	T° GFP:479,520	A1	A2	A3	A4	A5	A6	A7	A8	A9	A10	A11	A12	B1	B2	B3	B4	B5	B6	B7	B8	B9	B10	B11	B12	C1	C2	C3	C4	C5	C6	C7	C8	C9	C10	C11	C12	D1	D2	D3	D4	D5	D6	D7	D8	D9	D10	D11	D12	E1	E2	E3	E4	E5	E6	E7	E8	E9	E10	E11	E12	F1	F2	F3	F4	F5	F6	F7	F8	F9	F10	F11	F12	G1	G2	G3	G4	G5	G6	G7	G8	G9	G10	G11	G12	H1	H2	H3	H4	H5	H6	H7	H8	H9	H10	H11	H12
0:01:23	37.0	17317	16879	16816	16729	16859	16429	16455	16396	16231	16042	16165	16387	28584	2071	2107	2074	18282	2109	2120	2096	17110	2120	2191	2031	2035	17020	2064	16593	2128	16503	2175	16356	2175	17248	2107	17432	17161	2086	16644	2185	16638	2063	16604	2114	21018	2128	18806	2109	29737	2127	2126	2190	28123	2102	2094	2185	17002	2130	2118	2110	17034	17025	16922	16715	2189	16375	2200	16447	2157	17435	2133	17980	17213	17230	17012	16735	16758	2127	16497	2147	16820	2171	17668	2137	17651	16829	17009	16905	16628	16640	16484	16713	16316	16185	16219	15962
0:21:23	37.0	16854	16599	16204	16043	16049	15979	15798	15711	15737	15580	15808	15756	28939	2007	2062	2049	18281	2083	1989	2040	17365	2054	2146	1981	1999	16584	2013	16234	2032	16184	2127	15789	2030	16909	2034	17180	16586	2019	16386	2016	16165	2024	15876	2047	20167	2053	18059	1971	29576	2045	2051	2098	26673	2035	2089	2002	16502	2092	2062	2059	16458	16792	16594	16312	2082	16020	2095	15905	2070	17045	2170	17468	16972	16595	16437	16333	16165	2145	16084	2062	16032	2033	17422	2068	16957	16251	16601	16308	16386	16112	16289	16027	15891	15932	15743	15703
0:41:23	37.0	16701	16404	16384	16160	16006	16088	15693	15824	15665	15354	15664	15625	27944	1993	2047	1993	18129	1977	2042	2053	17443	2049	2095	1957	1965	16573	1939	16120	2001	15903	2096	15990	2022	16981	2001	17063	16542	1990	16105	1987	16016	1991	15772	2055	20416	2074	18257	2025	25075	2017	1997	2082	27713	1937	1989	1995	16387	2076	2084	2037	16440	16595	16471	16234	2081	15816	2060	15995	2016	16723	2151	17667	16646	16500	16422	16065	15991	2014	15899	2062	16081	2024	16977	1996	17003	15990	16422	16143	16265	16168	15862	15946	15968	15839	15587	15510
1:01:23	37.0	16584	16435	16371	16173	15894	15884	15699	15681	15843	15977	15783	15795	30534	1943	1988	2035	17043	2059	1997	2103	17965	2051	2085	2046	1982	16544	1974	16078	2066	16144	2112	15824	2031	17389	2048	17525	16694	2036	16668	2062	16107	1995	15741	2061	20301	2062	18249	2007	28927	2057	2009	2056	22142	2019	1988	1993	16228	2048	2046	2045	16671	16266	16545	16157	2119	15954	2068	15936	2047	16981	2077	17321	16891	16500	16408	16356	16052	2071	15933	2069	16134	2036	17159	2012	16930	16217	16264	16341	16005	16028	16141	15936	15801	15619	15919	15627
1:21:23	37.0	16689	16705	16220	15962	16063	15984	15594	15600	15701	15422	15382	15816	30401	1982	1990	2024	18685	1964	2042	2034	17687	2091	2097	2021	1949	16398	1998	16027	2092	15864	2056	15720	2023	16997	1996	17528	16531	2033	16239	2075	16121	2006	15892	2005	20413	2031	18363	2030	30313	2048	1994	2072	29011	2016	2021	1997	16319	2027	2049	2079	16617	16269	16464	16207	2143	15961	2159	16062	2028	16919	2160	17605	17005	16665	16350	16134	16076	2030	15897	2074	16234	2077	17337	2076	16883	15930	16298	16068	16224	15667	15886	15889	15940	15664	15742	15556
1:41:23	37.0	16524	16457	16184	16118	15927	15944	15846	15781	15876	15558	15736	15675	34600	1989	2016	2029	18856	1999	2069	2046	17813	2082	2130	1985	1965	16435	2031	16154	2035	15719	2055	15893	2095	17391	1988	17711	16621	2015	16564	1997	16111	1975	15967	2110	20700	2078	18635	1952	34941	2061	2012	2087	28958	1982	2039	2028	16126	2063	2066	2064	16681	16490	16392	16318	2051	15978	2044	16023	2084	17011	2114	18013	16878	16500	16348	16339	16284	2061	16032	2066	16119	2046	17525	2013	16988	16293	16456	16285	16034	16177	16076	15829	15635	15742	15839	15618
2:01:23	37.0	16710	16651	16359	16118	16192	16139	16072	16143	15749	15734	15665	15658	43008	2029	2061	2074	19756	2035	2033	2024	17702	2086	2106	2016	1935	16444	1989	15901	1996	15867	2074	15731	2024	17476	2012	17901	16780	1973	16417	2005	15936	2010	15948	2019	21071	2056	18611	2023	44134	2049	2013	2064	28793	2001	2054	2011	16113	2046	2057	2007	16780	16579	16496	16344	2029	15988	2067	15923	2073	17525	2121	17874	16698	16526	16369	16285	16184	2032	15905	2089	16189	2076	17411	1992	16906	16009	16453	16345	16188	16158	15908	15891	15942	15951	15808	15421
2:21:23	37.0	16811	16793	16247	16195	16137	16177	15962	15614	15992	15536	15627	15754	57839	1963	2021	1981	20592	2068	1977	2039	18109	2063	2060	1950	1982	16485	2029	16304	1971	15974	2003	15806	2108	17475	2055	17907	16584	1992	16191	2038	15941	2008	16044	2067	21206	2035	18958	2006	59619	2044	2031	2128	31772	1984	2002	2018	15950	2078	2045	2026	16909	16630	16354	16204	2041	16295	2047	15884	2041	17503	2140	18056	16869	16654	16275	16287	16055	2049	16047	2051	16437	2096	17712	1997	16803	16285	16211	16113	16372	16164	16160	15892	15896	15690	15991	15585
2:41:23	37.0	16620	16682	16500	16490	16317	15804	15788	15984	15861	15556	15599	16047	76323	2018	2031	1985	21104	1968	2056	2075	18158	2013	2086	2004	2016	16340	1954	15983	2096	16103	2080	15941	2088	18044	2024	17993	16580	1967	16657	2028	15911	1976	15907	2065	21631	2067	18876	1979	78247	2076	1993	2069	32050	1999	1963	2027	16034	2072	2077	2056	16725	16576	16678	16302	2073	15949	2083	15977	2030	17540	2143	18358	16678	16333	16541	16281	16305	2062	15993	2018	16438	2064	17628	2026	16894	16061	16546	16089	16008	16475	16288	16185	16031	15861	15870	15536
3:01:23	37.0	16604	16851	16349	16352	15928	16185	15847	15805	15841	15636	15985	15997	96934	1963	2018	2038	22281	2009	2010	2074	18299	2069	2086	2000	2018	16577	2028	16299	1999	16333	2090	16020	2070	18161	2060	17878	16644	1995	16727	2019	15994	1995	16073	2066	22040	2074	19012	2028	98506	2016	2038	2063	35031	2003	2019	2014	16491	2057	2057	2043	16914	16673	16407	16117	2068	15958	2087	16094	2075	17753	2049	18368	17151	16580	16201	16603	16300	2044	16228	2040	16463	2070	17822	2074	16988	16359	16710	16310	15957	16046	16003	16107	16072	15847	15955	15709
3:21:23	37.0	16761	16483	16353	16316	16093	15921	16038	16106	15604	15596	15930	15692	117126	1977	2032	1995	22718	2026	2014	2042	18270	2086	2081	1991	2072	16487	2059	16246	2048	16232	2069	15929	2034	18385	2064	18026	16794	2026	16479	2050	16052	1983	15772	2074	22177	2001	19293	1988	117494	2058	2036	2150	35772	2020	2032	1996	16730	2031	2024	2008	16698	16656	16302	16244	2019	16066	2057	16059	2100	17969	2142	18583	16789	16759	16548	16185	16407	2104	16205	2056	16763	2076	17944	1973	16972	16494	16672	16275	16232	16024	16014	15994	16098	15807	15911	15731
3:41:23	37.0	16825	16597	16697	16381	16254	16030	15960	15834	15931	15751	15571	15641	133839	2021	1977	2061	22744	1992	2011	2017	18550	2026	2164	1982	2083	16729	2034	16208	1997	16179	2073	15842	2069	18733	2032	18441	16739	1954	16677	2034	16224	2042	16055	2033	22465	2014	19581	2033	136512	2030	1964	2085	34885	2005	1990	1965	16805	2063	2082	1996	16671	16606	16357	16117	2125	16104	2110	15967	2067	18471	2092	18926	16881	16444	16539	16417	16229	2080	16110	2064	16989	2077	18172	2066	17285	16384	16559	16330	16177	16202	16086	16124	15855	15785	15938	15551
4:01:23	37.0	16881	16798	16420	16432	16243	16117	15831	15856	15885	15657	15734	15883	148023	2048	1994	1998	22945	1983	2002	2109	18640	2066	2059	1927	2110	16590	1980	16237	1997	16128	2054	15943	2013	20384	2023	20621	16893	2029	16616	2075	16246	1980	16026	2035	24378	2015	20526	2068	149195	2064	2014	2085	38378	2030	1979	2015	17118	2090	2038	1990	16767	16685	16503	16313	2089	16024	2103	15859	2077	19228	2122	19310	16850	16593	16591	16409	15949	2029	16091	2056	17892	2070	18428	2083	17041	16304	16283	16225	16210	16015	16058	15947	15895	15721	15990	15752
4:21:23	37.0	16870	16718	16556	16370	16268	16298	15841	16031	15750	15720	15881	16088	157203	1976	2004	2038	22647	2036	2039	2067	18551	2090	2101	1935	2043	16630	1978	16523	1984	16038	2103	15977	2104	25472	2075	26102	16697	1945	16656	2038	16111	1975	16180	2058	28932	2059	25043	1993	158618	2058	2034	2073	38868	1992	1978	1989	17095	2053	2051	2078	16851	16545	16516	16275	2064	16280	2096	16001	2065	23124	2155	22960	16744	16723	16761	16295	15994	2092	16216	2056	21324	2060	19372	1999	17002	16158	16675	16374	16271	16118	15904	15994	15820	15831	15776	15782
4:41:23	37.0	16960	16666	16242	16426	16285	16430	16030	15846	15883	15611	15784	15750	160732	1934	2074	2038	22952	2016	1946	2062	18637	2031	2058	2019	2112	16350	2010	16391	2041	16076	2072	16113	2064	33916	2021	37904	16797	2000	16628	2062	16084	1963	16286	2037	34938	2060	34611	2001	162034	2082	1982	2089	37403	2039	2023	2029	17328	2044	2035	1983	17025	16585	16464	16027	2028	16149	2120	16060	2101	33595	2106	33747	16814	16597	16549	16295	16214	2027	16188	2079	32201	2096	23499	2024	16943	16399	16450	16159	16294	16107	16055	16104	15906	16099	15948	15936
5:01:23	37.0	16827	16614	16430	16230	16160	16071	15806	15755	16012	15718	15656	15852	160488	1976	2048	1972	22982	1991	1954	2053	18822	2042	2107	1991	2195	16696	1993	16265	2031	16046	2101	15769	2019	43793	2015	54384	16387	2045	16381	2073	16237	1971	16010	2074	40930	1998	46502	1982	162801	2001	2050	2049	37769	1972	2004	2066	17372	2068	2067	2042	16798	16761	16478	16402	2098	16182	2071	16070	2049	51444	2057	48587	16848	16912	16344	16357	15999	2066	16002	2038	50735	2072	31940	2023	17281	16499	16499	16508	16130	16243	16405	15902	15993	16178	15728	15924
5:21:23	37.0	16815	16683	16399	16370	16077	16054	15893	16020	16076	15697	15710	15955	162682	2051	1983	2030	23427	2066	2095	2084	19055	2113	2122	1936	2162	16738	2026	16197	2048	16050	2026	15999	2083	54377	1990	72917	16603	2019	16692	2030	16304	2063	16246	2071	45592	2079	58550	2021	163876	1995	1994	2104	37943	2040	2015	2009	17700	2057	2037	2005	16882	16523	16782	16370	2102	16266	2061	15983	2106	72721	2124	65506	17056	16627	16521	16318	16105	2133	16374	2057	71273	2116	42178	2000	17057	16616	16559	16258	16409	16140	16154	16005	16191	16014	15673	15815
5:41:23	36.9	17122	16763	16663	16309	16368	16096	15941	15769	15589	15747	15787	16056	161945	1995	2052	2017	23235	1934	1936	2085	19233	2021	2049	2005	2261	16496	1964	16401	2053	16217	2003	15891	2067	62932	2088	92042	17076	2048	16493	2016	16192	1999	16151	2088	49751	2118	70333	2012	167649	2057	2014	2105	38896	1980	2032	2033	17634	2071	2084	2077	16856	16754	16754	16328	2104	16148	2118	16291	2103	96557	2087	82647	17150	16613	16586	16310	16240	2102	16044	2069	94252	2123	52186	1975	17077	16476	16529	16266	16345	16047	16234	16021	16029	15952	15947	15772
6:01:23	37.0	17143	16669	16641	16530	16368	16113	15894	16042	15746	15599	15736	16013	163238	1937	2037	2047	23722	1985	2091	2082	19461	2060	2114	1980	2194	16760	2030	16334	1989	16200	2094	16209	2070	70799	2039	111557	16867	2006	16487	2037	16325	1998	15897	2023	51931	2026	80934	2007	170486	2011	1998	2118	39737	1988	2020	2035	17793	2048	2029	2056	16913	16675	16833	16362	2074	16183	2038	16411	2053	120366	2061	99036	16975	16617	16735	16339	16408	2020	16228	2112	118081	2077	62706	2032	17073	16491	16448	16472	16572	16310	16164	15922	15901	16039	15919	15702
6:21:23	37.0	16891	16523	16617	16407	16413	16118	15931	16100	15785	15855	15641	16027	164069	1956	1999	2034	23727	2055	2017	2035	19441	2052	2134	1983	2229	16628	1949	16380	1983	16275	2054	16088	2100	77423	2025	131893	16761	2047	16652	2076	16299	1998	16008	2094	52734	2038	90091	2060	171710	1989	1980	2098	42069	2015	2007	2015	17891	2179	2092	2013	16872	16794	16749	16457	2072	16136	2131	16042	2114	146157	2142	114334	17015	16916	16771	16464	16176	2092	16082	2068	140217	2102	72092	1995	17007	16330	16518	16676	16252	16153	16022	15982	15892	16008	15734	15907
6:41:23	37.0	16896	16655	16444	16384	16365	16164	15911	16101	15905	15794	15810	15890	163209	2016	2079	2050	23971	2038	2011	2054	19526	2073	2168	1953	2314	16745	2036	16270	2019	16173	2102	16035	2126	82176	2031	151265	17016	2024	16666	2051	16106	1995	16287	2049	53513	2020	96650	2087	172653	2032	2067	2085	42585	2010	2038	2044	17964	2054	2082	2032	16670	16673	16666	16464	2065	15970	2114	16202	2098	173802	2199	127992	17102	16775	16758	16391	16253	2007	16442	2050	162730	2133	79782	2002	17234	16588	16414	16561	16391	16265	16015	15945	16208	16020	16103	15679
7:01:23	37.0	17051	16865	16625	16266	16332	16355	16144	16114	16065	15751	15800	15942	163999	1967	2034	2004	24153	2008	2042	2064	19668	2076	2148	1981	2312	16797	1989	16465	2050	16352	2100	15936	2081	85680	2087	169248	16985	2034	16537	2013	16435	1969	16209	2098	53076	2055	101705	2058	173817	2062	2072	2011	42648	1976	1993	2072	18118	2062	2056	2045	16911	16764	16855	16481	2115	16127	2096	16391	2071	200605	2126	140441	16934	16680	16778	16646	16398	1995	16308	2035	185315	2064	86811	2038	17005	16442	16662	16276	16506	16260	16294	15887	16154	15956	15941	15985
7:21:23	37.0	16940	16724	16587	16295	16237	16209	15964	15875	15862	15695	15909	15930	162096	1960	2007	1997	24219	1975	2040	2072	20019	2053	2099	2006	2295	16738	1999	16475	2062	16421	2043	16141	1994	87910	1999	188810	16961	2007	16884	2044	16510	2028	16148	2034	52039	2057	105371	2035	175373	1992	1970	2026	43346	1985	1984	2056	18064	2056	2128	2048	16902	16926	16601	16369	2060	16147	2064	16146	2053	239428	2155	151595	17031	16903	16706	16488	16359	2063	16230	2052	205013	2115	90674	1948	17207	16601	16668	16441	16452	16288	16301	16273	16159	16041	16173	15839
7:41:23	37.0	16870	16841	16586	16394	16237	16182	15874	15986	15931	15567	15956	16012	161795	2010	1982	1986	24576	2004	1981	2042	20198	2049	2151	1974	2320	16855	2015	16533	1999	16188	2005	16017	2023	89997	2020	203957	16673	1983	16521	2098	16487	2051	16172	2040	52029	2069	108818	2012	174634	1983	2038	2135	43333	2033	2047	2039	18077	2101	1979	2005	17033	16780	16654	16641	2074	16594	2112	16300	2086	263823	2130	157623	16947	16781	16762	16517	16217	2080	16165	2073	235388	2095	93250	2036	17335	16504	16730	16686	16549	16111	16090	16334	16070	16217	16014	16061
8:01:23	37.0	16787	16930	16605	16247	16240	16087	16145	16052	15928	15560	15807	16143	160566	1993	2005	2055	24596	2001	2037	2069	20469	2051	2109	1994	2396	16829	2024	16628	2011	16185	2071	15979	2018	90992	1981	220753	16751	2014	16584	2059	16312	1966	16113	2065	51598	2031	109424	1946	175683	1962	1985	2119	43754	2005	2037	2005	18178	2097	2052	2020	16874	16722	16562	16400	2005	16365	2044	16049	2066	288320	2170	162956	16879	16783	16606	16597	16211	2098	16174	2065	253292	2105	95727	2037	17081	16407	16511	16562	16395	16400	16098	16082	15992	16063	15935	15909
8:21:23	37.0	16818	16804	16624	16494	16376	16322	16315	16048	15911	15903	15842	16129	158760	1989	2076	2023	24605	2007	2062	2134	20765	2003	2108	2001	2456	16849	2002	16835	2006	16492	2048	16200	2058	91949	2055	251286	16883	1990	16494	2026	16325	2040	16318	2042	51153	2073	110827	2004	175199	2036	2003	2081	45473	1978	2057	1989	18014	2073	2064	2025	16842	16559	16822	16333	2126	16347	2116	16475	2059	315838	2108	167363	17094	16870	16671	16352	16440	2085	16345	2105	268622	2094	97223	2040	17176	16468	16724	16703	16680	16359	16373	15969	16205	15853	15998	15805
8:41:23	37.0	16898	16938	16649	16674	16398	16268	16235	16195	15991	15810	15936	15986	156227	1968	1962	1973	24858	2004	1984	2049	20733	2059	2114	1983	2531	16922	2009	16827	1997	16355	2068	16043	2112	93521	2068	262699	16782	2065	16539	2050	16310	2001	16299	2022	50361	2065	112625	1991	173604	2065	1995	2093	45724	1984	2041	2021	18167	2058	2053	2054	16980	16749	16851	16583	2039	16103	2128	16434	2122	338795	2150	168152	17006	16994	16693	16648	16659	2074	16159	2079	282461	2105	98227	2043	17278	16720	16574	16660	16531	16217	16255	16239	16085	16296	16043	15995
9:01:23	37.0	16983	16852	16604	16327	16529	16168	16176	16190	15928	15815	15986	16167	153679	2009	2038	2023	24946	2011	2042	2062	20717	2027	2155	2007	2516	16944	1996	16797	2082	16213	2047	16100	2094	95249	2023	273101	17081	2008	16495	2048	16480	1956	16307	2035	50286	1992	115235	2045	172035	2054	2030	2029	45256	2037	2049	2049	18051	2075	2040	2122	17133	16853	16680	16684	2105	16015	2143	16301	2108	359416	2106	169495	17120	17001	16625	16694	16497	2024	16494	2100	293852	2166	100436	2040	17630	16551	16776	16505	16915	16265	16325	16343	16294	16176	16182	15722
9:21:23	37.0	17060	16835	16548	16425	16412	16409	16073	16214	16063	16052	15941	16000	152783	2020	1991	2024	25153	2019	2044	2125	20988	2022	2147	1989	2513	16866	2003	17252	2007	16289	2090	15840	2051	97984	2079	286662	16866	2004	16851	2030	16283	2016	16378	2099	50718	2033	118877	2017	172736	2017	2036	2114	46407	2051	2000	2026	18251	2156	2041	2066	16829	16833	16856	16823	2098	16370	2104	16198	2057	376040	2161	170610	16916	17015	16719	16461	16489	2050	16521	2122	301078	2144	101489	2020	17354	16510	16646	16788	16360	16397	16333	16351	15969	15955	16130	15903
9:41:23	37.0	16918	16863	16737	16747	16452	16311	16197	16118	15914	15853	15854	15951	152855	1948	2030	2029	25063	1979	2032	2094	21249	2054	2148	2018	2587	16955	1998	18539	2068	16354	2094	16169	2129	99773	2057	296711	17078	1952	16589	2039	16257	1959	16353	2035	50429	2019	120376	2032	172052	2039	2012	2097	46010	1976	1964	2012	18193	2063	2083	2056	16955	16825	16726	16550	2116	16237	2113	16244	2101	397242	2115	173030	17071	16923	16743	16758	16346	2072	16459	2073	311627	2138	103654	2024	17439	16673	16704	16663	16698	16269	16132	16269	16123	16092	16027	15748
10:01:23	37.0	17012	17104	16789	16579	16382	16324	16118	16208	15947	15792	16049	15967	151411	2020	2056	1935	25177	2051	2087	2084	20987	2088	2089	1975	2647	16631	1989	22937	2029	16309	2104	16053	2084	102274	2055	305441	17067	1936	16795	2037	16614	2072	16264	2041	50517	2065	124040	2036	172308	2038	2059	2103	46113	2018	1989	2056	18358	2014	2049	2068	17171	16818	16589	16420	2048	16408	2109	16128	2070	412169	2133	175630	17275	16854	16894	16651	16467	2065	16403	2101	316089	2097	105256	2027	17325	16486	16894	16592	16250	16186	16315	16305	16172	16105	16018	15739
10:21:23	37.0	17003	16780	16741	16583	16506	16360	16155	15957	16110	16029	15895	16023	150761	2058	1984	2000	25067	2037	2000	2043	21173	1990	2076	1969	2610	16665	1959	31815	2012	16190	2023	16282	2066	103348	2039	317027	17119	2041	16451	2053	16499	1987	16436	2092	50764	2026	124998	1958	172090	2015	2022	2034	46573	2031	2025	2027	18230	2087	2085	2065	17106	16877	16738	16720	2128	16347	2136	16532	2104	425339	2133	176920	17179	16605	16864	16493	16313	2144	16709	2034	323672	2107	107107	2005	17270	17015	16425	16561	16568	16407	16199	16249	16134	16036	16209	15977
10:41:23	37.0	16856	16704	16797	16423	16521	16215	16021	16313	16171	15850	15825	16132	149987	2075	2033	2073	25106	1970	2073	2048	21465	2020	2119	1984	2702	16745	2035	43796	2051	16211	2057	16086	2073	107051	2012	325761	17009	1989	16695	2012	16496	1983	16282	2084	50965	2067	127139	2040	173061	2095	2027	2026	46837	1985	2012	1992	18187	2088	2077	2054	17126	17184	16705	16771	2126	16542	2096	16632	2080	439812	2151	177969	17140	16781	16775	16616	16485	2047	16501	2092	329699	2146	108930	1996	17282	16574	16731	16630	16404	16502	16347	16142	16323	15935	16162	15833
11:01:23	37.0	17103	16787	16791	16621	16218	16320	16328	16106	16336	15841	16037	16269	150153	1974	2078	1975	25333	2018	2041	2126	21226	2060	2124	2013	2808	16663	2017	57497	2054	16468	2060	16124	2041	109873	2058	334662	16881	1998	16627	2073	16593	2023	16400	2008	51305	2038	129194	1983	172361	2007	2042	2088	46937	2012	1972	2032	17998	2102	2043	2074	16966	16865	16890	16640	2022	16216	2040	16440	2099	455246	2122	181787	17109	16944	16572	16552	16240	2025	16435	2018	340091	2126	111947	2079	17397	16780	16739	16581	16499	16595	16538	16077	16033	16026	16133	16195
11:21:23	37.0	16973	16838	16603	16459	16500	16352	16130	16115	15908	15929	15828	16236	151221	1976	2018	2013	25219	1990	2064	2042	21445	2062	2116	1969	2772	16961	2048	71492	2036	16433	2047	16018	2136	111435	2054	341729	17004	2016	16761	2025	16403	2016	16397	2095	51542	2013	130016	1995	173381	2019	1992	2070	46659	2031	1978	2031	18370	2110	2076	1998	16900	16915	17103	16657	2111	16647	2105	16483	2076	469227	2107	184103	17092	16984	16962	16906	16379	2024	16294	2084	347264	2127	113394	2016	17369	16805	16558	16680	16439	16412	16504	16313	16304	16017	16159	15977
11:41:23	37.0	17014	16984	16703	16662	16551	16228	16129	16163	15964	15852	16089	16070	152151	1988	2020	2024	25417	2019	2012	2041	21054	2073	2076	1983	2888	16974	2054	86204	2015	16136	2083	16274	2085	112353	2059	345850	16988	1980	16782	2037	16441	1947	16415	2049	52223	2096	131053	2054	174296	1983	2035	2037	47121	1970	1980	2046	18122	2064	2090	2039	16993	16974	16737	16589	2084	16557	2113	16254	2035	487552	2181	185776	17439	17002	17053	16754	16407	2090	16644	2098	352221	2113	115655	1982	17500	16570	16705	16676	16720	16454	16151	16216	16357	16129	16324	15854
12:01:23	37.0	16991	16949	16702	16638	16308	16511	16196	16121	16148	15961	15919	16124	152750	1951	2000	1962	25576	2026	2035	2042	21106	2044	2129	2006	2884	16667	1985	100474	2035	16435	2085	16124	2053	113541	2042	351151	17093	2011	16792	2052	16553	1977	16421	2097	52297	2046	131899	2016	174755	2053	2000	2074	47457	1989	1958	2049	17866	2111	2066	2017	17276	16956	16789	16439	2007	16279	2097	16094	2104	500766	2146	189596	17397	16991	16829	16681	16747	2073	16560	2068	360185	2129	116911	2004	17162	16693	16770	16575	16732	16323	16356	16180	16362	16301	16013	16164

GFP/OD

Time	A1	A2	A3	A4	A5	A6	A7	A8	A9	A10	A11	A12	B1	B2	B3	B4	B5	B6	B7	B8	B9	B10	B11	B12	C1	C2	C3	C4	C5	C6	C7	C8	C9	C10	C11	C12	D1	D2	D3	D4	D5	D6	D7	D8	D9	D10	D11	D12	E1	E2	E3	E4	E5	E6	E7	E8	E9	E10	E11	E12	F1	F2	F3	F4	F5	F6	F7	F8	F9	F10	F11	F12	G1	G2	G3	G4	G5	G6	G7	G8	G9	G10	G11	G12	H1	H2	H3	H4	H5	H6	H7	H8	H9	H10	H11	H12
0:01:23	158726	186097	193065	162417	162732	140539	187842	124118	186349	178841	187312	188790	176663	23970	24358	23784	189451	23617	24480	23315	153315	24737	24898	23534	25694	156434	23834	171062	24773	137296	25087	154011	25203	198939	24302	199223	176918	24060	193535	25173	172058	23933	122993	24639	237492	24889	186014	24410	305308	24505	24924	25406	291128	24470	23986	28637	150727	24710	24429	24393	191609	128200	196083	187388	25365	148056	25701	189482	27761	192227	24688	207382	147878	199652	200850	193468	194183	24476	192722	27632	192449	26220	204254	25082	205723	146212	194834	196341	190252	172257	191230	173732	155539	140251	187503	142137
0:21:23	151157	182808	187546	158999	153286	139799	181586	120115	181721	173497	184242	182150	181209	23310	23949	23552	181539	23300	23021	22768	152058	24052	24414	23035	25368	155426	23326	167534	23738	133642	24590	149943	23605	196160	23542	197018	174040	23314	191425	23279	162462	23562	121748	23914	228133	24096	180230	22865	302413	23614	24073	24395	268340	23801	24039	26273	140085	24354	23866	23859	185129	126541	193403	180843	24153	146301	24560	183873	26813	191948	25203	201709	145184	193190	194751	189258	187965	24740	188558	26606	184488	24762	202111	24329	198096	145228	191036	190070	188129	167833	189627	168528	153092	138539	182846	141341
0:41:23	147796	181661	189849	154641	151860	139653	175537	121350	178011	167987	179427	176354	161061	23174	23747	22803	157918	22164	23689	22099	132747	24049	23861	22782	24779	155761	21910	163655	22159	130567	22882	142895	22098	184576	23160	188750	174310	23006	188583	22892	159522	22599	121886	23220	220237	24005	181662	23519	195746	23318	23007	23263	274931	21451	21714	23835	116385	24168	24092	23659	184719	125815	192418	179978	24170	144438	23705	185127	25263	187688	24954	203303	143376	192084	194343	181937	182754	22108	184657	24724	184415	23345	195588	23510	198865	143537	189194	188366	187169	168768	184442	168207	154579	137850	180824	139982
1:01:23	147807	180803	189699	154175	149802	136695	171761	120438	176033	172724	178138	177672	162070	22593	23036	22120	128821	23031	23140	21725	117881	24016	23747	23818	24899	155197	22180	162733	22678	131788	22759	136531	21629	179268	23704	192160	176283	23565	194947	22734	153840	21732	121740	22500	209721	24230	179440	23310	193881	23780	22934	22769	176010	21993	21353	22961	99926	23814	23681	23751	187315	122948	193283	178333	23311	145036	22826	184231	24082	190798	24067	198181	145361	191860	191682	182341	180157	22365	181057	24030	183133	22547	193887	23671	197780	146099	186943	190233	183966	167307	184048	167571	152814	136769	182348	140784
1:21:23	148743	183571	187514	151012	151252	136967	168949	119449	174456	166365	172831	177508	142661	22993	23059	21624	115840	21969	23689	20840	95864	24485	23857	23500	24363	153683	22324	161563	23014	129291	22251	135869	21407	172734	23075	188676	174562	23476	189266	22554	150523	21663	122908	21913	206192	23838	179326	23550	175321	23649	22815	22522	193924	21771	21731	23033	85799	23570	23661	24118	186289	122878	192336	179083	23218	144313	23570	185688	24172	188618	25000	198478	146343	193779	189675	178671	178821	21946	179020	23922	182610	22976	195457	24395	197001	142870	187549	187055	185205	163710	178695	166203	154159	136565	179090	139892
1:41:23	147011	181045	187315	151627	149831	136741	171866	121113	176204	167832	176809	176124	138179	23101	23387	21562	92978	22410	24002	20963	79879	24408	24232	23108	24563	154319	22442	163007	22486	128214	23757	136187	21778	174608	23009	189829	175884	23322	193505	21945	149870	22992	123679	23923	209302	24418	181274	22671	163047	23827	22916	22345	162139	21130	21925	23337	69659	23988	23912	23944	186797	124735	191272	180509	22197	143429	22242	185023	24780	188592	24468	202393	145375	191638	189872	181142	180933	22233	179933	24051	179299	22683	197132	23682	198458	145995	189585	188484	182620	169393	179020	164885	152091	137725	179989	139821
2:01:23	149063	183179	189340	152057	152324	138532	174886	123701	175184	170097	176209	175933	150799	23566	23882	22134	78521	22788	23557	21061	65905	24426	23986	23469	24037	154114	21881	160616	23318	129421	23977	133881	20866	173030	23287	188233	177754	22809	191564	22253	148104	23399	123916	23614	209453	24160	179470	23523	173551	23688	22797	22051	129581	21401	23636	23275	58359	23791	23808	23283	188328	125598	192936	181398	21959	143906	22516	184081	24856	193219	24549	198821	143330	191717	190116	180744	180022	21803	178909	24262	178490	23067	195410	23408	197270	143450	189551	189178	185855	169017	177149	165704	155229	139432	179841	138305
2:21:23	149964	185149	188044	152783	151664	138620	173500	119464	177689	168139	175980	177011	180352	22799	23445	21347	68050	23158	22908	21622	55110	24185	23462	22674	24530	154499	22321	164687	23053	130400	23156	134177	21732	169004	23757	183850	175678	23029	188926	23372	148288	23376	124469	24175	206284	23913	179867	23271	202441	23603	22923	22833	119309	23205	23038	23169	46843	24191	23642	23503	189351	126176	191499	179248	22089	145882	22250	183206	24443	189222	24740	195835	144923	193426	188805	180565	178389	21914	180303	23821	177123	23315	195713	23494	196068	145662	186548	186277	187752	169079	179556	165542	154781	137270	181510	139776
2:41:23	148658	183520	190751	156303	153644	135540	171795	122108	176823	168537	175664	180709	209967	23438	23561	21623	58508	22038	23824	23133	45327	23571	23732	23329	24981	153571	21449	161444	24486	131346	24046	135668	21526	164936	23426	175885	176008	22740	194138	23418	148562	23003	123406	24152	201219	24289	174133	22958	228592	24000	22444	22223	100376	23407	22589	23139	39532	24121	24012	23824	187921	126053	195064	181335	22484	142912	22740	184492	24311	184437	24775	192432	142791	189478	192114	180499	181167	22006	180101	23492	171408	23061	190779	23807	197130	143530	190622	185571	183368	172694	180777	168418	156400	139010	180136	139087
3:01:23	148515	185176	189006	154556	150123	138689	172437	120741	176403	169404	179809	179944	235907	22799	23411	22420	52071	22447	23291	23147	38761	24199	23732	23256	24914	156239	22359	164470	23380	133440	24162	136109	21384	151342	23788	162823	176314	23064	194953	23314	150461	23225	125179	24136	187894	24343	164892	23527	248690	23253	22899	22088	91441	23400	23207	23149	34733	23919	23753	23646	189619	126887	191895	179078	22454	142355	22784	185843	24880	178422	23715	179550	146967	191898	187947	184069	180910	21791	182748	23584	160615	23180	184302	24343	198226	146324	192290	188120	182993	167845	177417	167781	156190	138523	181101	140888
3:21:23	149919	181932	189271	154216	151392	136778	174706	123418	173958	168971	179594	176513	255510	22935	23519	22391	47627	22662	23310	22790	33921	24398	23702	23151	25580	154808	23831	163770	23925	132506	23891	134877	21078	134393	23889	142837	178091	23395	191839	23645	150440	23085	122549	24257	163910	23486	150023	23036	260982	23764	22825	23019	79795	23598	23383	22969	31554	23616	23399	23268	186988	126855	190667	180690	21827	143318	22334	185012	25301	165919	24763	160336	143988	194195	191972	179435	181896	22431	181874	23687	144012	23300	172373	23184	197809	147268	191853	187933	186147	167791	177146	166604	156901	138415	180397	140959
3:41:23	151304	182786	193029	155270	153195	137597	173856	120686	177603	171021	175547	176137	270054	23445	22908	23744	43314	22307	23302	22511	31542	23724	24619	23073	25684	157375	23569	163058	23357	131966	23993	134826	21575	116499	23519	127355	177508	22590	194144	23487	153057	23772	124844	23750	139708	23666	132753	23557	280543	23441	22043	22347	70163	23423	22874	22638	29369	23988	24069	23129	186895	126763	191534	179078	23123	143657	23136	183952	24904	147768	24241	137744	144777	190545	191645	182007	179723	22011	180808	23972	125751	23311	152834	24277	201692	146286	190552	188351	185516	169832	177550	167784	154532	138465	180908	139721
4:01:23	150993	185613	190046	155754	153091	138462	172828	120946	177685	170185	177785	179064	282702	23786	23105	23018	40915	22206	23198	23564	29819	24192	23451	22433	26017	156805	22970	163515	23357	131765	23746	136149	21438	105562	23387	121802	179522	23457	193660	23961	152976	23050	125105	23801	124378	23706	118922	23991	280178	23861	22578	22347	69349	23743	22747	23295	28487	24302	23561	23059	188182	127269	193018	181457	22584	142436	23085	182707	25206	132882	24560	117101	144387	192494	192248	181515	176427	21516	180595	23879	111269	23363	131629	24477	198613	145702	187376	187356	185894	167521	177829	166288	154621	138025	181911	141910
4:21:23	150625	184729	191620	155313	153183	140138	173126	122094	175978	170499	179244	180967	287024	22923	23221	23479	38268	22800	23600	23069	28227	24444	23902	22500	25129	156444	22894	166227	23178	130816	24312	136090	24408	112459	23988	132363	177063	22486	194126	23533	152278	22965	125914	24070	126175	24195	125152	23121	276146	23764	22803	22242	65324	23271	22762	22941	27422	23872	23711	24079	188490	126491	193396	181438	22435	144071	23212	184556	24970	136505	24942	115493	143602	193778	193993	179857	176340	22208	181590	23741	109074	23172	114967	23462	198159	144526	191887	187131	186594	168598	175154	166085	154041	138625	178664	141670
4:41:23	152381	184563	187986	155844	153487	141273	175768	120777	178061	169685	178350	177765	285797	22462	24032	23479	37552	22576	22549	23013	27500	23754	23440	23477	25946	154100	23291	164899	23843	131019	23954	136090	24000	129204	23337	167347	178312	23095	193800	23811	152167	22852	126248	23825	129496	24207	153622	23213	269428	24042	22320	22438	59979	23820	23280	23430	26932	23767	23526	23005	190863	127088	192561	178673	22164	143165	23687	185236	25498	173528	24375	146218	143955	192317	191539	179658	178765	21472	181480	24063	142042	23710	118443	23756	197471	146289	186932	185949	187072	168483	177600	167575	155029	141219	180816	143052
5:01:23	151322	183783	189942	154278	152166	138186	173122	120267	179507	170662	176704	178916	284705	22923	23731	22719	36671	22271	22642	22913	27066	23911	23970	23151	26933	157509	23067	163632	23727	130988	24261	133409	23504	145734	23268	214279	174515	23614	190698	23910	154344	22919	124109	24229	130143	23451	179060	22993	265364	23106	24033	22080	58702	23037	23061	23884	26502	24047	23896	23662	187687	128338	192951	183058	22904	143712	23270	185352	24897	233943	23808	183347	144123	195741	189167	180143	176200	21862	179395	23588	191742	23386	140953	23744	201176	146788	189644	189965	184765	169906	181271	165473	156334	142162	178524	142433
5:21:23	151350	184546	189803	156202	151957	138040	174648	122011	180832	171178	177916	180486	280486	23821	22978	23360	36548	23135	24276	23259	26876	24742	24141	22512	26495	158204	23449	162948	23953	131127	23422	135127	24249	157478	22979	260977	176440	23341	194545	23441	155276	24016	126036	24222	125910	24430	196939	23445	265172	23037	23431	24494	57298	23832	23188	23279	26533	23919	23522	23260	189260	126807	196511	182701	23074	144458	23474	184136	25746	300624	24583	217917	145902	192665	191215	179714	177368	22548	183565	23919	241931	24018	160434	23502	198800	147961	190552	186874	188177	168828	179091	166893	158270	140721	178102	141585
5:41:23	153975	185637	192636	154734	154124	138520	175369	120099	175157	171536	178586	181424	279939	23144	23778	23237	35664	21657	22433	23296	26720	23665	23337	23314	27742	156360	22758	164669	23984	132817	23129	136170	24063	161862	24139	300791	181853	23649	192002	23279	154357	23271	125202	24393	119795	24859	208147	23368	267425	23753	23666	24505	57150	23131	23383	23640	26047	24081	24092	24067	188969	128679	196413	182232	23045	143283	24772	187901	25772	362179	24183	243008	146581	192280	191968	179428	178855	22267	179865	24199	283550	23989	175180	23181	199033	146453	190207	186966	187443	168208	179779	167234	156533	140176	181010	141200
6:01:23	154025	184800	192382	157729	154561	138547	175430	122271	177120	170295	178615	181348	277521	22471	23604	23583	35801	22228	24229	23263	26751	24122	24050	23050	26887	158562	23495	163996	23236	132353	24208	138776	24098	162906	23572	335712	179627	23191	191932	23495	155181	23233	123520	23633	112162	23835	213546	23283	266885	23249	23478	24657	57699	23224	23245	23663	25851	23814	23457	23824	189395	128072	197339	183020	22816	142707	23892	189285	25037	414483	23854	258985	145210	192104	193692	179747	180506	21398	181928	24644	321571	23575	185741	23878	198754	146717	189275	189551	189828	170785	179202	166374	155132	141188	180898	140952
6:21:23	152034	182979	192104	156108	154548	138709	175259	122527	177559	172901	176934	181096	278413	22691	23163	23433	35642	23038	23372	22712	26672	24028	24278	23058	27283	158061	22558	164128	23166	133292	23746	135878	24447	160929	23383	367185	178689	23637	193853	23972	155822	23233	123805	24491	104569	23948	215271	23870	268046	22968	23267	24424	59885	23540	23096	23485	25493	25337	24185	23299	188936	129384	196124	184083	22769	142923	24982	185029	26067	460627	24792	267385	145427	195561	194109	180923	177954	22185	180090	24075	350981	23698	188624	23415	198217	145414	190300	191678	186376	169319	177039	166479	155195	140792	178593	142154
6:41:23	151942	184441	190104	156635	154387	139225	175424	122348	179312	172424	179455	180159	277189	23387	24118	23618	35429	22822	23329	22924	26774	24274	24664	22736	28358	159022	23565	162375	23586	132566	24301	137639	24750	157818	23507	394845	181601	23372	194016	23684	154124	23198	126158	23965	97527	23737	209290	24183	266646	23464	24289	24272	59962	23481	23425	23879	25096	23884	24069	23573	186674	128749	195152	183750	22767	140705	24783	186874	25774	515122	25481	273487	146046	193931	193734	180121	178998	23149	184534	23977	374436	24156	188343	23525	200862	147580	188667	190138	187970	170493	177353	166441	158127	140897	183197	140242
7:01:23	153751	186973	192197	155358	153785	140749	177993	122633	181321	171954	179342	180544	282222	22819	23569	23061	35322	22486	23662	23036	27057	24309	24465	23062	28299	159516	23021	163343	23949	134253	24277	137261	24226	153411	24127	417896	180884	23487	192515	23245	156972	22922	125749	24509	91779	24148	204145	23847	268485	23811	24348	23411	59907	23084	22908	24177	24891	24005	23769	23696	189373	129053	197365	184558	23344	142465	24572	189054	25380	553851	24635	275916	144611	192832	193965	182923	180198	23064	182416	23746	394791	23348	188351	23920	198193	146281	191517	187296	189072	170262	180643	165835	157754	140334	181148	143107
7:21:23	152613	185616	191757	155487	152891	139492	176203	120722	179029	171343	180579	180612	276709	22738	23229	22980	35279	22092	23638	23099	27571	24012	23907	23326	28056	158805	23137	161361	24089	134819	23591	138907	23213	148221	23110	440733	181014	23176	196326	23603	158142	23581	125470	23762	86357	24143	195095	23581	268565	22976	23122	23558	60086	23162	22805	23963	24447	23879	24601	23704	189060	130804	194391	182894	22914	141516	24197	186014	25567	623024	24942	276936	145564	195410	193133	180988	179967	23822	181544	23944	406208	23952	182186	22864	200314	147696	191586	188112	188670	170377	179923	169510	157803	141330	183575	141420
7:41:23	151845	186501	191968	157031	153614	139500	175403	121290	179605	170317	181318	181748	277569	23345	22966	22880	35448	22441	22955	22816	28194	23993	24499	22980	28397	160066	23349	159431	23380	133016	23206	136315	23551	146099	23353	453439	177940	22925	192328	24226	157770	23877	125559	23860	84067	24341	191953	23341	268255	22898	23976	24854	60143	23778	23556	23792	24389	24459	22879	23260	190739	129977	195240	186141	23251	145945	24789	188222	26140	656930	24681	271249	145094	194225	194229	181505	178601	24046	181425	24388	438176	23699	175447	23925	200405	146572	192520	192235	189782	168525	178184	170501	157395	142881	182184	143530
8:01:23	151234	187694	191965	155177	153352	138562	178793	121698	179977	170055	179625	183235	277988	23121	23233	23648	35248	22408	23576	23092	28749	24016	23993	23186	29291	159820	23426	155112	23466	132773	23887	137277	23465	142442	22875	472401	178773	23256	193062	23749	156545	22860	125101	24124	81785	23838	184588	22575	270490	22630	23298	24640	60184	23396	23414	23287	24189	24384	23695	23380	188536	129227	193934	183240	23020	144567	23962	184896	25761	681930	25145	266704	144142	194023	191755	181985	177947	24226	180917	24266	443905	23839	171831	23908	198616	145323	190000	190149	187801	171548	178075	167521	156631	141400	181080	141665
8:21:23	151650	186297	191963	157536	154345	140344	180276	121945	179380	173803	179818	182661	277795	23074	24056	23280	35125	22450	23866	23817	29412	23454	23982	23267	30024	159858	23171	148588	23435	135402	23649	139056	23930	139401	23730	519079	180374	22979	191791	23368	156971	23721	126594	23855	79952	24331	180883	23221	270536	23483	23565	24198	62113	23081	23644	23128	23815	24077	23834	23465	188389	127968	196979	182288	24606	144153	24807	189586	25705	724399	24398	263439	145853	194804	192506	179102	180659	24076	182422	24591	445550	23608	166792	23944	199953	145993	192451	191548	191065	171298	180717	166171	158407	139551	181383	140990
8:41:23	152372	187783	192697	159866	155137	140121	179790	123062	180894	172976	181297	181659	274709	22831	22761	22730	35613	22466	22990	22894	29551	24082	24077	23058	30979	160856	23279	137363	23329	134498	23908	137826	24587	138509	23935	526556	179487	23873	192538	23672	156676	23295	126251	23649	77538	24266	178685	23097	268197	23845	23471	24394	62362	23178	23487	23665	23851	23958	23734	23801	189933	130039	197782	185285	23654	141378	25006	189332	26658	752878	24913	257704	145350	196462	192983	182945	183469	24005	181358	24459	445101	23866	163005	24007	201375	148490	190506	191494	189576	169812	180011	169687	157234	143831	182307	142685
9:01:23	153138	187037	192176	156389	156081	139259	179534	122931	180181	173031	181866	183716	273742	23306	23615	23306	35364	22520	23662	23013	29947	23735	24544	23337	30758	160759	23155	122785	24322	133331	23637	138079	24377	138685	23360	532361	182489	23214	192026	23649	158006	22771	126903	23801	76237	23408	178853	23696	268805	23718	23882	23620	61859	23797	23579	24049	23658	24128	23557	24589	191644	130745	195545	186831	24448	140482	25094	188016	26583	774603	24403	256267	146200	196543	192197	183249	181286	23399	184910	24852	445163	24642	162020	23944	205239	146989	192828	190150	193979	170314	180987	170773	159432	143024	183886	140000
9:21:23	153971	186434	191085	157478	155123	141213	178193	122648	181503	175816	181148	181612	274198	23434	23071	23291	35653	22584	23657	23743	30532	23649	24425	23128	30759	160476	23210	111303	23446	134176	24134	137024	23849	140338	24007	547483	180385	23141	195942	23414	156567	23469	127555	24521	76590	23862	180829	23372	271214	23291	23925	24610	63173	23932	22989	23641	23858	25070	23568	23940	188034	130996	197377	188387	24367	142969	24637	186613	25939	788509	25041	254566	144581	196478	193060	180296	181198	23672	184386	25172	440301	24336	160889	23681	202026	146106	191774	192744	187185	171696	180475	170323	156712	140697	183087	141234
9:41:23	153104	186951	193268	160566	155208	140491	179767	122014	180023	173446	180364	181261	276460	22599	23523	23349	35415	22161	23546	23371	30980	24023	24437	23438	31626	161476	23125	104740	24131	134823	24180	139508	24756	140942	23780	553049	182457	22540	192895	23518	156770	22779	126669	23773	75913	23697	180745	23546	271204	23545	23643	24384	62633	23057	22575	23477	23714	23988	24053	23796	189441	131138	195855	185330	24576	142305	24771	187359	26833	822618	24479	255357	145657	195190	193561	183549	179429	23899	184311	24679	445755	24240	161555	23756	202779	147810	192000	190871	191053	170356	177861	169292	157914	142155	182125	140232
10:01:23	154094	190044	194317	159107	154839	140724	179288	122602	180600	173348	182790	181650	276853	23434	23824	22267	35621	22968	24211	23259	30611	24421	23766	22965	32359	157939	23021	114114	23703	134452	24296	138987	24261	142602	23757	557781	182535	22356	195518	23495	159443	24093	126273	23816	75275	24237	184693	23592	272898	23533	24195	24482	62713	23575	22862	23991	23789	23419	23661	23935	191855	130879	194707	183669	23759	143427	24725	186021	26573	839277	24716	256506	147398	194619	195306	182577	181155	23873	184097	25192	445949	23884	162257	23791	201688	146282	194184	191152	186140	169487	180876	170198	158394	142396	182230	140027
10:21:23	153873	186031	193538	158689	155864	140792	179500	120795	182240	175372	180625	181667	277389	23875	22990	23015	35370	22785	23175	22827	30824	23302	23618	22895	31907	158563	22674	142031	23505	133251	23387	139760	24051	142353	23572	571117	183091	23595	191291	23679	158797	23105	127411	24439	75620	23807	184908	22715	274422	23241	23732	23679	63322	23699	23276	23847	23614	24267	24076	23928	191128	131646	196455	187234	24687	142644	25041	190461	26871	845100	24716	257863	146829	191522	194734	180646	179067	24758	186693	24418	445032	23970	162801	23533	201048	150842	188576	189702	189565	171801	178600	169260	158332	141786	183776	142018
10:41:23	152267	184983	194185	157610	156153	139664	178209	123117	182930	173985	180239	183110	279046	24072	23503	23855	35440	22060	23993	22857	31095	23598	24107	23043	32991	159324	23553	180528	23932	133534	23753	139032	24105	145886	23233	577488	181720	22941	193677	23206	159074	23058	126413	24346	75739	24261	188718	23638	278951	24192	23791	23558	63672	23162	23100	23435	23449	24223	23956	23773	191566	134041	195838	188016	24664	144978	24543	191613	26429	863731	24896	257889	146246	193552	193707	181794	180757	23610	184575	25235	448570	24442	164348	23427	200953	146933	192310	190057	187474	172977	179835	168146	160186	140644	183243	140613
11:01:23	154778	186315	194116	159817	153289	140811	181826	121738	185215	173886	182654	184875	281291	22900	24079	22701	35610	22598	23623	23754	30519	24122	24164	23407	34328	158847	23318	220718	23967	135875	23815	137930	23760	148577	23792	580507	180545	23098	193562	23938	159855	23523	127033	23485	75884	23948	191626	22978	281406	23149	23995	24307	63860	23505	22667	23822	23095	24413	23618	24032	189776	131758	198007	186547	23484	142246	23916	189401	26945	887419	24589	259770	146231	195658	191584	181292	178266	23410	184043	24490	453999	24297	167485	24430	202291	148627	192402	190806	188992	173770	183145	167818	157186	141447	183121	143828
11:21:23	153463	187089	191942	158412	155955	141087	179422	122176	180363	174660	180273	184710	285700	22923	23384	23138	35306	22260	23917	22765	30723	24117	24100	22869	33846	161996	23704	258748	23757	135698	23610	139045	24837	149537	23718	587769	182251	23306	194895	23356	158483	23442	127109	24446	76066	23655	192445	23117	286533	23287	23380	24098	63499	23699	22710	23782	23458	24506	23972	23152	188616	132980	200269	186947	24518	145516	24678	189678	26926	903228	24415	265049	146085	195894	195866	184967	179791	23372	182260	25322	455787	24336	168240	23634	201965	148849	190322	191065	188089	171674	181963	170104	159843	141493	183417	141640
11:41:23	153834	188293	193098	160366	156585	139656	179410	121985	180793	174007	183455	182614	288821	23036	23380	23291	35533	22609	23287	22779	30043	24246	23645	23031	35220	161966	23801	296132	23512	133355	24053	139811	24244	149624	23776	591298	182079	22864	195140	23495	159004	22666	127545	23937	76776	24630	194210	23801	292394	22898	23913	23686	64163	22987	22759	24242	23091	23972	24134	23600	190078	133339	196213	185767	24176	144476	24742	187258	26023	928494	25272	266958	148924	196101	197145	183304	180099	24134	186174	25554	457192	24176	169707	23263	203488	146897	192011	191019	191304	172293	177874	168741	160678	142608	185079	140550
12:01:23	154044	188113	193087	160444	154725	142336	180557	121485	182877	175589	181724	183227	291452	22633	23148	22578	35731	22662	23553	22790	29929	23906	24221	23298	35214	158582	22975	328239	23746	135714	24048	138403	23872	150685	23580	590467	183598	23222	195029	23641	159624	22962	127196	24469	76817	24014	196162	23360	297405	23707	23474	24116	64647	23209	22506	24191	22673	24518	23857	23345	193244	132780	196363	184501	23283	141803	24555	185415	26871	948061	24838	271239	148439	195749	194330	182505	183831	23938	185235	25405	464995	24471	170028	23521	199558	147595	192980	190956	191223	170921	181330	168717	160885	144257	181759	143044

