

Actual Temperature:	30.0



Actual Temperature:	30.0

Results

Well	A1	A2	A3	A4	A5	A6	A7	A8	A9	A10	A11	A12	B1	B2	B3	B4	B5	B6	B7	B8	B9	B10	B11	B12	C1	C2	C3	C4	C5	C6	C7	C8	C9	C10	C11	C12	D1	D2	D3	D4	D5	D6	D7	D8	D9	D10	D11	D12	E1	E2	E3	E4	E5	E6	E7	E8	E9	E10	E11	E12	F1	F2	F3	F4	F5	F6	F7	F8	F9	F10	F11	F12	G1	G2	G3	G4	G5	G6	G7	G8	G9	G10	G11	G12	H1	H2	H3	H4	H5	H6	H7	H8	H9	H10	H11	H12	
OD:630	0.148	0.622	0.651	0.514	0.573	0.619	0.629	0.556	0.569	0.546	0.590	0.565	0.827	0.785	0.712	0.606	0.719	0.802	0.595	0.476	0.664	0.706	0.347	0.597	0.696	0.649	0.630	0.702	0.648	0.609	0.606	0.612	0.611	0.588	0.552	0.444	0.810	0.622	0.564	0.691	0.691	0.744	0.762	0.630	0.696	0.682	0.445	0.531	0.556	0.690	0.690	0.681	0.679	0.700	0.644	0.689	0.702	0.710	0.643	0.509	0.787	0.704	0.786	0.812	0.653	0.635	0.739	0.749	0.699	0.661	0.506	0.484	0.513	0.645	0.806	0.561	0.643	0.702	0.577	0.521	0.631	0.678	0.515	0.512	0.582	0.606	0.688	0.531	0.719	0.608	0.592	0.574	0.615	0.625	0.615	0.511	
EGFP:479,520	13000	33941	31164	27112	27772	29116	29036	25892	28585	28064	28614	30780	32583	29643	28409	29521	27332	27507	28499	27580	26940	27105	25493	29761	31245	30888	30707	29457	26989	27443	25948	26477	25497	25536	24076	25592	32695	32447	30183	29075	29585	29234	28118	28253	27674	26757	26595	28985	30279	29845	30124	31204	28703	28586	27928	27519	28208	27545	26783	27649	31939	31626	29434	29848	30333	30425	27822	27749	28116	28057	26294	28202	30080	32857	31056	31011	31339	28700	29567	29471	29675	28479	27914	29934	33915	33311	32710	31847	31835	31121	31935	29985	30579	30801	31997	32735	
GFP/OD	87957	54568	47878	52737	48502	47014	46147	46543	50246	51437	48515	54507	39418	37781	39911	48739	37998	34311	47889	57941	40572	38403	73425	49876	44918	47615	48734	41956	41624	45077	42854	43270	41730	43421	43648	57614	40344	52157	53516	42107	42790	39314	36920	44867	39779	39239	59804	54545	54449	43272	43639	45814	42285	40837	43333	39952	40159	38796	41666	54288	40573	44949	37443	36745	46438	47921	37648	37033	40240	42446	51934	58317	58613	50917	38541	55288	48701	40883	51287	56534	47051	42004	54170	58488	58323	54932	47530	60021	44301	51228	53926	52220	49698	49258	52011	64086	

