

Actual Temperature:	30.1



Actual Temperature:	30.1

Results

Well	A1	A2	A3	A4	A5	A6	A7	A8	A9	A10	A11	A12	B1	B2	B3	B4	B5	B6	B7	B8	B9	B10	B11	B12	C1	C2	C3	C4	C5	C6	C7	C8	C9	C10	C11	C12	D1	D2	D3	D4	D5	D6	D7	D8	D9	D10	D11	D12	E1	E2	E3	E4	E5	E6	E7	E8	E9	E10	E11	E12	F1	F2	F3	F4	F5	F6	F7	F8	F9	F10	F11	F12	G1	G2	G3	G4	G5	G6	G7	G8	G9	G10	G11	G12	H1	H2	H3	H4	H5	H6	H7	H8	H9	H10	H11	H12	
OD:630	0.102	0.089	0.091	0.087	0.087	0.086	0.090	0.088	0.091	0.091	0.089	0.091	0.658	0.095	0.088	0.088	0.088	0.089	0.088	0.091	0.088	0.091	0.094	0.093	0.650	0.101	0.093	0.089	0.088	0.093	0.089	0.089	0.088	0.087	0.087	0.101	0.739	0.092	0.100	0.093	0.090	0.091	0.088	0.092	0.091	0.088	0.087	0.088	0.711	0.087	0.088	0.087	0.088	0.140	0.103	0.092	0.100	0.105	0.093	0.088	0.629	0.529	0.090	0.089	0.088	0.096	0.097	0.101	0.115	0.088	0.088	0.087	0.544	0.087	0.093	0.089	0.093	0.110	0.092	0.084	0.093	0.092	0.082	0.091	0.561	0.089	0.087	0.089	0.096	0.090	0.087	0.086	0.090	0.096	0.085	0.088	
EGFP:479,520	12652	12064	12415	12056	11900	11737	11455	11271	11022	10912	10868	10608	25453	11559	11424	11463	11459	11215	11246	11015	11063	10934	10747	10794	23482	11469	11379	11479	11348	11446	11416	11345	11220	11020	11046	10735	21586	11717	11314	11462	11510	11250	11197	10982	11056	11076	10779	10983	20835	11744	11680	11385	11303	10519	11081	11204	11101	10533	10877	10947	21777	20266	11386	11436	11369	11264	11200	10923	10427	10996	10735	10910	23060	11465	11173	11121	11164	11087	11037	10929	10669	10768	10761	10840	27292	11721	11690	11323	11160	11356	11218	11240	11303	11234	10902	11336	
GFP/OD	124650	135095	136129	137941	136156	135688	127703	127934	120723	119387	122250	116828	38665	121164	129231	130261	129627	125588	127073	120514	125859	120551	114330	116189	36126	113330	122487	128833	128808	122811	127839	127186	127355	126521	127405	106816	29214	127497	112689	123247	128317	123085	127820	119240	121361	126150	124039	124807	29312	134989	132577	130114	127862	75297	107792	121783	111121	100602	117083	124966	34600	38310	126091	128206	129635	117456	115822	108471	91066	124249	122267	124971	42351	131029	120399	125519	119785	101251	120491	129798	114107	117426	131072	118860	48623	131845	134677	127082	116614	125619	128943	130243	125869	116535	128410	128235	

