

Actual Temperature:	30.0



Actual Temperature:	30.0

Results

Well	A1	A2	A3	A4	A5	A6	A7	A8	A9	A10	A11	A12	B1	B2	B3	B4	B5	B6	B7	B8	B9	B10	B11	B12	C1	C2	C3	C4	C5	C6	C7	C8	C9	C10	C11	C12	D1	D2	D3	D4	D5	D6	D7	D8	D9	D10	D11	D12	E1	E2	E3	E4	E5	E6	E7	E8	E9	E10	E11	E12	F1	F2	F3	F4	F5	F6	F7	F8	F9	F10	F11	F12	G1	G2	G3	G4	G5	G6	G7	G8	G9	G10	G11	G12	H1	H2	H3	H4	H5	H6	H7	H8	H9	H10	H11	H12	
OD:630	0.092	0.099	0.100	0.098	0.102	0.100	0.093	0.097	0.095	0.097	0.094	0.086	0.622	0.097	0.097	0.095	0.103	0.102	0.100	0.100	0.099	0.097	0.094	0.089	0.624	0.100	0.100	0.103	0.097	0.102	0.096	0.104	0.099	0.092	0.094	0.087	0.631	0.104	0.105	0.103	0.106	0.100	0.101	0.104	0.095	0.100	0.097	0.089	0.662	0.098	0.096	0.101	0.101	0.101	0.098	0.100	0.095	0.095	0.101	0.093	0.628	0.094	0.096	0.105	0.101	0.097	0.097	0.545	0.097	0.097	0.093	0.089	0.579	0.096	0.098	0.097	0.097	0.097	0.104	0.101	0.097	0.096	0.096	0.088	0.644	0.088	0.096	0.092	0.094	0.088	0.093	0.436	0.089	0.103	0.088	0.087	
EGFP:479,520	12906	12335	12367	12125	11892	12064	11993	11918	11789	11728	11884	11851	20076	12207	12166	12057	12052	11863	11770	11918	11707	11612	11346	11568	20294	12604	12365	12052	12080	12174	11937	12018	11706	11677	11607	11747	19276	12384	12363	12242	12276	12307	12032	11993	11865	11773	11447	11562	20857	12782	12260	12220	12098	12235	12072	12042	12022	11799	11593	11704	22733	12693	12344	12343	12160	12094	12113	27071	11974	11882	11568	11478	23806	12547	12337	12174	11973	12102	12104	11998	11753	11867	11771	11654	25903	13124	12647	12478	12365	12310	12432	27851	12153	12031	12126	11970	
GFP/OD	140742	124596	124167	123598	116246	121124	128267	123375	123704	121282	126560	137006	32302	126105	125812	127318	117123	115963	117818	119061	118612	119711	120702	130564	32512	125663	124022	116896	124152	119003	123956	115447	118004	126649	124006	134251	30534	118963	117407	118854	116140	123317	118893	115651	124763	117378	118132	129619	31492	130963	127575	120870	119545	120780	123184	120180	126948	124593	114669	125579	36170	135609	129121	117106	120039	125067	125523	49699	123063	122117	124655	129402	41094	130156	126016	126025	123306	125150	116721	118792	121667	124262	122742	132432	40197	149647	131740	136074	132105	139728	133821	63864	135788	116579	137172	137586	

