

Actual Temperature:	30.0



Actual Temperature:	30.0

Results

Well	A1	A2	A3	A4	A5	A6	A7	A8	A9	A10	A11	A12	B1	B2	B3	B4	B5	B6	B7	B8	B9	B10	B11	B12	C1	C2	C3	C4	C5	C6	C7	C8	C9	C10	C11	C12	D1	D2	D3	D4	D5	D6	D7	D8	D9	D10	D11	D12	E1	E2	E3	E4	E5	E6	E7	E8	E9	E10	E11	E12	F1	F2	F3	F4	F5	F6	F7	F8	F9	F10	F11	F12	G1	G2	G3	G4	G5	G6	G7	G8	G9	G10	G11	G12	H1	H2	H3	H4	H5	H6	H7	H8	H9	H10	H11	H12	
OD:630	0.078	0.088	0.088	0.087	0.088	0.088	0.088	0.090	0.086	0.088	0.089	0.087	0.680	0.096	0.089	0.089	0.090	0.087	0.088	0.090	0.088	0.087	0.091	0.087	0.737	0.089	0.088	0.088	0.088	0.086	0.089	0.088	0.087	0.086	0.086	0.086	0.774	0.088	0.089	0.088	0.089	0.087	0.086	0.087	0.088	0.087	0.087	0.087	0.754	0.089	0.086	0.087	0.086	0.086	0.086	0.088	0.089	0.088	0.088	0.086	0.711	0.590	0.088	0.086	0.087	0.087	0.102	0.087	0.091	0.088	0.088	0.084	0.703	0.091	0.090	0.096	0.089	0.089	0.086	0.087	0.088	0.092	0.086	0.082	0.656	0.094	0.087	0.088	0.088	0.089	0.090	0.087	0.086	0.084	0.084	0.077	
EGFP:479,520	12820	12291	12123	11929	11917	11797	12171	11616	11579	13461	13973	11935	21383	12222	11900	12790	12131	11988	12017	11901	11745	11947	11566	11425	17112	12927	12290	12578	12228	12122	12177	12415	11919	12108	11926	11480	22903	13016	12557	12666	12266	12342	12679	12751	12387	12608	12319	12361	23538	13324	12231	12403	12555	12602	12516	12380	12699	12585	11757	11679	22736	16035	12571	12487	12560	12567	12301	12419	13137	12061	11972	11768	22818	14121	13179	12470	13282	12464	12449	12441	12465	12213	11987	11916	24350	14949	13267	12633	13144	12696	12894	12502	12580	12597	12420	12076	
GFP/OD	164781	139038	137449	136958	135884	134515	137837	129067	134016	152619	156298	137659	31446	127845	134312	144032	134341	138430	137024	132087	133922	137638	126681	131171	23218	145574	139342	143584	139271	140139	137128	141562	137633	140301	137873	133024	29579	147407	141567	143768	138286	141213	147088	145726	141082	144422	142088	141755	31234	150384	141891	142236	145650	145688	145197	140842	142685	143664	134059	136437	31986	27192	142206	144693	143872	143952	120362	142420	144840	137213	136045	140095	32481	155518	146109	130439	149741	140677	144086	142672	141166	133039	139709	145495	37108	158863	151796	142907	149364	142492	143746	144365	147135	150322	148743	156628	

