

Actual Temperature:	30.0



Actual Temperature:	30.0

Results

Well	A1	A2	A3	A4	A5	A6	A7	A8	A9	A10	A11	A12	B1	B2	B3	B4	B5	B6	B7	B8	B9	B10	B11	B12	C1	C2	C3	C4	C5	C6	C7	C8	C9	C10	C11	C12	D1	D2	D3	D4	D5	D6	D7	D8	D9	D10	D11	D12	E1	E2	E3	E4	E5	E6	E7	E8	E9	E10	E11	E12	F1	F2	F3	F4	F5	F6	F7	F8	F9	F10	F11	F12	G1	G2	G3	G4	G5	G6	G7	G8	G9	G10	G11	G12	H1	H2	H3	H4	H5	H6	H7	H8	H9	H10	H11	H12	
OD:630	0.088	0.088	0.089	0.088	0.087	0.088	0.089	0.090	0.089	0.090	0.088	0.090	0.686	0.090	0.089	0.088	0.089	0.092	0.088	0.089	0.089	0.089	0.087	0.088	0.763	0.088	0.089	0.088	0.088	0.089	0.088	0.088	0.088	0.087	0.087	0.089	0.965	0.088	0.088	0.089	0.089	0.087	0.086	0.087	0.089	0.087	0.087	0.086	0.848	0.087	0.088	0.088	0.087	0.086	0.087	0.087	0.087	0.088	0.087	0.087	0.618	0.585	0.086	0.088	0.089	0.088	0.087	0.087	0.088	0.088	0.088	0.087	0.615	0.087	0.088	0.089	0.089	0.089	0.087	0.087	0.087	0.088	0.091	0.087	0.618	0.088	0.088	0.089	0.088	0.088	0.088	0.087	0.087	0.088	0.088	0.087	
EGFP:479,520	15582	14911	14294	14044	13771	13629	13647	13672	13753	13614	13167	13574	27016	14368	14071	13903	13904	13662	13474	13331	13120	13210	12898	13181	25920	14510	14140	13966	13998	13905	13750	13501	13418	13080	12850	13015	28781	14615	14103	13927	13955	13940	13819	13525	13541	13170	12960	12887	23353	13574	13134	13111	13057	12942	12839	12697	12659	12444	12441	12095	24932	16864	14171	13945	13859	13658	13395	13331	13165	13225	13008	12808	25879	14262	13807	13786	13635	13557	13189	13369	12798	12910	12601	12760	27810	14755	14321	13978	14093	14266	14105	13868	13728	13670	13620	13076	
GFP/OD	177877	169059	160968	160320	157383	155051	152480	151911	155226	150764	150137	150990	39405	160357	158636	157274	156930	148500	152249	149787	147914	147598	147406	150125	33985	164140	158520	158524	158707	156412	156073	153945	152132	149657	147532	146565	29822	165515	159356	156659	156446	160230	160686	155998	152489	151032	148284	149155	27555	156382	149590	148989	149394	150664	147915	145441	145006	141731	142183	138387	40330	28832	164397	158286	156422	155205	153261	153406	150114	149943	147650	146881	42066	163743	157434	154725	152688	152326	151598	153843	147273	146041	138018	147005	45036	168244	161819	157410	159604	161563	159740	158673	157431	155165	154072	149954	

