

Actual Temperature:	30.0



Actual Temperature:	30.0

Results

Well	A1	A2	A3	A4	A5	A6	A7	A8	A9	A10	A11	A12	B1	B2	B3	B4	B5	B6	B7	B8	B9	B10	B11	B12	C1	C2	C3	C4	C5	C6	C7	C8	C9	C10	C11	C12	D1	D2	D3	D4	D5	D6	D7	D8	D9	D10	D11	D12	E1	E2	E3	E4	E5	E6	E7	E8	E9	E10	E11	E12	F1	F2	F3	F4	F5	F6	F7	F8	F9	F10	F11	F12	G1	G2	G3	G4	G5	G6	G7	G8	G9	G10	G11	G12	H1	H2	H3	H4	H5	H6	H7	H8	H9	H10	H11	H12	
OD:630	0.089	0.090	0.089	0.087	0.090	0.089	0.088	0.088	0.092	0.090	0.088	0.090	1.603	0.089	0.097	0.093	0.089	0.088	0.088	0.088	0.089	0.087	0.090	0.087	0.664	0.088	0.088	0.088	0.094	0.090	0.087	0.086	0.087	0.088	0.091	0.088	0.698	0.089	0.088	0.088	0.087	0.763	0.535	0.087	0.088	0.089	0.090	0.086	0.681	0.087	0.086	0.087	0.087	0.086	0.087	0.090	0.089	0.089	0.090	0.088	0.764	0.088	0.086	0.086	0.088	0.093	0.088	0.553	0.653	0.092	0.087	0.091	0.618	0.087	0.087	0.089	0.090	0.090	0.677	0.089	0.090	0.102	0.091	0.096	0.634	0.087	0.600	0.090	0.088	0.725	0.089	0.088	0.089	0.660	0.088	0.087	
EGFP:479,520	13354	12554	12711	12346	11946	12019	12096	11630	11568	11425	11371	11585	56000	12602	12292	12107	12310	12186	11916	11857	11512	11622	11290	11395	30724	12580	12592	12582	12449	12167	12127	12042	11723	11677	11349	11677	28101	12661	12594	12624	12630	30580	29054	12145	11943	11908	11479	11750	28256	12752	12752	12707	12571	12494	12602	12146	12079	11886	11626	11831	29615	12826	12759	12523	12451	12440	12386	30269	31047	12024	11596	11588	28757	12973	12793	12657	12490	12606	25798	12188	12078	11751	11555	11641	31109	13365	24798	12823	12599	27477	12737	12102	12126	25913	11766	11819	
GFP/OD	149877	139180	143465	141583	133177	135045	138082	131859	126288	127511	129806	129009	34926	142074	126852	129764	137542	137695	134949	134586	128914	133586	125028	130378	46271	143607	142443	142977	132015	135189	138753	139375	134902	132093	124714	133147	40265	142740	142305	142967	144343	40068	54337	139919	135408	133199	127829	135838	41480	145904	147764	145890	144163	145448	145520	135256	135719	134153	129754	133835	38763	145585	147674	144942	141650	133476	140590	54766	47567	130412	132829	127903	46510	149631	146709	142694	138624	139601	38078	136637	133606	114756	127539	121895	49091	153621	41316	142954	142846	37889	143758	137055	136708	39250	132949	135384	

