

Actual Temperature:	30.0



Actual Temperature:	30.0

Results

Well	A1	A2	A3	A4	A5	A6	A7	A8	A9	A10	A11	A12	B1	B2	B3	B4	B5	B6	B7	B8	B9	B10	B11	B12	C1	C2	C3	C4	C5	C6	C7	C8	C9	C10	C11	C12	D1	D2	D3	D4	D5	D6	D7	D8	D9	D10	D11	D12	E1	E2	E3	E4	E5	E6	E7	E8	E9	E10	E11	E12	F1	F2	F3	F4	F5	F6	F7	F8	F9	F10	F11	F12	G1	G2	G3	G4	G5	G6	G7	G8	G9	G10	G11	G12	H1	H2	H3	H4	H5	H6	H7	H8	H9	H10	H11	H12	
OD:630	0.088	0.091	0.092	0.088	0.089	0.088	0.089	0.088	0.089	0.088	0.088	0.088	0.586	0.088	0.088	0.088	0.089	0.086	0.088	0.090	0.092	0.087	0.087	0.086	0.629	0.087	0.087	0.088	0.087	0.087	0.087	0.087	0.087	0.087	0.087	0.088	0.790	0.085	0.087	0.095	0.086	0.087	0.086	0.092	0.091	0.087	0.087	0.087	0.688	0.087	0.082	0.083	0.085	0.089	0.094	0.088	0.090	0.088	0.088	0.089	0.564	0.441	0.087	0.089	0.095	0.088	0.087	0.092	0.088	0.093	0.090	0.088	0.557	0.089	0.091	0.089	0.098	0.088	0.092	0.089	0.087	0.090	0.088	0.091	0.460	0.086	0.089	0.095	0.089	0.090	0.092	0.090	0.087	0.091	0.087	0.089	
EGFP:479,520	14740	14005	13906	13413	13250	13101	12844	12889	12694	12850	12874	13218	26585	14076	13847	13789	13461	13275	13103	12944	12646	12710	12349	12913	21875	14030	14185	13490	13206	13433	13210	13057	12942	12683	12470	12604	22698	14341	13892	13697	13778	13447	13310	12830	12930	12693	12508	12204	21932	14510	13892	13746	13328	13332	13315	12923	12892	12747	12393	12509	24953	17691	13873	13755	13624	13129	13274	13079	12980	12736	12559	12318	28316	14141	13856	13622	13146	13379	13285	12980	13091	12769	12662	12444	27491	14965	14913	14360	13770	13573	13400	12880	12817	12824	12744	12386	
GFP/OD	167120	153732	151812	152942	148543	148706	144803	145638	143273	146189	146629	150890	45406	159231	157531	156515	151417	153824	148560	144303	138057	146092	141455	149629	34750	160894	163234	153820	151445	154580	151665	149736	148759	146286	143664	143227	28746	167927	158947	144027	160209	154919	154051	139154	141311	146064	144268	140761	31873	167166	170454	165814	156066	150474	142102	146852	143563	144034	141150	140551	44212	40107	159460	155073	144169	149193	152926	142473	146999	137241	139544	139186	50846	158354	152599	152713	134280	151862	144245	146501	150126	142036	143398	136149	59737	174012	168129	151637	154027	151484	145652	143750	147322	141233	145646	138546	

