

Actual Temperature:	30.0



Actual Temperature:	30.0

Results

Well	A1	A2	A3	A4	A5	A6	A7	A8	A9	A10	A11	A12	B1	B2	B3	B4	B5	B6	B7	B8	B9	B10	B11	B12	C1	C2	C3	C4	C5	C6	C7	C8	C9	C10	C11	C12	D1	D2	D3	D4	D5	D6	D7	D8	D9	D10	D11	D12	E1	E2	E3	E4	E5	E6	E7	E8	E9	E10	E11	E12	F1	F2	F3	F4	F5	F6	F7	F8	F9	F10	F11	F12	G1	G2	G3	G4	G5	G6	G7	G8	G9	G10	G11	G12	H1	H2	H3	H4	H5	H6	H7	H8	H9	H10	H11	H12	
OD:630	0.089	0.117	0.133	0.132	0.126	0.126	0.137	0.135	0.128	0.130	0.116	0.091	0.599	0.131	0.134	0.133	0.139	0.164	0.158	0.142	0.137	0.145	0.130	0.114	0.584	0.117	0.133	0.137	0.141	0.143	0.146	0.151	0.134	0.142	0.149	0.121	0.635	0.117	0.121	0.136	0.142	0.145	0.139	0.141	0.141	0.155	0.164	0.119	0.601	0.121	0.116	0.137	0.133	0.134	0.127	0.126	0.140	0.136	0.157	0.114	0.622	0.516	0.130	0.136	0.135	0.656	0.123	0.142	0.138	0.137	0.130	0.112	0.595	0.117	0.117	0.136	0.143	0.152	0.763	0.135	0.133	0.127	0.119	0.103	0.581	0.129	0.115	0.136	0.131	0.120	0.126	0.684	0.115	0.107	0.101	0.092	
EGFP:479,520	12809	12225	12268	12210	11836	11863	11988	11640	11716	11652	11507	11906	20210	12376	12435	12202	11966	11937	11766	11731	11415	11335	11274	11941	18958	12687	12413	12265	12197	12092	12012	11755	11446	11501	11261	12067	18813	12699	12492	12130	12210	12019	11962	11752	11714	11525	11451	12086	19402	12971	12509	12440	12420	12281	12207	11932	11783	11672	11398	11949	20000	15960	12603	12423	12426	32268	12100	11984	11837	11602	11464	11837	21568	12833	12381	12400	12266	12177	25156	11917	11805	11390	11360	12024	23355	12991	12888	12570	12441	12494	12185	25747	12215	12115	11802	12457	
GFP/OD	143760	104309	92171	92781	93639	94375	87632	85968	91603	89838	99198	130405	33717	94186	92799	91813	86335	72965	74657	82439	83565	77904	86991	104562	32440	108901	93683	89591	86811	84265	82387	77899	85738	80879	75577	99727	29645	108261	103069	89060	86168	83062	86306	83644	83019	74211	69696	101393	32267	107021	107651	90671	93243	91581	96042	95076	84044	86077	72784	104449	32170	30900	97096	91346	92387	49189	98214	84157	85900	84686	87914	105782	36249	110155	106093	90976	85597	80270	32983	88405	88560	89474	95222	116625	40198	100862	111681	92631	95115	104117	96706	37658	105941	112698	116967	135993	

