

Actual Temperature:	30.0



Actual Temperature:	30.0

Results

Well	A1	A2	A3	A4	A5	A6	A7	A8	A9	A10	A11	A12	B1	B2	B3	B4	B5	B6	B7	B8	B9	B10	B11	B12	C1	C2	C3	C4	C5	C6	C7	C8	C9	C10	C11	C12	D1	D2	D3	D4	D5	D6	D7	D8	D9	D10	D11	D12	E1	E2	E3	E4	E5	E6	E7	E8	E9	E10	E11	E12	F1	F2	F3	F4	F5	F6	F7	F8	F9	F10	F11	F12	G1	G2	G3	G4	G5	G6	G7	G8	G9	G10	G11	G12	H1	H2	H3	H4	H5	H6	H7	H8	H9	H10	H11	H12	
OD:630	0.103	0.105	0.115	0.100	0.107	0.104	0.102	0.102	0.103	0.099	0.097	0.095	1.356	0.109	0.100	0.114	0.100	0.109	0.113	0.098	0.100	0.098	0.101	0.109	1.199	0.107	0.099	0.099	0.098	0.097	0.099	0.100	0.098	0.099	0.098	0.097	1.175	0.096	0.096	0.097	0.098	0.099	0.098	0.099	0.099	0.099	0.097	0.098	1.243	0.096	0.099	0.098	0.104	0.106	0.099	0.107	0.099	0.098	0.099	0.101	1.201	0.094	0.097	0.101	0.098	0.102	0.100	0.100	0.102	0.100	0.100	0.100	1.235	0.102	0.097	0.100	0.099	0.108	0.107	0.102	0.102	0.101	0.108	0.098	1.117	0.109	0.096	0.099	0.099	0.111	0.107	0.108	0.101	0.103	0.117	0.100	
EGFP:479,520	25695	58846	80170	53586	65263	67014	59711	57900	59716	49854	46002	47487	2078492	45786	46468	45322	57907	260153	81323	45766	46157	44697	50986	150659	1738150	44084	45040	47966	56087	49876	50332	52521	53433	58851	49848	51024	1746256	43036	42564	44638	48123	48216	46264	47694	45407	46440	44081	44852	1960433	42636	50141	46884	49540	57440	49037	47576	47209	47961	48120	47455	1935070	42519	45001	45718	47961	50671	50487	52250	50089	50107	51934	68482	2072748	60058	44155	47416	48620	58867	53009	52398	48119	49189	49728	46291	1782322	42362	43354	48223	48300	49126	50990	50442	50802	50368	47390	48049	
GFP/OD	249708	561508	698954	535860	608797	646230	587129	570443	582027	505619	472785	500390	1533263	419286	467015	396518	578492	2382353	719673	468914	463424	457961	505312	1387284	1450029	412000	456795	484995	569990	512074	507379	527849	543571	597472	507617	523860	1486555	449697	443375	460186	489055	487523	470641	483712	457732	468618	455853	456277	1577559	443202	504437	480369	475432	540866	496326	443806	478308	487904	484105	469851	1611216	452330	465849	454905	489398	495318	504870	520937	492033	503588	517787	683453	1678474	589961	456618	476064	490616	545570	494949	513203	474079	486538	461727	473808	1595347	390074	451134	486119	487386	443375	476988	466623	501006	489961	403663	480490	

