

Actual Temperature:	30.0



Actual Temperature:	30.0

Results

Well	A1	A2	A3	A4	A5	A6	A7	A8	A9	A10	A11	A12	B1	B2	B3	B4	B5	B6	B7	B8	B9	B10	B11	B12	C1	C2	C3	C4	C5	C6	C7	C8	C9	C10	C11	C12	D1	D2	D3	D4	D5	D6	D7	D8	D9	D10	D11	D12	E1	E2	E3	E4	E5	E6	E7	E8	E9	E10	E11	E12	F1	F2	F3	F4	F5	F6	F7	F8	F9	F10	F11	F12	G1	G2	G3	G4	G5	G6	G7	G8	G9	G10	G11	G12	H1	H2	H3	H4	H5	H6	H7	H8	H9	H10	H11	H12	
OD:630	0.088	0.090	0.089	0.088	0.089	0.089	0.089	0.089	0.090	0.089	0.088	0.087	0.809	0.093	0.089	0.088	0.089	0.090	0.091	0.089	0.089	0.089	0.088	0.087	0.754	0.090	0.089	0.089	0.089	0.089	0.089	0.089	0.090	0.089	0.088	0.089	1.200	0.089	0.089	0.090	0.089	0.089	0.087	0.089	0.091	0.089	0.088	0.087	1.146	0.088	0.089	0.089	0.088	0.088	1.533	0.089	0.089	0.531	0.089	0.089	0.883	0.088	0.090	0.088	0.091	0.090	0.088	0.090	0.090	0.089	0.090	0.088	1.175	0.088	0.089	0.436	0.089	0.089	0.093	0.091	0.089	0.089	0.089	0.087	0.718	0.089	0.088	0.089	0.089	0.089	0.089	0.088	0.588	0.089	0.090	0.088	
EGFP:479,520	27355	27065	26998	26519	26500	26464	26230	26157	26616	26106	26484	25224	114293	26319	26189	26228	26324	26069	25890	26109	25931	26036	26311	25290	127592	26761	26234	26463	26631	26372	26393	26645	26323	26471	26544	25215	157222	26573	26471	26328	26515	26398	26330	26256	26268	26242	26813	25550	161779	26953	26528	26030	26550	26526	108639	26684	26628	187624	27055	25587	96538	26858	26618	26312	26537	26514	26248	26155	26263	26284	26763	25409	285327	26642	26521	195086	26427	26429	26203	26056	26470	26411	26366	25680	72582	26734	26359	26594	26385	26332	26673	26716	173857	26749	27304	25757	
GFP/OD	309096	301392	302329	299989	298423	297015	293073	292584	296392	292340	299254	291270	141277	284222	293270	296697	295775	290301	284818	292702	291033	292211	299329	291359	169153	298339	293445	296338	299561	295982	297218	300734	293456	296428	302323	282363	131062	297904	296096	292533	297587	296274	301604	296009	288977	295851	303314	292669	141181	305936	298067	291163	300680	301090	70881	298813	298186	353075	302968	288467	109354	303824	294447	299340	292903	294600	297259	289967	292461	294004	298361	288084	242914	303440	296324	447342	297601	296289	282665	286015	298758	295756	294592	293486	101117	299373	298179	297472	295134	294871	301050	302559	295927	300551	304392	292029	

