

Actual Temperature:	30.0



Actual Temperature:	30.0

Results

Well	A1	A2	A3	A4	A5	A6	A7	A8	A9	A10	A11	A12	B1	B2	B3	B4	B5	B6	B7	B8	B9	B10	B11	B12	C1	C2	C3	C4	C5	C6	C7	C8	C9	C10	C11	C12	D1	D2	D3	D4	D5	D6	D7	D8	D9	D10	D11	D12	E1	E2	E3	E4	E5	E6	E7	E8	E9	E10	E11	E12	F1	F2	F3	F4	F5	F6	F7	F8	F9	F10	F11	F12	G1	G2	G3	G4	G5	G6	G7	G8	G9	G10	G11	G12	H1	H2	H3	H4	H5	H6	H7	H8	H9	H10	H11	H12	
OD:630	0.093	0.773	0.938	0.893	0.921	0.887	0.931	0.914	0.928	0.847	0.518	0.683	1.268	0.750	0.673	0.705	0.695	0.664	0.674	0.703	0.726	0.676	0.773	0.544	0.779	0.848	0.726	0.729	0.671	0.650	0.696	0.658	0.759	0.752	0.868	0.600	0.810	0.756	0.790	0.658	0.726	0.622	0.631	0.738	0.587	0.685	0.938	0.630	0.860	0.774	0.647	0.792	0.610	0.764	0.609	0.707	0.643	0.771	0.892	0.685	0.394	0.766	0.789	0.855	0.728	0.726	0.769	0.671	0.763	0.811	0.907	0.684	0.710	0.941	0.843	0.757	0.834	0.766	0.752	0.759	0.682	0.832	0.784	0.569	0.820	0.787	0.453	0.672	0.400	0.693	0.636	0.585	0.673	0.616	0.700	0.748	
EGFP:479,520	28662	276044	278119	242871	229778	269023	282089	268372	283890	366989	229746	281899	74895	242113	231660	186874	216658	226455	232042	216986	236583	227220	314771	297712	146701	230558	262091	211280	221299	221915	226198	223772	223617	232348	281789	287359	172466	230844	213970	204085	195488	205391	228865	266378	237787	224976	273759	272567	136222	231973	232066	207726	245269	209501	304851	200453	237788	229285	242540	294191	160189	236872	236309	202779	225003	208158	234810	282783	251431	280445	276112	290446	130375	371014	237806	200207	211400	241772	236863	229334	247244	280658	270251	297704	64335	240867	261956	267437	220084	265057	243139	273226	266942	275143	299947	293397	
GFP/OD	308525	357246	296660	272063	249433	303330	302833	293624	305949	433435	443183	412857	59065	322947	344015	264919	311918	340995	344327	308701	326007	336075	406944	547667	188320	271852	361057	289742	329559	341408	325044	339872	294737	308973	324679	479012	213000	305390	270951	310254	269119	330476	362875	361093	405227	328240	291730	432440	158342	299552	358846	262115	401817	274180	500330	283406	369580	297194	272028	429601	406159	309152	299466	237279	309155	286798	305424	421121	329400	345674	304323	424380	183704	394276	282128	264439	253386	315465	314936	301954	362741	337532	344796	523482	78486	305979	578142	398209	550072	382588	382414	467373	396881	446371	428557	392452	

