

Actual Temperature:	30.0



Actual Temperature:	30.0

Results

Well	A1	A2	A3	A4	A5	A6	A7	A8	A9	A10	A11	A12	B1	B2	B3	B4	B5	B6	B7	B8	B9	B10	B11	B12	C1	C2	C3	C4	C5	C6	C7	C8	C9	C10	C11	C12	D1	D2	D3	D4	D5	D6	D7	D8	D9	D10	D11	D12	E1	E2	E3	E4	E5	E6	E7	E8	E9	E10	E11	E12	F1	F2	F3	F4	F5	F6	F7	F8	F9	F10	F11	F12	G1	G2	G3	G4	G5	G6	G7	G8	G9	G10	G11	G12	H1	H2	H3	H4	H5	H6	H7	H8	H9	H10	H11	H12	
OD:630	0.088	0.089	0.089	0.089	0.088	0.089	0.090	0.090	0.090	0.088	0.088	0.087	0.759	0.089	0.089	0.089	0.088	0.089	0.089	0.089	0.089	0.089	0.088	0.088	0.875	0.089	0.089	0.089	0.089	0.089	0.088	0.089	0.087	0.089	0.087	0.087	0.852	0.089	0.089	0.089	0.089	0.089	0.087	0.088	0.088	0.089	0.088	0.088	0.934	0.088	0.088	0.088	0.089	0.088	0.088	0.089	0.089	0.089	0.089	0.095	1.082	0.089	0.090	0.089	0.090	0.091	0.089	0.089	0.090	0.089	0.089	0.089	1.002	0.088	0.089	0.089	0.089	0.089	0.088	0.088	0.088	0.089	0.088	0.087	0.791	0.088	0.089	0.089	0.089	0.089	0.088	0.088	0.089	0.088	0.089	0.089	
EGFP:479,520	25569	25577	25271	25218	24916	25223	24884	24942	25191	25154	24848	25233	45293	25642	24966	25052	24945	24589	24937	24712	24687	24715	24748	25091	48799	24936	25259	25132	25142	24609	25161	25094	24865	24747	25154	25167	50258	25275	25186	25178	24981	24876	25062	24876	24933	24944	25081	25034	58190	25194	25283	24943	25244	24653	25164	25206	24774	24943	25154	24735	57524	25090	25064	24825	24810	25050	24698	24924	24792	24726	25030	25478	51021	25307	24792	24822	24910	24551	24806	24852	24881	24754	25052	25505	43045	25101	24762	24908	24598	24255	24540	24937	24665	24794	25080	25818	
GFP/OD	290887	286738	282358	283348	282174	284043	277414	277442	280211	285516	282685	289369	59698	288436	281149	281483	283466	276592	280191	277040	276450	278009	280908	285449	55789	279865	283809	282065	280916	276506	284305	282272	284171	277433	287474	288282	58995	284628	283946	281633	280056	280767	287738	283649	282367	279955	284688	285125	62289	285323	286981	282161	284600	281427	286606	283851	278047	279944	282947	261746	53160	282545	279732	278620	275973	275881	276883	280676	276696	276887	280291	286592	50929	288563	279819	280158	278635	275544	280929	282409	282418	279076	283073	291486	54412	283948	279481	280812	275762	272835	279818	282732	278386	282071	282751	291400	

