

Actual Temperature:	30.0



Actual Temperature:	30.0

Results

Well	A1	A2	A3	A4	A5	A6	A7	A8	A9	A10	A11	A12	B1	B2	B3	B4	B5	B6	B7	B8	B9	B10	B11	B12	C1	C2	C3	C4	C5	C6	C7	C8	C9	C10	C11	C12	D1	D2	D3	D4	D5	D6	D7	D8	D9	D10	D11	D12	E1	E2	E3	E4	E5	E6	E7	E8	E9	E10	E11	E12	F1	F2	F3	F4	F5	F6	F7	F8	F9	F10	F11	F12	G1	G2	G3	G4	G5	G6	G7	G8	G9	G10	G11	G12	H1	H2	H3	H4	H5	H6	H7	H8	H9	H10	H11	H12	
OD:630	0.089	0.815	1.155	0.560	0.767	1.258	0.609	0.559	0.089	0.489	0.089	0.866	1.252	0.089	0.089	0.722	0.088	0.894	0.884	0.089	0.886	1.056	0.088	0.764	1.116	0.090	0.090	0.534	0.088	0.089	0.420	0.566	0.089	0.640	0.839	0.088	0.586	0.089	0.499	0.090	0.670	0.412	0.087	0.088	0.090	0.088	0.088	0.088	1.037	0.839	0.089	0.670	0.088	0.088	1.532	0.934	0.089	0.089	0.587	0.802	0.702	0.838	0.090	0.088	0.469	0.090	0.541	0.654	0.800	0.436	0.784	0.937	0.870	0.885	0.089	0.871	0.088	0.498	0.847	0.535	0.089	0.090	1.193	0.883	0.823	0.870	0.822	0.685	1.025	0.766	0.088	0.763	0.089	1.056	0.090	0.810	
EGFP:479,520	27040	197210	175899	161855	172985	130215	177122	226588	26526	241959	26861	262386	183765	26233	26323	194302	26224	187853	144546	26148	140182	153697	26182	278679	138097	26516	26261	184870	26389	26466	178403	199283	26177	188185	159009	26806	71481	26612	164577	26342	138649	164716	26426	26022	26194	26650	26155	26934	92625	138999	26567	182905	26409	26058	127860	306633	26072	26044	183827	204487	99902	166512	26568	26484	166117	26437	178636	154635	186150	199858	150645	209550	106042	186980	26532	151863	26511	212569	180475	160413	26231	25947	196067	270130	65982	166808	156854	176937	156562	167883	26930	226824	26668	163035	27532	303096	
GFP/OD	304162	242005	152280	289027	225564	103493	290793	405563	297710	494399	302489	303091	146742	293763	294441	269154	296652	210197	163569	293468	158219	145519	297861	364811	123732	294950	293092	346004	299195	297037	424971	352028	294786	294223	189432	304960	122002	298341	329880	293341	206784	400087	302357	294034	292344	302154	295537	306068	89346	165613	298171	272789	299422	296114	83460	328406	291633	291973	313324	254940	142229	198725	294545	301640	353968	294399	330257	236590	232542	458495	192100	223544	121873	211277	297778	174335	299559	427103	212975	299893	293740	289264	164348	305750	80212	191711	190843	258114	152684	219168	304294	297318	299304	154418	304558	374285	

