

Actual Temperature:	30.0



Actual Temperature:	30.0

Results

Well	A1	A2	A3	A4	A5	A6	A7	A8	A9	A10	A11	A12	B1	B2	B3	B4	B5	B6	B7	B8	B9	B10	B11	B12	C1	C2	C3	C4	C5	C6	C7	C8	C9	C10	C11	C12	D1	D2	D3	D4	D5	D6	D7	D8	D9	D10	D11	D12	E1	E2	E3	E4	E5	E6	E7	E8	E9	E10	E11	E12	F1	F2	F3	F4	F5	F6	F7	F8	F9	F10	F11	F12	G1	G2	G3	G4	G5	G6	G7	G8	G9	G10	G11	G12	H1	H2	H3	H4	H5	H6	H7	H8	H9	H10	H11	H12	
OD:630	0.088	0.089	0.088	0.088	0.088	0.088	0.089	0.089	0.089	0.088	0.088	0.087	0.851	0.089	0.089	0.088	0.088	0.089	0.089	0.089	0.089	0.089	0.089	0.087	0.849	0.089	0.089	0.089	0.089	0.088	0.088	0.089	0.088	0.089	0.088	0.087	0.799	0.089	0.090	0.090	0.089	0.089	0.087	0.087	0.089	0.089	0.090	0.087	0.843	0.088	0.089	0.089	0.090	0.088	0.087	0.089	0.089	0.089	0.090	0.089	0.828	0.088	0.088	0.089	0.088	0.089	0.089	0.088	0.089	0.089	0.089	0.089	0.838	0.088	0.088	0.089	0.089	0.090	0.089	0.088	0.089	0.089	0.087	0.092	0.793	0.088	0.088	0.089	0.089	0.089	0.087	0.088	0.089	0.089	0.089	0.088	
EGFP:479,520	25584	25487	25136	24763	25213	25217	24309	24715	24570	24721	24843	25105	56157	24925	24959	24845	24487	24307	23562	24371	24511	24704	24842	25645	43811	25013	25145	24929	24569	24642	23871	24414	24311	24632	24830	25127	52257	24773	24804	24434	24752	24826	23726	24518	24472	24820	24863	25130	50315	25248	24998	24859	24742	24698	23694	24539	24913	24607	24859	25496	49315	25037	24841	24754	24759	24854	23638	24456	24422	24719	24430	25270	47862	25058	24436	24867	24673	24559	23570	24509	24266	24486	24389	24946	50674	25608	25372	25419	25566	25337	24126	25005	25050	24563	25081	25093	
GFP/OD	291058	287016	284344	280760	286511	285260	274059	277697	276378	281240	283596	287572	65989	278803	280754	280734	277630	272806	264742	273831	274172	276951	279752	294094	51615	281045	281264	279473	277302	278441	270340	275242	276261	276143	283124	288154	65428	276793	276830	272094	276868	277385	271775	280206	275896	277940	275643	287529	59664	286259	281826	278376	273695	279389	271098	276652	279294	274939	276826	287117	59538	284835	281007	278135	281033	279887	265297	276339	273177	276499	275423	285214	57087	285724	277998	279719	276914	274096	265727	278511	273266	274815	280011	272039	63902	291000	287339	285928	286936	284366	275726	284148	282731	275370	281809	283857	

