

Actual Temperature:	30.0



Actual Temperature:	30.0

Results

Well	A1	A2	A3	A4	A5	A6	A7	A8	A9	A10	A11	A12	B1	B2	B3	B4	B5	B6	B7	B8	B9	B10	B11	B12	C1	C2	C3	C4	C5	C6	C7	C8	C9	C10	C11	C12	D1	D2	D3	D4	D5	D6	D7	D8	D9	D10	D11	D12	E1	E2	E3	E4	E5	E6	E7	E8	E9	E10	E11	E12	F1	F2	F3	F4	F5	F6	F7	F8	F9	F10	F11	F12	G1	G2	G3	G4	G5	G6	G7	G8	G9	G10	G11	G12	H1	H2	H3	H4	H5	H6	H7	H8	H9	H10	H11	H12	
OD:630	0.088	1.097	1.151	0.870	0.895	0.993	0.886	0.858	0.702	0.669	0.875	0.889	0.884	0.919	0.817	0.454	1.002	0.688	0.756	0.713	1.108	0.701	0.547	0.737	0.560	0.393	0.765	0.557	0.909	0.613	0.785	0.937	0.465	0.564	0.720	0.768	0.450	1.042	0.605	1.258	0.764	1.077	0.631	0.548	0.785	0.515	0.480	0.777	0.485	0.586	0.690	0.559	0.672	0.533	0.454	0.403	0.472	0.550	0.439	0.795	0.912	0.542	0.621	1.246	0.402	0.445	0.358	0.702	0.515	0.629	0.507	0.819	0.553	0.536	0.595	0.454	0.089	0.411	0.414	0.451	0.583	0.352	0.621	0.772	0.811	0.631	0.399	0.461	0.506	0.273	0.567	0.503	0.571	0.583	0.641	0.743	
EGFP:479,520	27813	159120	145695	191310	171691	219168	142660	170593	146622	159403	189627	258380	282254	179983	268998	161830	157386	183149	147939	134227	139913	152264	182579	292240	159459	166990	145111	145571	155030	146020	207880	162474	158465	180811	169712	245511	140711	135295	114974	105070	120857	113154	389902	165493	126499	149304	167572	227618	114956	150270	159699	143389	174603	155611	166828	173306	187778	172129	222371	272107	81803	132564	163986	95647	145321	149591	171145	136057	162257	189730	174191	272639	124322	183965	141628	169904	26595	241411	189206	218907	148937	209244	172046	241043	92722	193457	214223	191448	171524	209314	161361	220642	164015	228345	225667	293809	
GFP/OD	315340	145050	126526	219947	191919	220713	161089	198942	208893	238342	216692	290772	319111	195783	329291	356140	157103	266282	195764	188204	126241	217179	333721	396473	284545	425019	189638	261348	170456	238400	264748	173417	340932	320416	235809	319509	312969	129817	190197	83502	158169	105015	617618	302105	161207	289798	349108	292869	237072	256565	231548	256556	259633	292118	367139	429933	397835	312734	506194	342273	89677	244718	264153	76739	361405	336235	478059	193869	314818	301829	343301	333096	224814	343346	238190	373908	299493	587518	457240	485489	255467	594274	277225	312070	114387	306394	536496	415649	338846	766999	284487	438827	287041	392009	352164	395383	

