

Actual Temperature:	26.8



Actual Temperature:	28.2

Results

Well	A1	A2	A3	A4	A5	A6	A7	A8	A9	A10	A11	A12	B1	B2	B3	B4	B5	B6	B7	B8	B9	B10	B11	B12	C1	C2	C3	C4	C5	C6	C7	C8	C9	C10	C11	C12	D1	D2	D3	D4	D5	D6	D7	D8	D9	D10	D11	D12	E1	E2	E3	E4	E5	E6	E7	E8	E9	E10	E11	E12	F1	F2	F3	F4	F5	F6	F7	F8	F9	F10	F11	F12	G1	G2	G3	G4	G5	G6	G7	G8	G9	G10	G11	G12	H1	H2	H3	H4	H5	H6	H7	H8	H9	H10	H11	H12	
OD:630	0.089	1.362	0.843	0.955	0.750	0.970	0.888	0.976	1.133	0.621	0.471	0.784	1.243	0.769	0.783	0.644	0.724	0.688	0.719	0.768	0.848	0.871	0.852	1.032	1.229	0.653	0.658	0.730	0.710	0.689	0.688	0.800	0.656	0.773	0.824	0.508	1.280	0.730	0.698	0.699	0.769	0.711	0.754	0.765	0.670	0.847	0.657	0.590	1.270	0.906	0.750	0.727	0.727	0.749	0.832	0.784	0.771	0.697	0.602	0.401	1.161	0.805	0.763	0.694	0.750	0.755	0.823	0.741	0.488	0.562	0.548	0.404	1.119	0.740	0.770	0.523	0.324	1.098	0.550	0.686	0.341	0.401	0.404	0.624	0.825	0.638	0.434	0.584	0.597	0.686	0.625	0.498	0.608	0.654	0.608	0.862	
EGFP:479,520	28868	436823	317229	330051	326086	363492	312909	369977	356387	487186	354283	454266	149967	384263	272402	268148	257443	322187	274110	308514	287376	427338	335668	335205	155047	283372	239183	274748	258794	269531	264530	339083	424085	304854	437482	332723	234354	378655	248126	245463	243946	368818	272703	299098	399620	312402	287001	280800	165506	324202	275133	276389	282631	284300	340392	292849	311549	320018	394781	277913	125002	295972	312510	266523	315983	304719	485436	299861	321950	245431	281066	343752	120758	336473	309332	244315	310656	588178	247850	278734	278956	247085	268992	317956	92686	321195	291507	332208	330844	329476	323612	315974	312503	451620	383398	546555	
GFP/OD	325457	320792	376220	345676	434723	374580	352415	379036	314496	784519	751396	579717	120659	499887	348029	416250	355732	468023	381503	401554	338967	490911	394023	324717	126137	434087	363334	376573	364293	391248	384491	423960	646570	394582	530925	655095	183161	518919	355685	351163	317349	518585	361867	391080	596092	368790	436902	475932	130350	357878	366600	380439	389031	379674	409174	373580	404189	459268	656218	692704	107640	367439	409581	384039	421423	403762	589551	404725	659869	436710	512707	850240	107964	454878	401626	466784	959407	535486	450964	406259	818293	616480	665492	509463	112306	503204	670902	568849	554270	480146	517614	634231	513985	690550	630485	634055	

