

Actual Temperature:	30.0



Actual Temperature:	30.0

Results

Well	A1	A2	A3	A4	A5	A6	A7	A8	A9	A10	A11	A12	B1	B2	B3	B4	B5	B6	B7	B8	B9	B10	B11	B12	C1	C2	C3	C4	C5	C6	C7	C8	C9	C10	C11	C12	D1	D2	D3	D4	D5	D6	D7	D8	D9	D10	D11	D12	E1	E2	E3	E4	E5	E6	E7	E8	E9	E10	E11	E12	F1	F2	F3	F4	F5	F6	F7	F8	F9	F10	F11	F12	G1	G2	G3	G4	G5	G6	G7	G8	G9	G10	G11	G12	H1	H2	H3	H4	H5	H6	H7	H8	H9	H10	H11	H12	
OD:630	0.089	0.089	0.089	0.088	0.088	0.089	0.090	0.091	0.089	0.090	0.088	0.087	1.122	0.091	0.090	0.090	0.089	0.090	0.091	0.089	0.090	0.088	1.173	0.088	1.307	0.089	0.089	0.091	0.088	0.089	0.088	0.088	0.088	0.089	0.088	0.087	1.142	0.089	0.090	0.093	0.090	0.090	0.089	0.089	0.089	0.089	0.088	0.088	0.802	0.088	0.089	0.089	0.088	0.088	0.089	0.090	0.090	0.089	0.089	0.089	0.857	0.088	0.090	0.089	0.089	0.089	0.089	0.092	0.090	0.089	0.089	0.089	0.827	0.088	0.092	0.090	0.089	0.090	0.090	0.088	0.089	0.090	0.089	0.088	0.777	0.089	0.088	0.089	0.090	0.089	0.088	0.088	0.088	0.089	0.090	0.089	
EGFP:479,520	27005	26876	26232	26390	26209	26390	26420	26193	26596	26447	26657	27587	95749	26178	26099	26128	26027	26038	25749	25849	25866	25876	166119	26729	142343	26393	25935	26299	26017	25973	25854	25836	25982	25972	26057	26428	112270	26458	26153	25884	26043	25877	26078	26024	26041	25897	26113	27009	89414	26563	26304	26289	25894	25881	26220	26287	26080	26018	26029	26806	77211	26343	26297	26057	25927	25738	25831	26135	26287	25896	26083	26949	99067	26682	26380	26055	26076	26135	26200	26028	26266	26000	26182	26938	79780	27345	26606	26599	26553	26619	27077	26813	26743	26923	26920	27485	
GFP/OD	303768	300291	295405	298529	297154	296850	293230	288469	297494	292879	301209	315641	85315	288304	289025	291282	293097	290603	283267	289462	288040	292715	141667	305126	108942	295554	291404	287735	296321	290851	292136	291932	293914	292807	296777	302034	98293	295620	291236	276834	290334	287842	292027	293063	291286	292291	295062	306920	111447	301168	293899	296381	294250	294102	295270	293382	290423	291355	291478	300853	90084	298335	292189	292119	290661	287897	290236	283768	292403	290314	292083	304165	119849	302517	287051	290468	292989	291685	291435	294102	295788	289532	292864	305766	102690	308286	301655	297196	296350	297752	306648	304347	302181	303187	300446	308128	

