

Actual Temperature:	30.1



Actual Temperature:	30.0

Results

Well	A1	A2	A3	A4	A5	A6	A7	A8	A9	A10	A11	A12	B1	B2	B3	B4	B5	B6	B7	B8	B9	B10	B11	B12	C1	C2	C3	C4	C5	C6	C7	C8	C9	C10	C11	C12	D1	D2	D3	D4	D5	D6	D7	D8	D9	D10	D11	D12	E1	E2	E3	E4	E5	E6	E7	E8	E9	E10	E11	E12	F1	F2	F3	F4	F5	F6	F7	F8	F9	F10	F11	F12	G1	G2	G3	G4	G5	G6	G7	G8	G9	G10	G11	G12	H1	H2	H3	H4	H5	H6	H7	H8	H9	H10	H11	H12	
OD:630	0.090	0.089	0.090	0.092	0.089	0.090	0.090	0.091	0.089	0.088	0.089	0.098	0.847	0.092	0.090	0.089	0.089	0.089	0.090	0.089	0.090	0.090	0.089	0.104	0.818	0.089	0.089	0.088	0.088	0.089	0.088	0.089	0.088	0.090	0.089	0.091	0.793	0.090	0.090	0.094	0.090	0.090	0.089	0.088	0.089	0.090	0.090	0.090	0.817	0.089	0.089	0.089	0.092	0.088	0.088	0.089	0.090	0.090	0.093	0.092	0.819	0.091	0.089	0.090	0.090	0.093	0.297	0.090	0.090	0.515	0.090	0.090	0.822	0.089	0.089	0.090	0.089	0.090	0.089	0.089	0.089	0.090	0.090	0.089	0.832	0.089	0.090	0.089	0.090	0.090	0.088	0.089	0.090	0.092	0.094	0.091	
EGFP:479,520	25800	25884	25356	25198	25011	25264	24918	25006	25380	25370	25553	25759	75108	25227	25703	25507	25446	25137	25158	25007	25430	24957	25262	25167	62060	25263	25264	25122	25342	24899	25128	25136	25145	24857	25292	25014	64513	25325	25594	25150	25322	25161	25145	25015	25391	25050	24931	25387	60911	25518	25369	25067	25266	25031	25324	25281	25242	25235	25138	25096	63214	25154	25214	25077	24916	24741	94294	25324	25054	156699	25172	25308	67306	25193	25018	24957	24759	24956	24931	24830	25018	24844	25127	25254	64865	25567	24929	24910	24861	24987	24857	25297	24845	25261	25477	25676	
GFP/OD	285083	290831	282991	273891	281655	281650	275642	274490	284529	288295	288083	263654	88696	275404	286225	286918	285269	283074	280781	281294	281929	276685	283524	241526	75896	283854	284505	283864	287324	281027	285545	283702	286716	277422	285463	275485	81343	280144	284062	267838	279801	280189	282846	284585	285613	279264	277011	281452	74573	285436	284725	280391	274929	284767	286471	282469	281719	281013	271469	271602	77147	276722	282668	278633	276844	265461	317275	282004	279309	304093	280938	282140	81881	284345	281417	277300	277256	277289	279183	280248	280471	275738	277646	283117	77991	286305	278225	279574	277157	277018	282145	285519	275749	274278	269883	283400	

