

Actual Temperature:	30.0



Actual Temperature:	30.0

Results

Well	A1	A2	A3	A4	A5	A6	A7	A8	A9	A10	A11	A12	B1	B2	B3	B4	B5	B6	B7	B8	B9	B10	B11	B12	C1	C2	C3	C4	C5	C6	C7	C8	C9	C10	C11	C12	D1	D2	D3	D4	D5	D6	D7	D8	D9	D10	D11	D12	E1	E2	E3	E4	E5	E6	E7	E8	E9	E10	E11	E12	F1	F2	F3	F4	F5	F6	F7	F8	F9	F10	F11	F12	G1	G2	G3	G4	G5	G6	G7	G8	G9	G10	G11	G12	H1	H2	H3	H4	H5	H6	H7	H8	H9	H10	H11	H12	
OD:630	0.090	0.089	0.088	0.088	0.089	0.089	0.089	0.089	0.089	0.088	0.090	0.087	0.869	0.090	0.089	0.088	0.089	0.089	0.090	0.089	0.090	0.091	0.090	0.087	0.863	0.091	0.089	0.089	0.089	0.088	0.088	0.088	0.088	0.090	0.092	0.088	0.858	0.089	0.089	0.089	0.089	0.088	0.088	0.088	0.089	0.093	0.088	0.090	0.864	0.088	0.089	0.089	0.089	0.088	0.089	0.089	0.090	0.090	0.089	0.089	0.869	0.088	0.089	0.090	0.089	0.090	0.089	0.089	0.090	0.090	0.090	0.089	0.852	0.088	0.088	0.089	0.089	0.090	0.089	0.089	0.089	0.090	0.090	0.088	0.761	0.088	0.089	0.089	0.089	0.089	0.409	0.093	0.089	0.088	0.089	0.089	
EGFP:479,520	25779	26115	25851	25185	25283	25648	25714	25793	25834	25821	25806	26149	82055	26036	25883	25226	25412	25309	25697	25762	25483	25421	25680	26059	70182	26103	25673	25386	25364	25368	25435	25330	25356	25274	25518	25811	73505	25716	25550	25380	25569	25332	25641	25667	25394	25627	25592	26100	75521	25665	25671	25253	25125	25623	25593	25627	25578	25608	25845	25932	79229	25559	25166	25421	25283	25228	25467	25581	25965	25583	25345	25961	81007	25616	25659	25422	25231	25325	25522	25300	25177	25112	25175	25795	85535	26251	26176	25537	25228	25360	244672	25288	25593	25507	26276	25909	
GFP/OD	287712	293427	292432	284576	285039	287212	287629	289159	289944	293420	285149	298846	94446	290580	289843	285040	285528	284052	285840	288812	283144	280585	286288	297817	81314	287795	288137	285236	285309	287293	287401	286863	287157	282076	276468	294310	85700	287651	285794	283575	285687	286886	290057	291339	285647	274968	289175	290323	87409	290328	289414	284061	281355	291502	288209	287621	284833	285167	288771	291044	91173	290443	283401	283717	283760	281563	284547	288725	288821	284256	282868	292354	95112	291754	290918	284045	283494	282016	285162	285231	282570	279644	280971	291799	112398	297968	295440	286933	282192	283987	598074	271622	288209	288867	295236	291112	

