

Actual Temperature:	30.1



Actual Temperature:	30.0

Results

Well	A1	A2	A3	A4	A5	A6	A7	A8	A9	A10	A11	A12	B1	B2	B3	B4	B5	B6	B7	B8	B9	B10	B11	B12	C1	C2	C3	C4	C5	C6	C7	C8	C9	C10	C11	C12	D1	D2	D3	D4	D5	D6	D7	D8	D9	D10	D11	D12	E1	E2	E3	E4	E5	E6	E7	E8	E9	E10	E11	E12	F1	F2	F3	F4	F5	F6	F7	F8	F9	F10	F11	F12	G1	G2	G3	G4	G5	G6	G7	G8	G9	G10	G11	G12	H1	H2	H3	H4	H5	H6	H7	H8	H9	H10	H11	H12	
OD:630	0.096	0.089	0.089	0.088	0.088	0.089	0.092	0.090	0.089	0.089	0.088	0.089	0.842	0.089	0.089	0.088	0.088	0.088	0.090	0.088	0.089	0.089	0.088	0.087	0.833	0.089	0.089	0.089	0.088	0.089	0.089	0.088	0.088	0.089	0.088	0.089	0.828	0.089	0.089	0.089	0.088	0.088	0.088	0.088	0.088	0.089	0.088	0.088	0.806	0.088	0.089	0.088	0.088	0.087	0.088	0.088	0.089	0.089	0.089	0.089	0.800	0.088	0.089	0.088	0.088	0.089	0.089	0.088	0.090	0.089	0.089	0.089	0.808	0.088	0.088	0.089	0.089	0.089	0.089	0.088	0.088	0.089	0.089	0.088	0.798	0.112	0.089	0.089	0.090	0.090	0.089	0.087	0.088	0.089	0.091	0.088	
EGFP:479,520	25656	26275	26124	25711	25082	25634	25640	24011	25532	25640	25570	26419	55671	25366	25098	25228	24285	25068	25427	23584	25165	25219	25097	26148	56460	25341	25579	25066	24448	25316	24900	23439	25216	24770	25212	25338	57199	25248	25247	24953	24594	25041	25142	23507	25177	24917	25400	25300	56441	25423	25372	25020	24127	25197	24891	23366	25118	24988	24984	25166	56627	25256	25057	24918	24297	25039	24878	23419	24972	24943	24985	25066	54535	25344	24820	24884	23999	24746	24963	22919	24656	24691	25017	25404	62107	24915	25549	25002	24163	24730	24975	23227	24820	24953	25029	25780	
GFP/OD	266417	294893	293199	292170	285347	289323	279913	267681	286876	288739	288927	298183	66094	285332	282954	285062	276910	283254	281584	267696	281173	282408	283903	298834	67771	283774	287082	281640	279087	284449	280090	266352	287198	277380	287808	285338	69114	283685	283993	281319	277898	283269	287009	268039	285454	279652	289294	288813	70061	289886	286366	283673	274795	287966	282852	264921	281277	281080	281035	281814	70740	287654	280280	284128	274542	281971	279214	264921	278085	279630	279474	282275	67494	286373	281406	279910	268145	277111	281749	261036	279546	277116	280774	288354	77838	223053	285783	280291	269076	274473	281567	266060	280452	280686	275650	291629	

