

Actual Temperature:	30.0



Actual Temperature:	30.0

Results

Well	A1	A2	A3	A4	A5	A6	A7	A8	A9	A10	A11	A12	B1	B2	B3	B4	B5	B6	B7	B8	B9	B10	B11	B12	C1	C2	C3	C4	C5	C6	C7	C8	C9	C10	C11	C12	D1	D2	D3	D4	D5	D6	D7	D8	D9	D10	D11	D12	E1	E2	E3	E4	E5	E6	E7	E8	E9	E10	E11	E12	F1	F2	F3	F4	F5	F6	F7	F8	F9	F10	F11	F12	G1	G2	G3	G4	G5	G6	G7	G8	G9	G10	G11	G12	H1	H2	H3	H4	H5	H6	H7	H8	H9	H10	H11	H12	
OD:630	0.088	0.089	0.089	0.088	0.088	0.089	0.089	0.089	0.089	0.088	0.088	0.088	0.759	0.090	0.089	0.089	0.088	0.089	0.089	0.089	0.090	0.090	0.088	0.087	1.348	0.089	0.089	0.089	0.088	0.088	0.088	0.089	0.087	0.089	0.087	0.088	0.789	0.089	0.089	0.092	0.090	0.088	0.088	0.088	0.089	0.089	0.088	0.088	0.815	0.088	0.088	0.089	0.088	0.088	0.088	0.089	0.090	0.089	0.089	0.089	0.828	0.088	0.089	0.089	0.089	0.089	0.089	0.089	0.090	0.090	0.089	0.089	0.821	0.088	0.089	0.090	0.089	0.089	0.089	0.089	0.089	0.090	0.089	0.088	0.810	0.088	0.088	0.089	0.089	0.089	0.088	0.088	0.089	0.088	0.089	0.089	
EGFP:479,520	25137	24930	24933	25020	24803	25029	25059	25010	25405	25370	25102	25688	41386	25175	25048	25047	24811	24626	25217	24690	25007	24757	25147	25267	78901	25186	24960	24645	24854	24774	24867	24660	25158	24652	24577	25226	43833	25161	25144	24844	24955	24824	25024	25014	25008	25185	24966	25098	43114	25207	25028	25107	25069	25016	25068	25078	24775	24840	24901	25164	43465	25191	24810	24900	24923	25040	24843	24977	24845	25030	24664	24779	45988	24781	25107	24796	24459	24770	24698	24653	24702	24770	24626	25028	46530	25210	25294	24756	24577	24618	24777	24566	24753	24834	24640	25382	
GFP/OD	285973	280112	280146	283352	281532	281858	280302	280696	285129	287642	285575	292241	54520	279412	280179	281744	282264	275151	282069	276484	278785	275690	285437	288766	58541	283626	280135	276910	281472	281843	280983	278330	287849	277613	281201	287640	55562	281128	281253	270927	278516	281771	282757	283927	279732	281397	282421	285529	52907	286443	283122	282101	283266	284920	283896	281775	275891	277852	278223	281792	52519	286587	279078	278212	279093	280403	277886	281590	276363	277187	275575	279043	56028	280011	283055	276125	274820	276760	276264	277624	277863	274917	275459	283443	57437	285828	285808	278470	275836	275987	282198	279159	279064	281884	277790	286156	

