

Actual Temperature:	30.0



Actual Temperature:	30.0

Results

Well	A1	A2	A3	A4	A5	A6	A7	A8	A9	A10	A11	A12	B1	B2	B3	B4	B5	B6	B7	B8	B9	B10	B11	B12	C1	C2	C3	C4	C5	C6	C7	C8	C9	C10	C11	C12	D1	D2	D3	D4	D5	D6	D7	D8	D9	D10	D11	D12	E1	E2	E3	E4	E5	E6	E7	E8	E9	E10	E11	E12	F1	F2	F3	F4	F5	F6	F7	F8	F9	F10	F11	F12	G1	G2	G3	G4	G5	G6	G7	G8	G9	G10	G11	G12	H1	H2	H3	H4	H5	H6	H7	H8	H9	H10	H11	H12	
OD:630	0.088	0.090	0.089	0.088	0.088	0.089	0.091	0.090	0.089	0.089	0.088	0.086	0.836	0.090	0.090	0.088	0.088	0.089	0.089	0.089	0.090	0.088	0.088	0.087	0.856	0.091	0.090	0.090	0.088	0.088	0.089	0.089	0.089	0.089	0.088	0.088	0.859	0.089	0.090	0.089	0.089	0.089	0.088	0.089	0.089	0.088	0.089	0.088	0.837	0.088	0.089	0.088	0.088	0.089	0.088	0.089	0.089	0.089	0.090	0.092	0.841	0.088	0.090	0.088	0.089	0.089	0.088	0.089	0.090	0.089	0.090	0.087	0.817	0.088	0.624	0.089	0.547	0.090	0.089	0.088	0.089	0.089	0.089	0.087	0.797	0.089	0.091	0.089	0.089	0.102	0.088	0.088	0.088	0.089	0.090	0.090	
EGFP:479,520	26661	26569	26117	25565	25703	25777	26093	26100	26006	26202	26322	24052	82688	26277	25957	25537	26024	26170	25727	25854	25773	25730	25759	24253	70272	26077	25926	25692	26299	25920	25839	26220	26194	25998	26216	24305	77732	26186	26474	26051	26024	25868	25742	26091	26067	25789	25864	24162	74944	26367	25872	25958	25811	26158	25949	26098	26066	26197	26305	23831	69810	26259	26160	25874	26094	25870	25902	25603	25921	25657	25921	24351	81456	26215	177125	26183	184254	25996	26023	25869	25869	26111	25948	23931	78207	26543	25940	25968	26267	25423	25873	25825	26382	26189	26243	24510	
GFP/OD	301254	296529	292136	290182	292080	288980	287685	290323	291547	293415	298097	278380	98933	293270	289699	289207	295392	293057	287453	290168	286049	291393	293717	279412	82065	286560	289030	286741	297837	295553	288704	292961	294646	293100	298248	277138	90523	292908	295469	292379	292076	291306	290870	294481	291251	292392	291590	275822	89528	298607	290370	293311	291650	294241	293541	292907	292220	293688	291630	259314	83028	298737	290990	293356	293191	289374	292678	286067	288974	286991	289297	279897	99750	298576	283991	293861	336598	289488	291738	292636	291975	292724	290897	273810	98176	297567	284742	290795	294473	248271	293012	292800	298102	295587	291913	273244	

