

Actual Temperature:	30.0



Actual Temperature:	30.0

Results

Well	A1	A2	A3	A4	A5	A6	A7	A8	A9	A10	A11	A12	B1	B2	B3	B4	B5	B6	B7	B8	B9	B10	B11	B12	C1	C2	C3	C4	C5	C6	C7	C8	C9	C10	C11	C12	D1	D2	D3	D4	D5	D6	D7	D8	D9	D10	D11	D12	E1	E2	E3	E4	E5	E6	E7	E8	E9	E10	E11	E12	F1	F2	F3	F4	F5	F6	F7	F8	F9	F10	F11	F12	G1	G2	G3	G4	G5	G6	G7	G8	G9	G10	G11	G12	H1	H2	H3	H4	H5	H6	H7	H8	H9	H10	H11	H12	
OD:630	0.088	0.090	0.090	0.088	0.089	0.088	0.089	0.096	0.090	0.089	0.089	0.087	0.836	0.089	0.097	0.088	0.090	0.091	0.089	0.090	0.089	0.088	0.088	0.087	0.862	0.090	0.089	0.089	0.088	0.090	0.089	0.089	0.088	0.089	0.088	0.087	0.831	0.089	0.089	0.089	0.089	0.088	0.087	0.088	0.089	0.089	0.088	0.088	0.823	0.089	0.089	0.089	0.088	0.089	0.087	0.089	0.089	0.091	0.090	0.089	0.814	0.088	0.090	0.088	0.089	0.090	0.088	0.090	0.090	0.089	0.089	0.092	0.818	0.087	0.089	0.089	0.088	0.089	0.089	0.089	0.088	0.088	0.089	0.088	0.812	0.089	0.088	0.090	0.102	0.089	0.088	0.088	0.090	0.089	0.089	0.088	
EGFP:479,520	25927	25782	25597	25378	25437	25749	24998	24806	25070	25155	25499	26150	70949	25277	24945	25692	25189	25414	25320	24868	25044	24913	25145	26080	67191	25807	25613	25186	25145	25143	25048	25024	25431	25190	25432	25892	69992	25572	25515	25550	25265	25245	25518	25041	25246	25265	25237	25459	72624	25552	25145	25211	25422	25063	25146	25221	25105	25082	25101	25388	68097	25244	25408	25289	25353	25456	24998	25276	25399	25025	24917	25536	70895	25484	25222	25447	25411	25251	25193	25149	24921	25145	25247	25772	76863	26240	25668	25839	25211	25579	25255	24858	24988	25266	25429	26095	
GFP/OD	293292	287746	283466	287732	287099	292270	279933	259477	279799	281061	287475	299542	84888	283374	256900	291293	280814	280198	283539	276927	281393	283102	287043	298398	77975	287063	286820	281723	286064	278439	282390	282120	288007	283991	290320	296247	84277	287003	285084	287402	283876	285577	292302	284557	282710	284516	285164	287672	88286	288072	282211	284549	289544	282559	287712	283701	282079	276538	279833	285258	83698	285889	281062	288030	284226	283790	283103	281157	281898	280235	279026	278473	86637	291246	282758	285921	287130	283719	283067	283849	281912	285091	283674	291869	94682	295495	290362	288060	246201	286760	286663	281837	277029	282302	286363	295527	

