

Actual Temperature:	30.1



Actual Temperature:	30.0

Results

Well	A1	A2	A3	A4	A5	A6	A7	A8	A9	A10	A11	A12	B1	B2	B3	B4	B5	B6	B7	B8	B9	B10	B11	B12	C1	C2	C3	C4	C5	C6	C7	C8	C9	C10	C11	C12	D1	D2	D3	D4	D5	D6	D7	D8	D9	D10	D11	D12	E1	E2	E3	E4	E5	E6	E7	E8	E9	E10	E11	E12	F1	F2	F3	F4	F5	F6	F7	F8	F9	F10	F11	F12	G1	G2	G3	G4	G5	G6	G7	G8	G9	G10	G11	G12	H1	H2	H3	H4	H5	H6	H7	H8	H9	H10	H11	H12	
OD:630	0.088	0.090	0.090	0.088	0.088	0.088	0.089	0.089	0.089	0.088	0.088	0.087	0.905	0.115	0.095	0.089	0.090	0.089	0.091	0.089	0.089	0.089	0.087	0.087	0.956	0.090	0.089	0.090	0.088	0.088	0.089	0.088	0.087	0.089	0.088	0.088	0.780	0.090	0.089	0.089	0.089	0.088	0.098	0.089	0.089	0.090	0.088	0.088	0.814	0.093	0.090	0.090	0.089	0.089	0.091	0.089	0.089	0.089	0.089	0.089	0.834	0.090	0.094	0.089	0.089	0.091	0.089	0.089	0.090	0.090	0.090	0.089	0.821	0.089	0.088	0.090	0.091	0.088	0.090	0.088	0.093	0.097	0.089	0.088	0.845	0.088	0.088	0.089	0.089	0.089	0.088	0.088	0.088	0.088	0.089	0.089	
EGFP:479,520	25477	24884	24370	24693	24308	24617	24289	24334	24575	24801	24925	25435	56839	24832	24663	24872	24459	24548	24613	24469	24837	24876	24917	25579	56932	24710	24752	25027	24688	24652	24706	24740	24750	24905	24966	25044	53009	24802	24728	24771	24935	24849	24686	24798	24841	24940	24856	24999	52371	24934	24441	24681	24830	24843	24833	24745	24705	24568	24810	25607	52454	24950	24300	24890	24844	24657	24472	24741	24939	24822	24820	25227	55406	24962	24533	24661	24392	24708	24593	24868	24740	24463	24785	25288	52955	25128	24542	24441	24744	24667	24403	24138	24820	25019	25214	25597	
GFP/OD	289511	276489	271683	279333	276856	278473	273525	272803	275814	282150	281957	291352	62812	215743	259611	278210	272676	276130	268995	274933	277819	278879	284766	292666	59577	273039	277800	279319	278960	278869	277908	280499	283181	279204	284675	285890	67995	276808	279097	278639	280800	282696	251385	279887	279426	278348	282134	283435	64330	269266	271567	275151	280248	279135	273190	278034	277584	276045	279078	286432	62910	277531	259338	280609	279775	270956	274043	278301	276792	275494	276700	282181	67478	279843	277523	274316	266871	279502	272650	282912	265736	251677	278483	287364	62661	284575	277311	275236	278335	277782	277938	274608	280452	284630	282668	287930	

