

Actual Temperature:	30.0



Actual Temperature:	30.0

Results

Well	A1	A2	A3	A4	A5	A6	A7	A8	A9	A10	A11	A12	B1	B2	B3	B4	B5	B6	B7	B8	B9	B10	B11	B12	C1	C2	C3	C4	C5	C6	C7	C8	C9	C10	C11	C12	D1	D2	D3	D4	D5	D6	D7	D8	D9	D10	D11	D12	E1	E2	E3	E4	E5	E6	E7	E8	E9	E10	E11	E12	F1	F2	F3	F4	F5	F6	F7	F8	F9	F10	F11	F12	G1	G2	G3	G4	G5	G6	G7	G8	G9	G10	G11	G12	H1	H2	H3	H4	H5	H6	H7	H8	H9	H10	H11	H12	
OD:630	0.090	0.089	0.088	0.088	0.088	0.089	0.089	0.090	0.089	0.088	0.088	0.087	1.246	0.090	0.089	0.088	0.088	0.089	0.090	0.089	0.090	0.090	0.089	0.087	1.220	0.089	0.089	0.089	0.090	0.089	0.088	0.092	0.087	0.089	0.089	0.088	1.111	0.089	0.089	0.090	0.090	0.088	0.088	0.089	0.089	0.089	0.089	0.089	1.349	0.088	0.088	0.089	0.089	0.088	0.088	0.089	0.090	0.089	0.090	0.089	1.306	0.089	0.089	0.089	0.091	0.089	0.089	0.089	0.090	0.090	0.089	0.089	0.850	0.088	0.089	0.090	0.089	0.089	0.089	0.089	0.089	0.090	0.090	0.087	0.814	0.089	0.087	0.090	0.091	0.091	0.088	0.088	0.089	0.088	0.089	0.089	
EGFP:479,520	25198	25584	25328	25355	25255	25225	25004	25272	25599	25465	25570	25030	109144	25181	24684	24701	24757	24896	24774	25042	25210	24652	25159	24597	82497	25087	24850	24814	24948	25028	24691	24677	24705	24765	24952	24355	133347	25109	24988	24915	24835	24764	24855	24977	25012	24930	24987	24293	172698	24862	24638	24793	24906	24589	24755	24806	25022	24783	24820	24276	122219	25047	24745	24740	24717	24445	24862	24826	24786	24975	24835	24606	65665	24960	24918	24555	24862	24656	24805	24522	24671	24922	24975	24611	59670	25428	25584	24976	24620	24710	24813	24417	24745	25180	24968	24901	
GFP/OD	280289	286816	286516	287146	285367	284386	280000	282054	287306	289375	290899	287701	87631	281038	277348	279107	280692	278168	274352	280740	279181	274521	283962	282400	67620	281876	279213	278496	278127	281530	278994	268520	282666	278258	279731	278025	120078	280547	279821	278069	276867	281409	280847	280956	281034	278859	281385	273878	128048	281244	278395	277637	280789	280057	280669	279033	279263	276905	276700	272152	93590	281111	277722	276734	271914	274663	278098	279572	275400	278118	278419	277407	77262	282993	280924	272833	278098	275794	277461	276149	276581	275381	276885	281269	73287	285708	293394	278439	270847	271240	280373	277151	278974	286136	281488	280101	

