

Actual Temperature:	28.5



Actual Temperature:	29.7

Results

Well	A1	A2	A3	A4	A5	A6	A7	A8	A9	A10	A11	A12	B1	B2	B3	B4	B5	B6	B7	B8	B9	B10	B11	B12	C1	C2	C3	C4	C5	C6	C7	C8	C9	C10	C11	C12	D1	D2	D3	D4	D5	D6	D7	D8	D9	D10	D11	D12	E1	E2	E3	E4	E5	E6	E7	E8	E9	E10	E11	E12	F1	F2	F3	F4	F5	F6	F7	F8	F9	F10	F11	F12	G1	G2	G3	G4	G5	G6	G7	G8	G9	G10	G11	G12	H1	H2	H3	H4	H5	H6	H7	H8	H9	H10	H11	H12	
OD:630	0.087	0.964	0.949	0.947	0.934	0.954	0.950	0.947	0.955	1.003	0.998	1.063	0.931	0.937	0.911	0.919	0.915	0.920	0.904	0.907	0.924	0.954	0.943	1.008	1.075	1.034	1.048	1.033	1.009	0.952	0.928	0.926	0.946	0.936	0.951	0.985	1.081	1.086	1.120	1.079	1.021	1.012	1.006	0.956	0.938	0.930	0.973	0.973	0.976	0.925	0.988	0.948	0.932	0.942	0.986	0.950	0.956	0.936	0.933	1.023	1.042	0.951	0.994	1.068	0.982	1.029	1.049	0.973	0.972	0.939	0.943	0.989	0.989	0.920	0.940	0.961	0.959	0.948	0.940	0.962	0.954	0.957	0.960	0.817	0.966	1.030	1.004	0.988	1.001	0.960	0.947	0.959	0.965	0.941	0.872	0.530	
EGFP:479,520	5240	2097641	2026191	2034146	1996073	2086880	2048076	2052700	2083533	2246782	2269566	2500609	2043675	2015981	1936135	1952359	1979120	1982726	1924613	1925541	1993665	2102978	2104206	2217515	2528505	2372156	2397570	2288926	2218109	2062120	1984720	2011245	2067941	2069514	2094213	2166832	2583181	2488471	2615941	2470581	2236948	2234320	2233594	2077818	2100514	2069046	2271107	2174208	2226112	1985999	2173574	2044910	2029685	1991316	2118576	2017322	2126714	2048133	2038780	2337782	2436864	2098140	2214814	2559372	2231039	2381980	2415176	2227016	2280532	2145988	2159832	2315928	2248839	2010852	2031482	2135968	2096539	2143098	2119282	2168199	2169166	2169460	2211086	1929741	2288730	2353179	2260548	2246361	2273548	2162376	2108144	2159584	2178385	2073529	2053881	1191651	
GFP/OD	60438	2176428	2135755	2148897	2136894	2186588	2155416	2168040	2181025	2239392	2274114	2353071	2194668	2152446	2125752	2124439	2162264	2154200	2129703	2121808	2157179	2204611	2231159	2199261	2352535	2295043	2287103	2216448	2198542	2167231	2138246	2171502	2185984	2211255	2201191	2199383	2388517	2290566	2335870	2290757	2191797	2207390	2219831	2174587	2238638	2225020	2333889	2235000	2281554	2146330	2200642	2157533	2178709	2114597	2148004	2124391	2224596	2187242	2184017	2285222	2339090	2206710	2228632	2397089	2272165	2315074	2302580	2289520	2345261	2285884	2291113	2341450	2274771	2184521	2161151	2221727	2187084	2260413	2253836	2253845	2273997	2267412	2304415	2360828	2368550	2283531	2251318	2273875	2271731	2252475	2227070	2250974	2256692	2203772	2354828	2247550	

