

Actual Temperature:	30.0



Actual Temperature:	30.0

Results

Well	A1	A2	A3	A4	A5	A6	A7	A8	A9	A10	A11	A12	B1	B2	B3	B4	B5	B6	B7	B8	B9	B10	B11	B12	C1	C2	C3	C4	C5	C6	C7	C8	C9	C10	C11	C12	D1	D2	D3	D4	D5	D6	D7	D8	D9	D10	D11	D12	E1	E2	E3	E4	E5	E6	E7	E8	E9	E10	E11	E12	F1	F2	F3	F4	F5	F6	F7	F8	F9	F10	F11	F12	G1	G2	G3	G4	G5	G6	G7	G8	G9	G10	G11	G12	H1	H2	H3	H4	H5	H6	H7	H8	H9	H10	H11	H12	
OD:630	0.089	0.089	0.090	0.089	0.088	0.088	0.089	0.089	0.090	0.089	0.088	0.087	0.860	0.089	0.089	0.089	0.088	0.089	0.090	0.089	0.090	0.090	0.089	0.088	1.303	0.089	0.089	0.089	0.089	0.088	0.097	0.088	0.088	0.090	0.088	0.087	0.817	0.090	0.091	0.090	0.090	0.090	0.089	0.088	0.089	0.090	0.088	0.088	1.249	0.088	0.090	0.089	0.089	0.088	0.089	0.089	0.090	0.089	0.089	0.089	1.176	0.089	0.088	0.089	0.089	0.089	0.089	0.088	0.090	0.090	0.090	0.089	0.778	0.088	0.088	0.089	0.089	0.089	0.089	0.089	0.089	0.090	0.089	0.089	0.813	0.088	0.088	0.089	0.089	0.090	0.088	0.088	0.089	0.088	0.090	0.088	
EGFP:479,520	26000	25830	24776	25428	25474	25399	25666	25463	25309	25201	25569	25875	81540	25562	24443	25068	25214	25025	25290	25073	25340	25077	25382	25708	95220	25273	24947	25174	24932	25065	24688	25135	25113	25172	25229	25948	76199	25228	24723	24810	25079	25091	25398	25425	25166	25292	25303	26147	128086	25267	24537	25024	25179	25112	25140	25106	25126	25033	25353	26158	119658	25357	24726	24968	25025	25004	25209	25200	25242	25154	25263	25760	82026	25117	24612	25194	25279	24883	25172	25228	24932	24979	24978	25879	73041	26010	24927	25803	25690	25159	25248	25364	25321	25480	25994	25691	
GFP/OD	293123	289899	274374	285708	288167	287319	287735	285140	281837	284436	290887	296053	94858	285609	275259	280403	285549	280864	281626	282036	281243	279254	285833	293136	73072	282380	280619	281904	280766	283862	253731	284977	285375	279069	287674	296549	93255	280311	271086	276897	278966	278171	286014	289249	282447	281335	285910	297802	102518	285503	273545	280538	283547	284717	283427	281773	280111	279698	284545	294241	101724	286196	279706	278972	282449	280629	281980	285068	281719	280424	281953	289113	105378	285745	279364	282444	284034	278333	282197	284419	280450	278163	280337	290449	89886	294564	281661	290247	288328	280167	287563	287574	284826	289545	287544	290294	

