

Actual Temperature:	30.0



Actual Temperature:	30.0

Results

Well	A1	A2	A3	A4	A5	A6	A7	A8	A9	A10	A11	A12	B1	B2	B3	B4	B5	B6	B7	B8	B9	B10	B11	B12	C1	C2	C3	C4	C5	C6	C7	C8	C9	C10	C11	C12	D1	D2	D3	D4	D5	D6	D7	D8	D9	D10	D11	D12	E1	E2	E3	E4	E5	E6	E7	E8	E9	E10	E11	E12	F1	F2	F3	F4	F5	F6	F7	F8	F9	F10	F11	F12	G1	G2	G3	G4	G5	G6	G7	G8	G9	G10	G11	G12	H1	H2	H3	H4	H5	H6	H7	H8	H9	H10	H11	H12	
OD:630	0.088	0.089	0.089	0.089	0.088	0.089	0.089	0.090	0.091	0.088	0.088	0.092	0.935	0.093	0.090	0.089	0.089	0.089	0.090	0.089	0.090	0.090	0.089	0.087	1.223	0.090	0.090	0.090	0.089	0.089	0.089	0.089	0.088	0.089	0.088	0.087	0.897	0.090	0.090	0.090	0.090	0.088	0.089	0.090	0.090	0.090	0.088	0.090	1.336	0.089	0.089	0.090	0.090	0.088	0.089	0.089	0.090	0.090	0.089	0.090	1.104	0.092	0.089	0.090	0.093	0.089	0.090	0.089	0.090	0.090	0.089	0.089	0.828	0.088	0.088	0.090	0.090	0.090	0.090	0.090	0.089	0.093	0.090	0.088	0.755	0.088	0.088	0.091	0.089	0.090	0.088	0.101	0.089	0.091	0.089	0.090	
EGFP:479,520	26039	26085	25444	25349	25639	25651	25685	25929	25688	25974	26032	26176	30547	25475	25283	25403	25598	25298	25387	25180	25590	25354	25769	25959	32753	25407	25327	25160	25267	24928	25168	24919	25528	25278	25125	25708	29941	25334	25200	25100	25298	24894	25314	25238	25138	25508	25290	25687	48581	25235	25574	24985	25245	24972	25389	25209	25265	25338	24963	25904	34513	25256	25146	24952	25228	24870	25239	25148	25393	25091	25246	25604	31257	25283	25024	25291	25084	24927	25368	25089	24853	25062	25092	25605	33714	25336	25229	25450	25060	25115	25065	25261	25172	25174	25156	25817	
GFP/OD	294559	292433	287178	285462	289706	288538	287948	289386	282596	295159	295818	283290	32657	275108	280610	283832	287618	283610	283021	281971	284650	282969	288890	296674	26783	283244	282038	279245	283580	280405	283105	280619	288452	282436	286162	293806	33360	282430	280624	277655	280155	282565	284427	280734	280245	284688	286410	284148	36360	283858	287672	278540	281752	282809	286234	282296	281661	282475	279228	289107	31270	273926	281590	277862	269818	278188	281371	282880	281831	279410	283027	288658	37736	285684	282757	282266	279955	278203	282809	279077	278309	269484	279110	291961	44631	287256	285396	280905	280000	279989	284184	251353	282514	275126	282970	287175	

